567739625465077761
567768330624372736
567770722882580480
567845953245413376
567848544893169664
567873467401371648
568128753223794688
568272244792631296
568402562107498497
568438724708544514
568463707795095552
568552943005224961
568842944024875008
568861573479059456
569025555343007744
569208480793567233
569262631258705920
569370553963786241
569385784685363201
569621744295682048
569632519387099137
569652584761462784
569683397657767937
569685692038557696
569715552702345216
567739625465077761
567768330624372736
567770722882580480
567845953245413376
567848544893169664
567873467401371648
568128753223794688
568272244792631296
568402562107498497
568438724708544514
568463707795095552
568552943005224961
568842944024875008
568861573479059456
569025555343007744
569208480793567233
569262631258705920
569370553963786241
569385784685363201
569621744295682048
569632519387099137
569652584761462784
569683397657767937
569685692038557696
569715552702345216
567739625465077761
567768330624372736
567770722882580480
567845953245413376
567848544893169664
567873467401371648
568128753223794688
568272244792631296
568402562107498497
568438724708544514
568463707795095552
568552943005224961
568842944024875008
568861573479059456
569025555343007744
569208480793567233
569262631258705920
569370553963786241
569385784685363201
569621744295682048
569632519387099137
569652584761462784
569683397657767937
569685692038557696
569715552702345216
569925680168726529
569940834994401280
570061334898872321
570073507465469952
570074662086045696
570084200235335680
570085644015419393
570306529947193344
570306867878072320
567739625465077761
567768330624372736
567770722882580480
567845953245413376
567848544893169664
567873467401371648
568128753223794688
568272244792631296
568402562107498497
568438724708544514
568463707795095552
568552943005224961
568842944024875008
568861573479059456
569025555343007744
569208480793567233
569262631258705920
569370553963786241
569385784685363201
569621744295682048
569632519387099137
569652584761462784
569683397657767937
569685692038557696
569715552702345216
569925680168726529
569940834994401280
570061334898872321
570073507465469952
570074662086045696
570084200235335680
570085644015419393
570306529947193344
570306867878072320
567739625465077761
567768330624372736
567770722882580480
567845953245413376
567848544893169664
567873467401371648
568128753223794688
568272244792631296
568402562107498497
568438724708544514
568463707795095552
568552943005224961
568842944024875008
568861573479059456
569025555343007744
569208480793567233
569262631258705920
569370553963786241
569385784685363201
569621744295682048
569632519387099137
569652584761462784
569683397657767937
569685692038557696
569715552702345216
569925680168726529
569940834994401280
570061334898872321
570073507465469952
570074662086045696
570084200235335680
570085644015419393
570306529947193344
570306867878072320
567739625465077761
567768330624372736
567770722882580480
567845953245413376
567848544893169664
567873467401371648
568128753223794688
568272244792631296
568402562107498497
568438724708544514
568463707795095552
568552943005224961
568842944024875008
568861573479059456
569025555343007744
569208480793567233
569262631258705920
569370553963786241
569385784685363201
569621744295682048
569632519387099137
569652584761462784
569683397657767937
569685692038557696
569715552702345216
569925680168726529
569940834994401280
570061334898872321
570073507465469952
570074662086045696
570084200235335680
570085644015419393
570306529947193344
570306867878072320
567739625465077761
567768330624372736
567770722882580480
567845953245413376
567848544893169664
567873467401371648
568128753223794688
568272244792631296
568402562107498497
568438724708544514
568463707795095552
568552943005224961
568842944024875008
568861573479059456
569025555343007744
569208480793567233
569262631258705920
569370553963786241
569385784685363201
569621744295682048
569632519387099137
569652584761462784
569683397657767937
569685692038557696
569715552702345216
569925680168726529
569940834994401280
570061334898872321
570073507465469952
570074662086045696
570084200235335680
570085644015419393
570306529947193344
570306867878072320
567739625465077761
567768330624372736
567770722882580480
567845953245413376
567848544893169664
567873467401371648
568128753223794688
568272244792631296
568402562107498497
568438724708544514
568463707795095552
568552943005224961
568842944024875008
568861573479059456
569025555343007744
569208480793567233
569262631258705920
569370553963786241
569385784685363201
569621744295682048
569632519387099137
569652584761462784
569683397657767937
569685692038557696
569715552702345216
569925680168726529
569940834994401280
570061334898872321
570073507465469952
570074662086045696
570084200235335680
570085644015419393
570306529947193344
570306867878072320
