567767341090361344
567776832410636288
567808893464899584
568094760151486464
568128399035772928
568203438099529728
568204029517553665
568447937929289729
568487367536996354
568538872637816832
568626969983750145
568633911959363586
568772334632349696
568785393358905345
568793043664560128
568818695562260481
568828064152424448
568884344221081600
568946758404808704
568987434051989504
569022042349051905
569194348375613441
569238877178716161
569329707084353536
569332044909678592
569332471193595904
569348678911021056
569379367077355520
569477571726974976
569493813884030976
569515688898875393
569518200410546176
569587787680256001
569607719713288192
569608570066436096
569618527948115968
569645368075554818
569662471213948928
569674725623926784
569704597922557952
569709452594524160
569751096580812801
569758956941234176
567767341090361344
567776832410636288
567808893464899584
568094760151486464
568128399035772928
568203438099529728
568204029517553665
568447937929289729
568487367536996354
568538872637816832
568626969983750145
568633911959363586
568772334632349696
568785393358905345
568793043664560128
568818695562260481
568828064152424448
568884344221081600
568946758404808704
568987434051989504
569022042349051905
569194348375613441
569238877178716161
569329707084353536
569332044909678592
569332471193595904
569348678911021056
569379367077355520
569477571726974976
569493813884030976
569515688898875393
569518200410546176
569587787680256001
569607719713288192
569608570066436096
569618527948115968
569645368075554818
569662471213948928
569674725623926784
569704597922557952
569709452594524160
569751096580812801
569758956941234176
567767341090361344
567776832410636288
567808893464899584
568094760151486464
568128399035772928
568203438099529728
568204029517553665
568447937929289729
568487367536996354
568538872637816832
568626969983750145
568633911959363586
568772334632349696
568785393358905345
568793043664560128
568818695562260481
568828064152424448
568884344221081600
568946758404808704
568987434051989504
569022042349051905
569194348375613441
569238877178716161
569329707084353536
569332044909678592
569332471193595904
569348678911021056
569379367077355520
569477571726974976
569493813884030976
569515688898875393
569518200410546176
569587787680256001
569607719713288192
569608570066436096
569618527948115968
569645368075554818
569662471213948928
569674725623926784
569704597922557952
569709452594524160
569751096580812801
569758956941234176
569862271968669697
569933777931145216
569945018527428608
569964582606934016
569986783024431105
569995897234288640
570048310876119040
570076090917650432
570247551368241153
570275153860386816
