569621528951660545
569621528951660545
569838692220542976
569839559728439296
569839889564307458
569841047456460800
569621528951660545
569838692220542976
569839559728439296
569839889564307458
569841047456460800
569850867899170816
569850899310358531
569621528951660545
569838692220542976
569839559728439296
569839889564307458
569841047456460800
569850867899170816
569850899310358531
569621528951660545
569838692220542976
569839559728439296
569839889564307458
569841047456460800
569850867899170816
569850899310358531
569621528951660545
569838692220542976
569839559728439296
569839889564307458
569841047456460800
569850867899170816
569850899310358531
569621528951660545
569838692220542976
569839559728439296
569839889564307458
569841047456460800
569850867899170816
569850899310358531
569621528951660545
569838692220542976
569839559728439296
569839889564307458
569841047456460800
569850867899170816
569850899310358531
