567701830805618688
568094548141977600
568434307989159936
569269761240010752
569588667225927680
569696881330167808
569697298768203776
569699471954587648
567701830805618688
568094548141977600
568434307989159936
569269761240010752
569588667225927680
569696881330167808
569697298768203776
569699471954587648
567701830805618688
568094548141977600
568434307989159936
569269761240010752
569588667225927680
569696881330167808
569697298768203776
569699471954587648
569915643094396929
569915992303730689
567701830805618688
568094548141977600
568434307989159936
569269761240010752
569588667225927680
569696881330167808
569697298768203776
569699471954587648
569915643094396929
569915992303730689
567701830805618688
568094548141977600
568434307989159936
569269761240010752
569588667225927680
569696881330167808
569697298768203776
569699471954587648
569915643094396929
569915992303730689
567701830805618688
568094548141977600
568434307989159936
569269761240010752
569588667225927680
569696881330167808
569697298768203776
569699471954587648
569915643094396929
569915992303730689
567701830805618688
568094548141977600
568434307989159936
569269761240010752
569588667225927680
569696881330167808
569697298768203776
569699471954587648
569915643094396929
569915992303730689
567701830805618688
568094548141977600
568434307989159936
569269761240010752
569588667225927680
569696881330167808
569697298768203776
569699471954587648
569915643094396929
569915992303730689
