567879888490868736
568421732157161472
569138500626292736
569330686135537664
567879888490868736
568421732157161472
569138500626292736
569330686135537664
567879888490868736
568421732157161472
569138500626292736
569330686135537664
567879888490868736
568421732157161472
569138500626292736
569330686135537664
567879888490868736
568421732157161472
569138500626292736
569330686135537664
567879888490868736
568421732157161472
569138500626292736
569330686135537664
567879888490868736
568421732157161472
569138500626292736
569330686135537664
567879888490868736
568421732157161472
569138500626292736
569330686135537664
