567617081336950784
567617486703853568
567671602280923136
567679487383699456
567688325276770306
567692251954827265
567701830805618688
567702414157824000
567713868747902976
567719031634157568
567722330340986880
567723431513575424
567724266045837313
567727581873848320
567727883993358336
567728017196457987
567728057700876288
567728890206904320
567729135733465088
567729246198837248
567729700110602240
567729749087498240
567731546661326848
567731598871642112
567733511281721344
567733978363621376
567734644515536896
567734795849834497
567735943424397312
567736717352763394
567737803060940800
567738715657609216
567738743491411968
567744381432516608
567750589040181248
567755768037130241
567757851104641024
567758020239966208
567758927111401474
567759874403344384
567760060080599040
567760901869416448
567765664459669504
567765716527771648
567767439493300224
567767738886545408
567768306799882241
567768552644423680
567768830265401344
567769337256484864
567771225104338944
567771635139502080
567772246060433408
567778236026077185
567778703959408641
567779815227260928
567781582791278592
567781757274292224
567789749013086208
567789902633664512
567796247672721409
567796276100886528
567797894431117312
567797955202416641
567799968279560194
567801343861092352
567801569157324800
567802008292564992
567805714216792064
567807269707206657
567808893464899584
567809403668430849
567811407309185024
567812799767003136
567813839539159040
567819359255810048
567819711950635009
567820352329523200
567821288820203520
567822717665198080
567823707160354816
567830991491997696
567832821013848064
567836118181277696
567841818357964800
567847753277120512
567849102731526144
567855566590255105
567860325179072512
567861901603901440
567864793404555264
567866511626346496
567866673325285376
567874261085454338
567875974869680128
567888186967470080
567892966980870144
567895319951835137
567895584625020928
567900433542488064
567905194563997696
567905267033055233
567907813126582272
567910107163541504
567921825948250112
567925054853496832
567926839630557184
567930900731854848
567947943593926657
568004984937287680
568046797475553280
568054666216509441
568061283200839681
568066292114001921
568069392422051841
568069616003629057
568078627687890946
568079633998086144
568080078875324416
568081401053974528
568082817562898432
568087284483928064
568088650430468096
568095863731433473
568101444391276544
568101609894342656
568105220410105857
568107719737020417
568110568097374208
568111010856480768
568116088631791616
568129661227499524
568134503987851264
568140722240512001
568144357230026752
568145575452876800
568148251569999873
568150818572144640
568154805362950146
568155954484797442
568165573869199361
568177882620661760
568180768804978688
568185323668291584
568186047659507712
568189949415170048
568199579201605632
568208027775569920
568208666035417088
568214100578324480
568220131819720705
568220169803325440
568228614275260416
568237611208318976
568238793150611457
568244687477161984
568248102018285570
568250000028925952
568252192592769025
568255867751165952
568266994069295105
568287936820572160
568299749121654784
568299906466762752
568326927695491072
568373807414714369
568396913726382080
568397140977979392
568406334787457024
568434065067491328
568438257454682112
568440372206182400
568441968327573504
568449223730925571
568449323895275520
568472775729516544
568472920466411520
568473140654788609
568474825989054464
568475439460515840
568475947617411072
568495601471647745
568509134276050945
568510973469855745
568515696197439489
568518985056002049
568525567575744512
568542018760286209
568544491596083200
568545648284340224
568552943005224961
568558484653883392
568561041774231553
568561877699182592
568562631616942080
568563550475698177
568564342150598656
568573387817291776
568574614110117888
568578571129761794
568583014176960513
568598412544704512
568601527591440386
568604366690627584
568605539866976256
568611024837849088
568615445596471296
568621033273602048
568622478081306624
568625258351063040
568625636639506433
568625959835815936
568627869225766912
568639207846989824
568639461648502784
568643357108531200
568644260129419264
568722339833126912
568737248931397632
568745705864626176
568760152129720320
568761693997674496
568773648724525056
568773869512761345
568780228648144896
568784261064622080
568789267180331008
568791745925918721
568801561377439744
568802232004513792
568806618097455104
568807083270762497
568808397660774401
568809510644527104
568810180269494272
568813649336381440
568821402389893120
568823143789416449
568823603627565056
568823817679847425
568828240502128640
568845539405656064
568846033997803520
568850531642253312
568858696198938624
568873612524032000
568880030123745280
568882359409340416
568883988338581504
568884473040752641
568884675021635584
568887349481861120
568890203923980288
568894423507058688
568894795294363648
568903193930764288
568909200832618496
568912677994696706
568916213130096640
568916345506566145
568924781837455360
568925579933671424
568927281747505152
568928817651167232
568931215149039617
568935475815292928
568935494375108608
568940291530493952
568942578026086401
568943214130040832
568944928266412032
568955124300820480
568957173692108800
568966330315091968
568968761954443264
568969274410168321
568969667106045952
568970172062691328
568975398236659712
568981498046623744
568995213529759745
569000361735761920
569005006902468608
569011185439285248
569016660927123456
569017837576069120
569017927803932672
569018352464588800
569021768788090881
569026124484706304
569030219438239744
569030463760650241
569108474233270273
569121422817112065
569126921096859648
569127429702348800
569140808227672064
569145957721505792
569146045306793984
569151206028931072
569152201278525440
569152792314687488
569153249917452288
569153841083625473
569164415322492928
569165378359656448
569168436280098816
569168473194041344
569168865256546304
569172396680175616
569172570932690947
569180531742486528
569181243385909249
569184788784918528
569188938012880896
569197579956842496
569198480226439168
569207193377107968
569211645710495745
569219656482824192
569221317486116864
569227342675116033
569229441739522048
569237713016229888
569238014418944000
569239823820705793
569241467916566530
569242876909109248
569244182155534336
569246231500685314
569247394002563072
569248904866336768
569249783216537601
569250912784519168
569252529596297217
569253414971899905
569257540023951360
569264736455536641
569264951401054208
569269761240010752
569275466936397825
569276042491211777
569281033365037056
569286897404669953
569289836995190784
569296356143050754
569298712247312384
569302599591022592
569310448300003328
569310885191286784
569313126342123520
569314329276715010
569318653792948226
569326785353129984
569328005677494272
569329378061979648
569331021163814912
569336095411965952
569337916125798401
569337969233887232
569338492515278848
569339181136113664
569341769114128386
569342888615620609
569343781092401152
569346721173655552
569347372595212289
569352847898386432
569355332113309696
569355826248474624
569356513061556225
569357127040540673
569357810867138560
569358646892748801
569361107745263617
569364328857640961
569365709500710912
569366337929105408
569366960871333889
569368160291463168
569368621077692417
569372333267394560
569372340309651457
569373258010660864
569381811278770176
569392511732588544
569392880911036416
569398722884280320
569414739694104576
569419080479875072
569421478460063745
569429468781150208
569435327544369153
569437674257276930
569456828511326208
569463202817417216
569472446954389504
569478023839416320
569479404428120064
569483821080453121
569485322431696896
569488002361249792
569491425110466560
569491817600655360
569493018081947649
569496793668591617
569496936157487104
569500787849728001
569506137013420032
569508406551322624
569508469088387072
569510667612504065
569512132494159872
569513049507246081
569514001450672128
569514168576974848
569516852805808129
569517360828145664
569521081125629953
569527176350969856
569529020892651521
569531768321269760
569534268130660352
569534372954681344
569534882952716288
569538171509350400
569540173408698369
569540460810620928
569541591586643968
569544528299995137
569544732780556288
569546858122616833
569551779752386560
569552378812194816
569553488885243904
569554727572099072
569554815539290112
569554826616381440
569557216480665600
569557756597776384
569558065516822528
569558114447560706
569558286216929280
569559136540561408
569561425955332097
569564016906891264
569564610837086209
569564666013163520
569565393502793728
569566880006086656
569576214047760385
569578942543372288
569579153604743171
569582862472577024
569585355319599104
569586660909973504
569587140490866689
569590965880532993
569591136534319105
569591653121597440
569594123222585344
569595399557685248
569598155999674368
569598588378087426
569599260288819201
569599532268449792
569602860020850688
569603523954016256
569605521050898433
569605928636407808
569606005618638848
569606467646578688
569606513859305473
569608328998887424
569609887388270592
569610759795314688
569611721054162945
569612028492570624
569613523648532480
569614672061575168
569615636869062659
569616424995409921
569616573905936384
569617332907212800
569618972535959552
569619246520479745
569620440613826561
569620910019182592
569621852718411776
569624406437306370
569624865558245376
569625419097313282
569626174617485313
569626388610859008
569626787875053568
569628323443318785
569628503550906368
569631377865515008
569631567032627200
569632379326869504
569633643821441024
569634729324122112
569638381375909889
569638585571221504
569639305016152066
569640193931612160
569640446999203842
569641259826061312
569645048696053761
569645505950695424
569646184005894144
569648102669471744
569648713980715010
569649222963871744
569650182331084801
569650547562811393
569651226280751105
569652584761462784
569654178789724160
569654319391354880
569654332246904832
569654471342600193
569654562031685632
569655584540266496
569657523944366080
569658322732756992
569659364530728961
569660864653099009
569663875836219392
569665707870285824
569665738165891073
569666686086819840
569669129130647552
569669603443519490
569673582609088512
569674725623926784
569677636613439488
569678397158268929
569679759250038784
569682010270101504
569682228269068288
569683974748033026
569684282706259968
569685259412836354
569685606202093570
569688392553799680
569688901922615296
569689324595376128
569691079471050752
569691100090273792
569691521454223361
569691574625415168
569692788968845312
569693042040418304
569695412740714496
569697267856187392
569698811708370944
569699171868938241
569699965527666688
569703802783145984
569704700490219523
569709246150893568
569710072491745280
569713719124602880
569713890138963968
569716270184173568
569716857869107200
569717632993263616
569718484151750656
569719540520628224
569719741906075648
569721039158173697
569721150156230657
569723119415513088
569723892358467584
569724682695368705
569724918016839681
569727743450984448
569728283568418816
569730861593010176
569740392372895745
569741366642618368
569741854565998593
569742305499828224
569745801121009664
569746288499138560
569747702981853185
569751515461603328
569753041420865536
569754550187352064
569756967935148032
569766140332937216
569766964895166465
569769214388473857
569774273851568128
569784699117137920
569786457998680064
569790297875599361
569798946740166656
569805521638662144
569811013786312704
569816394180788224
569817817522044928
567617081336950784
567617486703853568
567671602280923136
567679487383699456
567688325276770306
567692251954827265
567701830805618688
567702414157824000
567713868747902976
567719031634157568
567722330340986880
567723431513575424
567724266045837313
567727581873848320
567727883993358336
567728017196457987
567728057700876288
567728890206904320
567729135733465088
567729246198837248
567729700110602240
567729749087498240
567731546661326848
567731598871642112
567733511281721344
567733978363621376
567734644515536896
567734795849834497
567735943424397312
567736717352763394
567737803060940800
567738715657609216
567738743491411968
567744381432516608
567750589040181248
567755768037130241
567757851104641024
567758020239966208
567758927111401474
567759874403344384
567760060080599040
567760901869416448
567765664459669504
567765716527771648
567767439493300224
567767738886545408
567768306799882241
567768552644423680
567768830265401344
567769337256484864
567771225104338944
567771635139502080
567772246060433408
567778236026077185
567778703959408641
567779815227260928
567781582791278592
567781757274292224
567789749013086208
567789902633664512
567796247672721409
567796276100886528
567797894431117312
567797955202416641
567799968279560194
567801343861092352
567801569157324800
567802008292564992
567805714216792064
567807269707206657
567808893464899584
567809403668430849
567811407309185024
567812799767003136
567813839539159040
567819359255810048
567819711950635009
567820352329523200
567821288820203520
567822717665198080
567823707160354816
567830991491997696
567832821013848064
567836118181277696
567841818357964800
567847753277120512
567849102731526144
567855566590255105
567860325179072512
567861901603901440
567864793404555264
567866511626346496
567866673325285376
567874261085454338
567875974869680128
567888186967470080
567892966980870144
567895319951835137
567895584625020928
567900433542488064
567905194563997696
567905267033055233
567907813126582272
567910107163541504
567921825948250112
567925054853496832
567926839630557184
567930900731854848
567947943593926657
568004984937287680
568046797475553280
568054666216509441
568061283200839681
568066292114001921
568069392422051841
568069616003629057
568078627687890946
568079633998086144
568080078875324416
568081401053974528
568082817562898432
568087284483928064
568088650430468096
568095863731433473
568101444391276544
568101609894342656
568105220410105857
568107719737020417
568110568097374208
568111010856480768
568116088631791616
568129661227499524
568134503987851264
568140722240512001
568144357230026752
568145575452876800
568148251569999873
568150818572144640
568154805362950146
568155954484797442
568165573869199361
568177882620661760
568180768804978688
568185323668291584
568186047659507712
568189949415170048
568199579201605632
568208027775569920
568208666035417088
568214100578324480
568220131819720705
568220169803325440
568228614275260416
568237611208318976
568238793150611457
568244687477161984
568248102018285570
568250000028925952
568252192592769025
568255867751165952
568266994069295105
568287936820572160
568299749121654784
568299906466762752
568326927695491072
568373807414714369
568396913726382080
568397140977979392
568406334787457024
568434065067491328
568438257454682112
568440372206182400
568441968327573504
568449223730925571
568449323895275520
568472775729516544
568472920466411520
568473140654788609
568474825989054464
568475439460515840
568475947617411072
568495601471647745
568509134276050945
568510973469855745
568515696197439489
568518985056002049
568525567575744512
568542018760286209
568544491596083200
568545648284340224
568552943005224961
568558484653883392
568561041774231553
568561877699182592
568562631616942080
568563550475698177
568564342150598656
568573387817291776
568574614110117888
568578571129761794
568583014176960513
568598412544704512
568601527591440386
568604366690627584
568605539866976256
568611024837849088
568615445596471296
568621033273602048
568622478081306624
568625258351063040
568625636639506433
568625959835815936
568627869225766912
568639207846989824
568639461648502784
568643357108531200
568644260129419264
568722339833126912
568737248931397632
568745705864626176
568760152129720320
568761693997674496
568773648724525056
568773869512761345
568780228648144896
568784261064622080
568789267180331008
568791745925918721
568801561377439744
568802232004513792
568806618097455104
568807083270762497
568808397660774401
568809510644527104
568810180269494272
568813649336381440
568821402389893120
568823143789416449
568823603627565056
568823817679847425
568828240502128640
568845539405656064
568846033997803520
568850531642253312
568858696198938624
568873612524032000
568880030123745280
568882359409340416
568883988338581504
568884473040752641
568884675021635584
568887349481861120
568890203923980288
568894423507058688
568894795294363648
568903193930764288
568909200832618496
568912677994696706
568916213130096640
568916345506566145
568924781837455360
568925579933671424
568927281747505152
568928817651167232
568931215149039617
568935475815292928
568935494375108608
568940291530493952
568942578026086401
568943214130040832
568944928266412032
568955124300820480
568957173692108800
568966330315091968
568968761954443264
568969274410168321
568969667106045952
568970172062691328
568975398236659712
568981498046623744
568995213529759745
569000361735761920
569005006902468608
569011185439285248
569016660927123456
569017837576069120
569017927803932672
569018352464588800
569021768788090881
569026124484706304
569030219438239744
569030463760650241
569108474233270273
569121422817112065
569126921096859648
569127429702348800
569140808227672064
569145957721505792
569146045306793984
569151206028931072
569152201278525440
569152792314687488
569153249917452288
569153841083625473
569164415322492928
569165378359656448
569168436280098816
569168473194041344
569168865256546304
569172396680175616
569172570932690947
569180531742486528
569181243385909249
569184788784918528
569188938012880896
569197579956842496
569198480226439168
569207193377107968
569211645710495745
569219656482824192
569221317486116864
569227342675116033
569229441739522048
569237713016229888
569238014418944000
569239823820705793
569241467916566530
569242876909109248
569244182155534336
569246231500685314
569247394002563072
569248904866336768
569249783216537601
569250912784519168
569252529596297217
569253414971899905
569257540023951360
569264736455536641
569264951401054208
569269761240010752
569275466936397825
569276042491211777
569281033365037056
569286897404669953
569289836995190784
569296356143050754
569298712247312384
569302599591022592
569310448300003328
569310885191286784
569313126342123520
569314329276715010
569318653792948226
569326785353129984
569328005677494272
569329378061979648
569331021163814912
569336095411965952
569337916125798401
569337969233887232
569338492515278848
569339181136113664
569341769114128386
569342888615620609
569343781092401152
569346721173655552
569347372595212289
569352847898386432
569355332113309696
569355826248474624
569356513061556225
569357127040540673
569357810867138560
569358646892748801
569361107745263617
569364328857640961
569365709500710912
569366337929105408
569366960871333889
569368160291463168
569368621077692417
569372333267394560
569372340309651457
569373258010660864
569381811278770176
569392511732588544
569392880911036416
569398722884280320
569414739694104576
569419080479875072
569421478460063745
569429468781150208
569435327544369153
569437674257276930
569456828511326208
569463202817417216
569472446954389504
569478023839416320
569479404428120064
569483821080453121
569485322431696896
569488002361249792
569491425110466560
569491817600655360
569493018081947649
569496793668591617
569496936157487104
569500787849728001
569506137013420032
569508406551322624
569508469088387072
569510667612504065
569512132494159872
569513049507246081
569514001450672128
569514168576974848
569516852805808129
569517360828145664
569521081125629953
569527176350969856
569529020892651521
569531768321269760
569534268130660352
569534372954681344
569534882952716288
569538171509350400
569540173408698369
569540460810620928
569541591586643968
569544528299995137
569544732780556288
569546858122616833
569551779752386560
569552378812194816
569553488885243904
569554727572099072
569554815539290112
569554826616381440
569557216480665600
569557756597776384
569558065516822528
569558114447560706
569558286216929280
569559136540561408
569561425955332097
569564016906891264
569564610837086209
569564666013163520
569565393502793728
569566880006086656
569576214047760385
569578942543372288
569579153604743171
569582862472577024
569585355319599104
569586660909973504
569587140490866689
569590965880532993
569591136534319105
569591653121597440
569594123222585344
569595399557685248
569598155999674368
569598588378087426
569599260288819201
569599532268449792
569602860020850688
569603523954016256
569605521050898433
569605928636407808
569606005618638848
569606467646578688
569606513859305473
569608328998887424
569609887388270592
569610759795314688
569611721054162945
569612028492570624
569613523648532480
569614672061575168
569615636869062659
569616424995409921
569616573905936384
569617332907212800
569618972535959552
569619246520479745
569620440613826561
569620910019182592
569621852718411776
569624406437306370
569624865558245376
569625419097313282
569626174617485313
569626388610859008
569626787875053568
569628323443318785
569628503550906368
569631377865515008
569631567032627200
569632379326869504
569633643821441024
569634729324122112
569638381375909889
569638585571221504
569639305016152066
569640193931612160
569640446999203842
569641259826061312
569645048696053761
569645505950695424
569646184005894144
569648102669471744
569648713980715010
569649222963871744
569650182331084801
569650547562811393
569651226280751105
569652584761462784
569654178789724160
569654319391354880
569654332246904832
569654471342600193
569654562031685632
569655584540266496
569657523944366080
569658322732756992
569659364530728961
569660864653099009
569663875836219392
569665707870285824
569665738165891073
569666686086819840
569669129130647552
569669603443519490
569673582609088512
569674725623926784
569677636613439488
569678397158268929
569679759250038784
569682010270101504
569682228269068288
569683974748033026
569684282706259968
569685259412836354
569685606202093570
569688392553799680
569688901922615296
569689324595376128
569691079471050752
569691100090273792
569691521454223361
569691574625415168
569692788968845312
569693042040418304
569695412740714496
569697267856187392
569698811708370944
569699171868938241
569699965527666688
569703802783145984
569704700490219523
569709246150893568
569710072491745280
569713719124602880
569713890138963968
569716270184173568
569716857869107200
569717632993263616
569718484151750656
569719540520628224
569719741906075648
569721039158173697
569721150156230657
569723119415513088
569723892358467584
569724682695368705
569724918016839681
569727743450984448
569728283568418816
569730861593010176
569740392372895745
569741366642618368
569741854565998593
569742305499828224
569745801121009664
569746288499138560
569747702981853185
569751515461603328
569753041420865536
569754550187352064
569756967935148032
569766140332937216
569766964895166465
569769214388473857
569774273851568128
569784699117137920
569786457998680064
569790297875599361
569798946740166656
569805521638662144
569811013786312704
569816394180788224
569817817522044928
569820790905970688
569834720424361985
569837191540551680
569837685428359168
569839419211034624
569841476240166912
569843331930263552
567617081336950784
567617486703853568
567671602280923136
567679487383699456
567688325276770306
567692251954827265
567701830805618688
567702414157824000
567713868747902976
567719031634157568
567722330340986880
567723431513575424
567724266045837313
567727581873848320
567727883993358336
567728017196457987
567728057700876288
567728890206904320
567729135733465088
567729246198837248
567729700110602240
567729749087498240
567731546661326848
567731598871642112
567733511281721344
567733978363621376
567734644515536896
567734795849834497
567735943424397312
567736717352763394
567737803060940800
567738715657609216
567738743491411968
567744381432516608
567750589040181248
567755768037130241
567757851104641024
567758020239966208
567758927111401474
567759874403344384
567760060080599040
567760901869416448
567765664459669504
567765716527771648
567767439493300224
567767738886545408
567768306799882241
567768552644423680
567768830265401344
567769337256484864
567771225104338944
567771635139502080
567772246060433408
567778236026077185
567778703959408641
567779815227260928
567781582791278592
567781757274292224
567789749013086208
567789902633664512
567796247672721409
567796276100886528
567797894431117312
567797955202416641
567799968279560194
567801343861092352
567801569157324800
567802008292564992
567805714216792064
567807269707206657
567808893464899584
567809403668430849
567811407309185024
567812799767003136
567813839539159040
567819359255810048
567819711950635009
567820352329523200
567821288820203520
567822717665198080
567823707160354816
567830991491997696
567832821013848064
567836118181277696
567841818357964800
567847753277120512
567849102731526144
567855566590255105
567860325179072512
567861901603901440
567864793404555264
567866511626346496
567866673325285376
567874261085454338
567875974869680128
567888186967470080
567892966980870144
567895319951835137
567895584625020928
567900433542488064
567905194563997696
567905267033055233
567907813126582272
567910107163541504
567921825948250112
567925054853496832
567926839630557184
567930900731854848
567947943593926657
568004984937287680
568046797475553280
568054666216509441
568061283200839681
568066292114001921
568069392422051841
568069616003629057
568078627687890946
568079633998086144
568080078875324416
568081401053974528
568082817562898432
568087284483928064
568088650430468096
568095863731433473
568101444391276544
568101609894342656
568105220410105857
568107719737020417
568110568097374208
568111010856480768
568116088631791616
568129661227499524
568134503987851264
568140722240512001
568144357230026752
568145575452876800
568148251569999873
568150818572144640
568154805362950146
568155954484797442
568165573869199361
568177882620661760
568180768804978688
568185323668291584
568186047659507712
568189949415170048
568199579201605632
568208027775569920
568208666035417088
568214100578324480
568220131819720705
568220169803325440
568228614275260416
568237611208318976
568238793150611457
568244687477161984
568248102018285570
568250000028925952
568252192592769025
568255867751165952
568266994069295105
568287936820572160
568299749121654784
568299906466762752
568326927695491072
568373807414714369
568396913726382080
568397140977979392
568406334787457024
568434065067491328
568438257454682112
568440372206182400
568441968327573504
568449223730925571
568449323895275520
568472775729516544
568472920466411520
568473140654788609
568474825989054464
568475439460515840
568475947617411072
568495601471647745
568509134276050945
568510973469855745
568515696197439489
568518985056002049
568525567575744512
568542018760286209
568544491596083200
568545648284340224
568552943005224961
568558484653883392
568561041774231553
568561877699182592
568562631616942080
568563550475698177
568564342150598656
568573387817291776
568574614110117888
568578571129761794
568583014176960513
568598412544704512
568601527591440386
568604366690627584
568605539866976256
568611024837849088
568615445596471296
568621033273602048
568622478081306624
568625258351063040
568625636639506433
568625959835815936
568627869225766912
568639207846989824
568639461648502784
568643357108531200
568644260129419264
568722339833126912
568737248931397632
568745705864626176
568760152129720320
568761693997674496
568773648724525056
568773869512761345
568780228648144896
568784261064622080
568789267180331008
568791745925918721
568801561377439744
568802232004513792
568806618097455104
568807083270762497
568808397660774401
568809510644527104
568810180269494272
568813649336381440
568821402389893120
568823143789416449
568823603627565056
568823817679847425
568828240502128640
568845539405656064
568846033997803520
568850531642253312
568858696198938624
568873612524032000
568880030123745280
568882359409340416
568883988338581504
568884473040752641
568884675021635584
568887349481861120
568890203923980288
568894423507058688
568894795294363648
568903193930764288
568909200832618496
568912677994696706
568916213130096640
568916345506566145
568924781837455360
568925579933671424
568927281747505152
568928817651167232
568931215149039617
568935475815292928
568935494375108608
568940291530493952
568942578026086401
568943214130040832
568944928266412032
568955124300820480
568957173692108800
568966330315091968
568968761954443264
568969274410168321
568969667106045952
568970172062691328
568975398236659712
568981498046623744
568995213529759745
569000361735761920
569005006902468608
569011185439285248
569016660927123456
569017837576069120
569017927803932672
569018352464588800
569021768788090881
569026124484706304
569030219438239744
569030463760650241
569108474233270273
569121422817112065
569126921096859648
569127429702348800
569140808227672064
569145957721505792
569146045306793984
569151206028931072
569152201278525440
569152792314687488
569153249917452288
569153841083625473
569164415322492928
569165378359656448
569168436280098816
569168473194041344
569168865256546304
569172396680175616
569172570932690947
569180531742486528
569181243385909249
569184788784918528
569188938012880896
569197579956842496
569198480226439168
569207193377107968
569211645710495745
569219656482824192
569221317486116864
569227342675116033
569229441739522048
569237713016229888
569238014418944000
569239823820705793
569241467916566530
569242876909109248
569244182155534336
569246231500685314
569247394002563072
569248904866336768
569249783216537601
569250912784519168
569252529596297217
569253414971899905
569257540023951360
569264736455536641
569264951401054208
569269761240010752
569275466936397825
569276042491211777
569281033365037056
569286897404669953
569289836995190784
569296356143050754
569298712247312384
569302599591022592
569310448300003328
569310885191286784
569313126342123520
569314329276715010
569318653792948226
569326785353129984
569328005677494272
569329378061979648
569331021163814912
569336095411965952
569337916125798401
569337969233887232
569338492515278848
569339181136113664
569341769114128386
569342888615620609
569343781092401152
569346721173655552
569347372595212289
569352847898386432
569355332113309696
569355826248474624
569356513061556225
569357127040540673
569357810867138560
569358646892748801
569361107745263617
569364328857640961
569365709500710912
569366337929105408
569366960871333889
569368160291463168
569368621077692417
569372333267394560
569372340309651457
569373258010660864
569381811278770176
569392511732588544
569392880911036416
569398722884280320
569414739694104576
569419080479875072
569421478460063745
569429468781150208
569435327544369153
569437674257276930
569456828511326208
569463202817417216
569472446954389504
569478023839416320
569479404428120064
569483821080453121
569485322431696896
569488002361249792
569491425110466560
569491817600655360
569493018081947649
569496793668591617
569496936157487104
569500787849728001
569506137013420032
569508406551322624
569508469088387072
569510667612504065
569512132494159872
569513049507246081
569514001450672128
569514168576974848
569516852805808129
569517360828145664
569521081125629953
569527176350969856
569529020892651521
569531768321269760
569534268130660352
569534372954681344
569534882952716288
569538171509350400
569540173408698369
569540460810620928
569541591586643968
569544528299995137
569544732780556288
569546858122616833
569551779752386560
569552378812194816
569553488885243904
569554727572099072
569554815539290112
569554826616381440
569557216480665600
569557756597776384
569558065516822528
569558114447560706
569558286216929280
569559136540561408
569561425955332097
569564016906891264
569564610837086209
569564666013163520
569565393502793728
569566880006086656
569576214047760385
569578942543372288
569579153604743171
569582862472577024
569585355319599104
569586660909973504
569587140490866689
569590965880532993
569591136534319105
569591653121597440
569594123222585344
569595399557685248
569598155999674368
569598588378087426
569599260288819201
569599532268449792
569602860020850688
569603523954016256
569605521050898433
569605928636407808
569606005618638848
569606467646578688
569606513859305473
569608328998887424
569609887388270592
569610759795314688
569611721054162945
569612028492570624
569613523648532480
569614672061575168
569615636869062659
569616424995409921
569616573905936384
569617332907212800
569618972535959552
569619246520479745
569620440613826561
569620910019182592
569621852718411776
569624406437306370
569624865558245376
569625419097313282
569626174617485313
569626388610859008
569626787875053568
569628323443318785
569628503550906368
569631377865515008
569631567032627200
569632379326869504
569633643821441024
569634729324122112
569638381375909889
569638585571221504
569639305016152066
569640193931612160
569640446999203842
569641259826061312
569645048696053761
569645505950695424
569646184005894144
569648102669471744
569648713980715010
569649222963871744
569650182331084801
569650547562811393
569651226280751105
569652584761462784
569654178789724160
569654319391354880
569654332246904832
569654471342600193
569654562031685632
569655584540266496
569657523944366080
569658322732756992
569659364530728961
569660864653099009
569663875836219392
569665707870285824
569665738165891073
569666686086819840
569669129130647552
569669603443519490
569673582609088512
569674725623926784
569677636613439488
569678397158268929
569679759250038784
569682010270101504
569682228269068288
569683974748033026
569684282706259968
569685259412836354
569685606202093570
569688392553799680
569688901922615296
569689324595376128
569691079471050752
569691100090273792
569691521454223361
569691574625415168
569692788968845312
569693042040418304
569695412740714496
569697267856187392
569698811708370944
569699171868938241
569699965527666688
569703802783145984
569704700490219523
569709246150893568
569710072491745280
569713719124602880
569713890138963968
569716270184173568
569716857869107200
569717632993263616
569718484151750656
569719540520628224
569719741906075648
569721039158173697
569721150156230657
569723119415513088
569723892358467584
569724682695368705
569724918016839681
569727743450984448
569728283568418816
569730861593010176
569740392372895745
569741366642618368
569741854565998593
569742305499828224
569745801121009664
569746288499138560
569747702981853185
569751515461603328
569753041420865536
569754550187352064
569756967935148032
569766140332937216
569766964895166465
569769214388473857
569774273851568128
569784699117137920
569786457998680064
569790297875599361
569798946740166656
569805521638662144
569811013786312704
569816394180788224
569817817522044928
569820790905970688
569834720424361985
569837191540551680
569837685428359168
569839419211034624
569841476240166912
569843331930263552
569850239789568000
569850912451072000
569857446371438592
569860904814301184
569863194929471488
569863871030292481
569865637666930688
569866461172387841
569868201720287232
569878990841901056
569880100218544128
569880508181696513
569881035682521088
569881270987186176
569881548515708928
569883910735159297
569890859526823936
569892876642955264
569893140066213888
569894088209596416
569897733466628097
569898995327377408
569901094945611776
569901679975522304
569902743135117314
569903253183455233
569905298481274880
569905336380989440
569907336485019648
569908990118723584
569911344658386944
569911713459408896
569918484726964224
569919319821434880
569919787888988160
569920618843521024
569924309902356480
569925940224139264
569927843666366464
569929141962698752
569933357515026432
569935135895883776
569936251551232000
569936348217352194
569937638674829313
569939494465462272
569940199842525184
569940832691752960
569942482668167168
569947001456070656
569948241116016641
569949017674809344
569949655905263616
569951958552805376
569952285024915456
569956115724660736
569956192111316992
569957240960094209
569960440438099969
569960904852312064
569961070519050240
569961410161192960
569966422744395776
569967632868188160
569968609440563201
569969374875881472
569969833254764544
569970626057801728
569971756498329600
569972447329574912
569978537953902592
569981015378112512
569982307634794497
569985288992264192
569996412286582784
569996423074160640
569999614624927744
569999956796444674
570000520083075072
570003343222964224
570008661885526016
570008817414639616
570009008817500160
570015715530395648
570016304284901379
570016890996666368
570018532727103489
570019234505474049
570031379456643072
570042339575640066
570046710870728704
570053838499143680
570054495943720960
570054574389788672
570055898367799296
570056289419526145
570056907634798593
570056984986300418
570058262743101440
570058699676520448
570059874480091136
570060997907447810
570064554232688640
570064927550889984
570066283233972224
570066554848743424
570070483338731520
570078379421990912
570079041547472896
570081411715059712
570086891342733312
570087222663229440
570092599316389888
570101746590093312
570108801711341568
570122982863060992
570123386925539329
570172549910409217
570175669096882176
570175761468030977
570175764643094528
570186533258416133
570188684881821696
570191664628699136
570196428364111873
570197193254170624
570200756827000832
570205604314255360
570212087223287809
570213946348560388
570214789487693824
570215793511825408
570222481618948096
570222495145406465
570224618272731136
570226695724244992
570226757380530176
570232659282145280
570237453229019137
570239632807370753
570242641264320512
570244158591406080
570245996334190592
570247850858147840
570252146320351232
570252986372329472
570257631778107392
570259131879309312
570260387746029568
570261328511643648
570262460395098112
570263871526559745
570264948548313088
570265133638942720
570268160202567680
570269272502607873
570270166166183936
570270444646850561
570273188485197825
570274362936266752
570276806512779264
570278644918194176
570280776849346561
570286290203070465
570292174044200963
570292976603295744
570298371140939776
570299924555956227
570301488192458752
570302060035497984
570302717085790209
570304440017788929
570304544128815104
