569492838448300032
569500867159699456
569547782039728129
569572536834498560
569492838448300032
569500867159699456
569547782039728129
569572536834498560
569492838448300032
569500867159699456
569547782039728129
569572536834498560
569492838448300032
569500867159699456
569547782039728129
569572536834498560
569492838448300032
569500867159699456
569547782039728129
569572536834498560
569492838448300032
569500867159699456
569547782039728129
569572536834498560
569492838448300032
569500867159699456
569547782039728129
569572536834498560
569492838448300032
569500867159699456
569547782039728129
569572536834498560
