567808255566602240
568575417650679808
569519860994203648
567808255566602240
568575417650679808
569519860994203648
567808255566602240
568575417650679808
569519860994203648
569920760522764288
570079030029848579
567808255566602240
568575417650679808
569519860994203648
569920760522764288
570079030029848579
567808255566602240
568575417650679808
569519860994203648
569920760522764288
570079030029848579
567808255566602240
568575417650679808
569519860994203648
569920760522764288
570079030029848579
567808255566602240
568575417650679808
569519860994203648
569920760522764288
570079030029848579
567808255566602240
568575417650679808
569519860994203648
569920760522764288
570079030029848579
