567745016702181376
567786475262345216
567817476144242688
568057241435303936
568080730150076416
568105051622756352
568123268231602176
568491224946098176
568524550251479040
568525820764897280
568598412544704512
568616966191226880
568793043664560128
568808975828955136
568929490929377281
569005006902468608
569161748286083073
569164064636727298
569203705750237184
569336246474022912
569408340616351744
569562383489896448
569585968610615296
569596357381644289
569596783011217408
569597666025345024
569638675170131968
569642526065471488
569669129130647552
569702870423117825
569711632991047680
569744079027896320
569786809028255744
567745016702181376
567786475262345216
567817476144242688
568057241435303936
568080730150076416
568105051622756352
568123268231602176
568491224946098176
568524550251479040
568525820764897280
568598412544704512
568616966191226880
568793043664560128
568808975828955136
568929490929377281
569005006902468608
569161748286083073
569164064636727298
569203705750237184
569336246474022912
569408340616351744
569562383489896448
569585968610615296
569596357381644289
569596783011217408
569597666025345024
569638675170131968
569642526065471488
569669129130647552
569702870423117825
569711632991047680
569744079027896320
569786809028255744
567745016702181376
567786475262345216
567817476144242688
568057241435303936
568080730150076416
568105051622756352
568123268231602176
568491224946098176
568524550251479040
568525820764897280
568598412544704512
568616966191226880
568793043664560128
568808975828955136
568929490929377281
569005006902468608
569161748286083073
569164064636727298
569203705750237184
569336246474022912
569408340616351744
569562383489896448
569585968610615296
569596357381644289
569596783011217408
569597666025345024
569638675170131968
569642526065471488
569669129130647552
569702870423117825
569711632991047680
569744079027896320
569786809028255744
569875734677712896
569887773953527808
569931363505315840
569958642411122688
569966496698343424
569970729237782528
569972804822704128
570050402294636544
570083458925490176
570130746356211713
570132410588917760
570168203470446592
570184343857045504
570216086173581312
570237261494792192
570248954572619776
570289584061480960
