567617081336950784
567692504397803520
567713868747902976
567715917983776772
567717415367090176
567722664597286913
567722689989578752
567722844319404033
567726186038837248
567729658276237312
567737617031380992
567737803060940800
567737909072367616
567737962541375490
567753071833665536
567754223362666496
567767997981671424
567768156111126528
567783113309585409
567783187901915136
567788199175786496
567791526370365440
567796247672721409
567798174946172928
567801567630618624
567803049130094592
567810811491524608
567813437003411456
567813976492417024
567814010914222080
567814121870348289
567816155369570304
567818783616954369
567821166775156736
567824229296566272
567828425278283777
567832250110337024
567833247242264577
567837023014273024
567842647739654144
567843646881599489
567845492849287169
567848544893169664
567849102731526144
567856400522563584
567859338615865344
567860175740092416
567862940348579840
567863445422546944
567873698679623680
567873801653997569
567886093749604353
567887103465496576
567903883047088128
567905220828606466
567916798747619328
567920067364540416
567933117610074113
567949332395249664
568010412798509056
568032561462689793
568037591687270400
568037842838024192
568054687993352192
568054866045747200
568054955967418368
568055034296049664
568083251866152960
568085082746933248
568086667258679296
568095623875964928
568100257931747328
568100371794665472
568101513605681152
568109565796958209
568114097142652928
568118361701265408
568127434173878272
568129940371214336
568130367900798976
568130484934459392
568138258108051457
568145575452876800
568152035767554048
568157634999783424
568158732930191360
568160713170149376
568174745293709313
568186071114252288
568186573965172736
568189949415170048
568190725319311360
568190857263915008
568193116437483520
568194520497713152
568196466503770112
568201002731622400
568206455251144704
568210483959836672
568211739059326976
568211991757770752
568221088750161920
568221167288344577
568222514956013568
568225322543538176
568230620595417088
568236231374581760
568247978835578880
568251315220041728
568251373189349376
568253266456395776
568256282668302337
568263079789608961
568265091226800130
568266347450273793
568269372151734273
568272139075387392
568281546999754752
568356849189150721
568373807414714369
568387111931527168
568396205270691840
568401790250700800
568408789512105985
568417260668379136
568420497563598848
568422177571258368
568423886762569728
568429677779365888
568430681367453696
568432328902610944
568432364717633536
568432390957355008
568432405482229760
568433045805465600
568433431471886336
568447513759522816
568448300325605377
568454321219596289
568457140894969856
568457955223453696
568462632719491072
568469942711885825
568475305675001857
568479680229208064
568492898553102337
568499384704479233
568503887113498625
568506804096917504
568507977235365888
568509134276050945
568511969335984128
568523003778084864
568523051853197312
568524550251479040
568534114527113216
568535276546449409
568536882012749824
568536883199746048
568538034947297281
568538044703178752
568538064487735296
568538242380742656
568539903979446272
568545438976102400
568547201208565760
568549214696935424
568550726311346177
568553155937452034
568561041774231553
568562718854111233
568562804837490688
568568593262231552
568569972529745920
568583360811016192
568583414519083010
568587181264146432
568588936852799488
568589732520665089
568598412544704512
568600552814174208
568602156988657664
568604830291222530
568607094426996738
568613712858198016
568617163465957377
568619425886121985
568628841431867392
568634780264374272
568635531900243968
568643928720850944
568649643187310593
568658885361438720
568673970251116544
568689188377403392
568750153315676160
568763877992706048
568768156841308160
568769775515635712
568779480019251201
568779615323299840
568779794902614016
568780741909319680
568781747128803328
568787787815776256
568790015142178816
568793575300796417
568794864533385216
568796340714639360
568801535662166016
568817985147654144
568818328132841472
568824987244584961
568825140898873344
568831574474661888
568835134603931649
568837615220166657
568840215089041409
568840247657820160
568855251123449856
568868127364096000
568870279906234368
568870342443184128
568870394708545536
568873031428415489
568878319074029568
568880146284982272
568884675021635584
568885498464374785
568885499986874369
568889677094232064
568891974687830016
568900531696984064
568911099740839936
568911349092212736
568911350656675841
568915536844759040
568915699290284032
568915741551886336
568919308006395904
568921163901984768
568925583939375104
568929490929377281
568930692551221248
568930740127326209
568930822952103938
568940291530493952
568948848263081986
568950706008231936
568959416524886016
568961016782036992
568963192489029632
568964974611193858
568967580595064832
568975398236659712
568976030947418112
568976065210806272
568982821454245888
568992757169065984
568995644276383744
569002132621398016
569002703558475777
569005006902468608
569006176186183680
569036471232892929
569072664997801984
569096740676222976
569096764835414016
569124496990466051
569126921096859648
569127429702348800
569161513056935936
569163008309657600
569166368781635584
569168884798005248
569172396680175616
569172570932690947
569180623165915137
569187541120724992
569191124373520384
569195472650268672
569209566715469824
569224171303145473
569225563417620480
569232650965102592
569232738655412225
569232748663214080
569232776454483969
569232785786998785
569237160886276096
569238252676378627
569241776617160704
569244295921692672
569247724496822272
569247769166266368
569256374011428866
569258900228190208
569259645019275264
569267194028298241
569268455314219008
569274492607967232
569275249725870080
569277512892551168
569277895224516608
569278020441284608
569278041165324290
569308130464698368
569308168364425216
569308224551309313
569308255966666753
569308292893290496
569310731486699520
569312688272052224
569312745306382336
569316018230677504
569316516321202176
569317490276360193
569322657822285824
569323273172832256
569336402401472512
569338341306572800
569338441172983809
569338492515278848
569346721173655552
569347552484728832
569349932131487746
569350924633812992
569351147930169344
569353454914662400
569353501123280896
569353641615687680
569354267854704641
569361961487478785
569368523178270721
569368532242145280
569368621077692417
569390507526369280
569398722884280320
569459269394956288
569471541554978817
569473302940372992
569474230854660097
569484900828491776
569488002361249792
569492208203776000
569497966660218882
569500986638798848
569504566380797952
569508282995486720
569518608797323265
569519571314589696
569519860994203648
569522879764807680
569523635171405824
569525684864983041
569533799815630848
569543012914565126
569544271017037824
569545779079094272
569548800169283586
569549686857736193
569549922569224192
569554300495462400
569559370104639488
569563148472225794
569564824939556864
569564853460807680
569567144318365696
569570444027822081
569570644632821760
569570819757752320
569571448412438528
569571654998888448
569572707299299328
569572942381649920
569574973662232576
569579962786689024
569580001672237056
569587663692554242
569588816438169600
569589319846854658
569592590632247297
569593346223579137
569594123222585344
569594402114392064
569594855556452352
569595015518793730
569595123799101440
569595218401439744
569596156927303681
569596364197199873
569600023597428736
569600137296633856
569602897572450305
569602975829757952
569605359406485504
569605928636407808
569606513859305473
569608190410809344
569621528951660545
569624299788750848
569624713414250496
569624798860587008
569625053916061696
569625210070175744
569625356942098432
569625419097313282
569628323443318785
569629822789365761
569631847547867136
569633357451153408
569634364780351488
569635428237778944
569635623348215808
569640446999203842
569641915114659840
569642419307864064
569644171331538945
569651226280751105
569654749055864832
569655392931876864
569655420962238465
569655584540266496
569655603783708673
569655614432915456
569657264262533120
569659027073867777
569659173044129792
569664007864492032
569665738165891073
569666866932813824
569670523765960704
569670559300239360
569670589646032896
569670634718023680
569670671695011840
569670708818780161
569673622505328640
569674883099205632
569675637365071872
569676138253049859
569678153783877634
569678154152828928
569680920162258945
569684138304741377
569684947151093760
569685581787205632
569685606202093570
569685644449964032
569685692038557696
569685746723848193
569685747080372224
569685767527596032
569691100090273792
569691144897953793
569691489179021312
569692610543005697
569692618797355009
569696881330167808
569698788216049664
569699171868938241
569700696624246785
569700785824669696
569700922248581121
569702566126325760
569710305707601920
569710365770182656
569713111537717248
569713890138963968
569715802703859712
569715860241129472
569715908664430593
569716908787933184
569724254473850880
569727727881682944
569728483384930304
569731104070115329
569733015896592385
569734526521511936
569742312059899904
569743079491547137
569745686784315392
569775795452792833
569792794711220224
569797440100036608
569807000927920128
569810990189191168
567617081336950784
567692504397803520
567713868747902976
567715917983776772
567717415367090176
567722664597286913
567722689989578752
567722844319404033
567726186038837248
567729658276237312
567737617031380992
567737803060940800
567737909072367616
567737962541375490
567753071833665536
567754223362666496
567767997981671424
567768156111126528
567783113309585409
567783187901915136
567788199175786496
567791526370365440
567796247672721409
567798174946172928
567801567630618624
567803049130094592
567810811491524608
567813437003411456
567813976492417024
567814010914222080
567814121870348289
567816155369570304
567818783616954369
567821166775156736
567824229296566272
567828425278283777
567832250110337024
567833247242264577
567837023014273024
567842647739654144
567843646881599489
567845492849287169
567848544893169664
567849102731526144
567856400522563584
567859338615865344
567860175740092416
567862940348579840
567863445422546944
567873698679623680
567873801653997569
567886093749604353
567887103465496576
567903883047088128
567905220828606466
567916798747619328
567920067364540416
567933117610074113
567949332395249664
568010412798509056
568032561462689793
568037591687270400
568037842838024192
568054687993352192
568054866045747200
568054955967418368
568055034296049664
568083251866152960
568085082746933248
568086667258679296
568095623875964928
568100257931747328
568100371794665472
568101513605681152
568109565796958209
568114097142652928
568118361701265408
568127434173878272
568129940371214336
568130367900798976
568130484934459392
568138258108051457
568145575452876800
568152035767554048
568157634999783424
568158732930191360
568160713170149376
568174745293709313
568186071114252288
568186573965172736
568189949415170048
568190725319311360
568190857263915008
568193116437483520
568194520497713152
568196466503770112
568201002731622400
568206455251144704
568210483959836672
568211739059326976
568211991757770752
568221088750161920
568221167288344577
568222514956013568
568225322543538176
568230620595417088
568236231374581760
568247978835578880
568251315220041728
568251373189349376
568253266456395776
568256282668302337
568263079789608961
568265091226800130
568266347450273793
568269372151734273
568272139075387392
568281546999754752
568356849189150721
568373807414714369
568387111931527168
568396205270691840
568401790250700800
568408789512105985
568417260668379136
568420497563598848
568422177571258368
568423886762569728
568429677779365888
568430681367453696
568432328902610944
568432364717633536
568432390957355008
568432405482229760
568433045805465600
568433431471886336
568447513759522816
568448300325605377
568454321219596289
568457140894969856
568457955223453696
568462632719491072
568469942711885825
568475305675001857
568479680229208064
568492898553102337
568499384704479233
568503887113498625
568506804096917504
568507977235365888
568509134276050945
568511969335984128
568523003778084864
568523051853197312
568524550251479040
568534114527113216
568535276546449409
568536882012749824
568536883199746048
568538034947297281
568538044703178752
568538064487735296
568538242380742656
568539903979446272
568545438976102400
568547201208565760
568549214696935424
568550726311346177
568553155937452034
568561041774231553
568562718854111233
568562804837490688
568568593262231552
568569972529745920
568583360811016192
568583414519083010
568587181264146432
568588936852799488
568589732520665089
568598412544704512
568600552814174208
568602156988657664
568604830291222530
568607094426996738
568613712858198016
568617163465957377
568619425886121985
568628841431867392
568634780264374272
568635531900243968
568643928720850944
568649643187310593
568658885361438720
568673970251116544
568689188377403392
568750153315676160
568763877992706048
568768156841308160
568769775515635712
568779480019251201
568779615323299840
568779794902614016
568780741909319680
568781747128803328
568787787815776256
568790015142178816
568793575300796417
568794864533385216
568796340714639360
568801535662166016
568817985147654144
568818328132841472
568824987244584961
568825140898873344
568831574474661888
568835134603931649
568837615220166657
568840215089041409
568840247657820160
568855251123449856
568868127364096000
568870279906234368
568870342443184128
568870394708545536
568873031428415489
568878319074029568
568880146284982272
568884675021635584
568885498464374785
568885499986874369
568889677094232064
568891974687830016
568900531696984064
568911099740839936
568911349092212736
568911350656675841
568915536844759040
568915699290284032
568915741551886336
568919308006395904
568921163901984768
568925583939375104
568929490929377281
568930692551221248
568930740127326209
568930822952103938
568940291530493952
568948848263081986
568950706008231936
568959416524886016
568961016782036992
568963192489029632
568964974611193858
568967580595064832
568975398236659712
568976030947418112
568976065210806272
568982821454245888
568992757169065984
568995644276383744
569002132621398016
569002703558475777
569005006902468608
569006176186183680
569036471232892929
569072664997801984
569096740676222976
569096764835414016
569124496990466051
569126921096859648
569127429702348800
569161513056935936
569163008309657600
569166368781635584
569168884798005248
569172396680175616
569172570932690947
569180623165915137
569187541120724992
569191124373520384
569195472650268672
569209566715469824
569224171303145473
569225563417620480
569232650965102592
569232738655412225
569232748663214080
569232776454483969
569232785786998785
569237160886276096
569238252676378627
569241776617160704
569244295921692672
569247724496822272
569247769166266368
569256374011428866
569258900228190208
569259645019275264
569267194028298241
569268455314219008
569274492607967232
569275249725870080
569277512892551168
569277895224516608
569278020441284608
569278041165324290
569308130464698368
569308168364425216
569308224551309313
569308255966666753
569308292893290496
569310731486699520
569312688272052224
569312745306382336
569316018230677504
569316516321202176
569317490276360193
569322657822285824
569323273172832256
569336402401472512
569338341306572800
569338441172983809
569338492515278848
569346721173655552
569347552484728832
569349932131487746
569350924633812992
569351147930169344
569353454914662400
569353501123280896
569353641615687680
569354267854704641
569361961487478785
569368523178270721
569368532242145280
569368621077692417
569390507526369280
569398722884280320
569459269394956288
569471541554978817
569473302940372992
569474230854660097
569484900828491776
569488002361249792
569492208203776000
569497966660218882
569500986638798848
569504566380797952
569508282995486720
569518608797323265
569519571314589696
569519860994203648
569522879764807680
569523635171405824
569525684864983041
569533799815630848
569543012914565126
569544271017037824
569545779079094272
569548800169283586
569549686857736193
569549922569224192
569554300495462400
569559370104639488
569563148472225794
569564824939556864
569564853460807680
569567144318365696
569570444027822081
569570644632821760
569570819757752320
569571448412438528
569571654998888448
569572707299299328
569572942381649920
569574973662232576
569579962786689024
569580001672237056
569587663692554242
569588816438169600
569589319846854658
569592590632247297
569593346223579137
569594123222585344
569594402114392064
569594855556452352
569595015518793730
569595123799101440
569595218401439744
569596156927303681
569596364197199873
569600023597428736
569600137296633856
569602897572450305
569602975829757952
569605359406485504
569605928636407808
569606513859305473
569608190410809344
569621528951660545
569624299788750848
569624713414250496
569624798860587008
569625053916061696
569625210070175744
569625356942098432
569625419097313282
569628323443318785
569629822789365761
569631847547867136
569633357451153408
569634364780351488
569635428237778944
569635623348215808
569640446999203842
569641915114659840
569642419307864064
569644171331538945
569651226280751105
569654749055864832
569655392931876864
569655420962238465
569655584540266496
569655603783708673
569655614432915456
569657264262533120
569659027073867777
569659173044129792
569664007864492032
569665738165891073
569666866932813824
569670523765960704
569670559300239360
569670589646032896
569670634718023680
569670671695011840
569670708818780161
569673622505328640
569674883099205632
569675637365071872
569676138253049859
569678153783877634
569678154152828928
569680920162258945
569684138304741377
569684947151093760
569685581787205632
569685606202093570
569685644449964032
569685692038557696
569685746723848193
569685747080372224
569685767527596032
569691100090273792
569691144897953793
569691489179021312
569692610543005697
569692618797355009
569696881330167808
569698788216049664
569699171868938241
569700696624246785
569700785824669696
569700922248581121
569702566126325760
569710305707601920
569710365770182656
569713111537717248
569713890138963968
569715802703859712
569715860241129472
569715908664430593
569716908787933184
569724254473850880
569727727881682944
569728483384930304
569731104070115329
569733015896592385
569734526521511936
569742312059899904
569743079491547137
569745686784315392
569775795452792833
569792794711220224
569797440100036608
569807000927920128
569810990189191168
569821519116955650
569821659097477120
569822102062309376
569826633152110592
569836725612220416
569839216512917504
569843745157451776
567617081336950784
567692504397803520
567713868747902976
567715917983776772
567717415367090176
567722664597286913
567722689989578752
567722844319404033
567726186038837248
567729658276237312
567737617031380992
567737803060940800
567737909072367616
567737962541375490
567753071833665536
567754223362666496
567767997981671424
567768156111126528
567783113309585409
567783187901915136
567788199175786496
567791526370365440
567796247672721409
567798174946172928
567801567630618624
567803049130094592
567810811491524608
567813437003411456
567813976492417024
567814010914222080
567814121870348289
567816155369570304
567818783616954369
567821166775156736
567824229296566272
567828425278283777
567832250110337024
567833247242264577
567837023014273024
567842647739654144
567843646881599489
567845492849287169
567848544893169664
567849102731526144
567856400522563584
567859338615865344
567860175740092416
567862940348579840
567863445422546944
567873698679623680
567873801653997569
567886093749604353
567887103465496576
567903883047088128
567905220828606466
567916798747619328
567920067364540416
567933117610074113
567949332395249664
568010412798509056
568032561462689793
568037591687270400
568037842838024192
568054687993352192
568054866045747200
568054955967418368
568055034296049664
568083251866152960
568085082746933248
568086667258679296
568095623875964928
568100257931747328
568100371794665472
568101513605681152
568109565796958209
568114097142652928
568118361701265408
568127434173878272
568129940371214336
568130367900798976
568130484934459392
568138258108051457
568145575452876800
568152035767554048
568157634999783424
568158732930191360
568160713170149376
568174745293709313
568186071114252288
568186573965172736
568189949415170048
568190725319311360
568190857263915008
568193116437483520
568194520497713152
568196466503770112
568201002731622400
568206455251144704
568210483959836672
568211739059326976
568211991757770752
568221088750161920
568221167288344577
568222514956013568
568225322543538176
568230620595417088
568236231374581760
568247978835578880
568251315220041728
568251373189349376
568253266456395776
568256282668302337
568263079789608961
568265091226800130
568266347450273793
568269372151734273
568272139075387392
568281546999754752
568356849189150721
568373807414714369
568387111931527168
568396205270691840
568401790250700800
568408789512105985
568417260668379136
568420497563598848
568422177571258368
568423886762569728
568429677779365888
568430681367453696
568432328902610944
568432364717633536
568432390957355008
568432405482229760
568433045805465600
568433431471886336
568447513759522816
568448300325605377
568454321219596289
568457140894969856
568457955223453696
568462632719491072
568469942711885825
568475305675001857
568479680229208064
568492898553102337
568499384704479233
568503887113498625
568506804096917504
568507977235365888
568509134276050945
568511969335984128
568523003778084864
568523051853197312
568524550251479040
568534114527113216
568535276546449409
568536882012749824
568536883199746048
568538034947297281
568538044703178752
568538064487735296
568538242380742656
568539903979446272
568545438976102400
568547201208565760
568549214696935424
568550726311346177
568553155937452034
568561041774231553
568562718854111233
568562804837490688
568568593262231552
568569972529745920
568583360811016192
568583414519083010
568587181264146432
568588936852799488
568589732520665089
568598412544704512
568600552814174208
568602156988657664
568604830291222530
568607094426996738
568613712858198016
568617163465957377
568619425886121985
568628841431867392
568634780264374272
568635531900243968
568643928720850944
568649643187310593
568658885361438720
568673970251116544
568689188377403392
568750153315676160
568763877992706048
568768156841308160
568769775515635712
568779480019251201
568779615323299840
568779794902614016
568780741909319680
568781747128803328
568787787815776256
568790015142178816
568793575300796417
568794864533385216
568796340714639360
568801535662166016
568817985147654144
568818328132841472
568824987244584961
568825140898873344
568831574474661888
568835134603931649
568837615220166657
568840215089041409
568840247657820160
568855251123449856
568868127364096000
568870279906234368
568870342443184128
568870394708545536
568873031428415489
568878319074029568
568880146284982272
568884675021635584
568885498464374785
568885499986874369
568889677094232064
568891974687830016
568900531696984064
568911099740839936
568911349092212736
568911350656675841
568915536844759040
568915699290284032
568915741551886336
568919308006395904
568921163901984768
568925583939375104
568929490929377281
568930692551221248
568930740127326209
568930822952103938
568940291530493952
568948848263081986
568950706008231936
568959416524886016
568961016782036992
568963192489029632
568964974611193858
568967580595064832
568975398236659712
568976030947418112
568976065210806272
568982821454245888
568992757169065984
568995644276383744
569002132621398016
569002703558475777
569005006902468608
569006176186183680
569036471232892929
569072664997801984
569096740676222976
569096764835414016
569124496990466051
569126921096859648
569127429702348800
569161513056935936
569163008309657600
569166368781635584
569168884798005248
569172396680175616
569172570932690947
569180623165915137
569187541120724992
569191124373520384
569195472650268672
569209566715469824
569224171303145473
569225563417620480
569232650965102592
569232738655412225
569232748663214080
569232776454483969
569232785786998785
569237160886276096
569238252676378627
569241776617160704
569244295921692672
569247724496822272
569247769166266368
569256374011428866
569258900228190208
569259645019275264
569267194028298241
569268455314219008
569274492607967232
569275249725870080
569277512892551168
569277895224516608
569278020441284608
569278041165324290
569308130464698368
569308168364425216
569308224551309313
569308255966666753
569308292893290496
569310731486699520
569312688272052224
569312745306382336
569316018230677504
569316516321202176
569317490276360193
569322657822285824
569323273172832256
569336402401472512
569338341306572800
569338441172983809
569338492515278848
569346721173655552
569347552484728832
569349932131487746
569350924633812992
569351147930169344
569353454914662400
569353501123280896
569353641615687680
569354267854704641
569361961487478785
569368523178270721
569368532242145280
569368621077692417
569390507526369280
569398722884280320
569459269394956288
569471541554978817
569473302940372992
569474230854660097
569484900828491776
569488002361249792
569492208203776000
569497966660218882
569500986638798848
569504566380797952
569508282995486720
569518608797323265
569519571314589696
569519860994203648
569522879764807680
569523635171405824
569525684864983041
569533799815630848
569543012914565126
569544271017037824
569545779079094272
569548800169283586
569549686857736193
569549922569224192
569554300495462400
569559370104639488
569563148472225794
569564824939556864
569564853460807680
569567144318365696
569570444027822081
569570644632821760
569570819757752320
569571448412438528
569571654998888448
569572707299299328
569572942381649920
569574973662232576
569579962786689024
569580001672237056
569587663692554242
569588816438169600
569589319846854658
569592590632247297
569593346223579137
569594123222585344
569594402114392064
569594855556452352
569595015518793730
569595123799101440
569595218401439744
569596156927303681
569596364197199873
569600023597428736
569600137296633856
569602897572450305
569602975829757952
569605359406485504
569605928636407808
569606513859305473
569608190410809344
569621528951660545
569624299788750848
569624713414250496
569624798860587008
569625053916061696
569625210070175744
569625356942098432
569625419097313282
569628323443318785
569629822789365761
569631847547867136
569633357451153408
569634364780351488
569635428237778944
569635623348215808
569640446999203842
569641915114659840
569642419307864064
569644171331538945
569651226280751105
569654749055864832
569655392931876864
569655420962238465
569655584540266496
569655603783708673
569655614432915456
569657264262533120
569659027073867777
569659173044129792
569664007864492032
569665738165891073
569666866932813824
569670523765960704
569670559300239360
569670589646032896
569670634718023680
569670671695011840
569670708818780161
569673622505328640
569674883099205632
569675637365071872
569676138253049859
569678153783877634
569678154152828928
569680920162258945
569684138304741377
569684947151093760
569685581787205632
569685606202093570
569685644449964032
569685692038557696
569685746723848193
569685747080372224
569685767527596032
569691100090273792
569691144897953793
569691489179021312
569692610543005697
569692618797355009
569696881330167808
569698788216049664
569699171868938241
569700696624246785
569700785824669696
569700922248581121
569702566126325760
569710305707601920
569710365770182656
569713111537717248
569713890138963968
569715802703859712
569715860241129472
569715908664430593
569716908787933184
569724254473850880
569727727881682944
569728483384930304
569731104070115329
569733015896592385
569734526521511936
569742312059899904
569743079491547137
569745686784315392
569775795452792833
569792794711220224
569797440100036608
569807000927920128
569810990189191168
569821519116955650
569821659097477120
569822102062309376
569826633152110592
569836725612220416
569839216512917504
569843745157451776
569849281533874176
569851813706539009
569851855917830145
569854312702201856
569860103341518849
569860355746213893
569862869241765888
569865637666930688
569866461172387841
569866847690100736
569866875452203010
569869163029762048
569870128915083264
569870924410970112
569872132269682688
569873190190600192
569875203473297408
569880374651650048
569881888892055552
569885015615664129
569885018358575104
569887533267611648
569889547162669056
569895082402295810
569897003255083008
569897005297709057
569897060717105152
569900367254831104
569900620095856640
569912092351819778
569912094272782337
569912213068066816
569917692758630400
569919996568215552
569921757647212544
569922008588222465
569923518051323906
569927042931814400
569927263040315392
569927288751587328
569927299908444160
569928552621182976
569934594268471296
569937108095205376
569940883975446528
569941389208719360
569942287318458369
569942482668167168
569947174571675648
569948686228295681
569949439101546496
569949946146742272
569951958552805376
569954475433201665
569957240960094209
569957516748066817
569958224968982528
569958247412723712
569958642411122688
569960010249334784
569960311022850048
569964286954618880
569968565513625600
569970829322260481
569972508499283968
569972513721229312
569972558218440704
569976620158578688
569987608912142337
569987622484848640
570000777768345600
570001282603229186
570001283907768320
570002674747367424
570002679142854656
570002805295095808
570005561338503170
570009035455344640
570011417249759233
570015373447159808
570015876902232064
570017867342725121
570017905879986176
570017987349995521
570032949992800256
570033000777457664
570033062202863616
570033099939184641
570033554492690432
570048188830216192
570048844702076930
570056648137576449
570063107701272576
570063192581390336
570063224328081408
570068976778153984
570070740566990848
570071999780933634
570072252026376192
570073507465469952
570076814585913344
570078280591781888
570078355770339328
570078379421990912
570079549914005504
570082819025838080
570084582780899328
570085589011148801
570085837821632512
570093462738984961
570108377029685248
570108519237558272
570123495180410881
570124596180955136
570172549910409217
570179455911481344
570182980142022656
570184073139912704
570184083692658688
570202173172281344
570205880504815616
570207643874123777
570210411926016001
570210970330669056
570217450874146818
570222239603273729
570229176621510659
570229222662410240
570238126611963905
570244388175130625
570246963901427713
570251472203587584
570252052099678208
570257480401469441
570258226819637248
570258476695302144
570259380999860224
570259388872695808
570259420287868928
570259423987404800
570259502685151232
570259540697948162
570263008762601475
570264011574415360
570264515285266432
570267535515324417
570272186419847168
570281958556610560
570289557205327873
570289584061480960
570289587794407425
570289724453216256
570289777184002048
570298770136674304
570300767074181121
570304740279640064
570304779412508673
570304873620746240
567617081336950784
567692504397803520
567713868747902976
567715917983776772
567717415367090176
567722664597286913
567722689989578752
567722844319404033
567726186038837248
567729658276237312
567737617031380992
567737803060940800
567737909072367616
567737962541375490
567753071833665536
567754223362666496
567767997981671424
567768156111126528
567783113309585409
567783187901915136
567788199175786496
567791526370365440
567796247672721409
567798174946172928
567801567630618624
567803049130094592
567810811491524608
567813437003411456
567813976492417024
567814010914222080
567814121870348289
567816155369570304
567818783616954369
567821166775156736
567824229296566272
567828425278283777
567832250110337024
567833247242264577
567837023014273024
567842647739654144
567843646881599489
567845492849287169
567848544893169664
567849102731526144
567856400522563584
567859338615865344
567860175740092416
567862940348579840
567863445422546944
567873698679623680
567873801653997569
567886093749604353
567887103465496576
567903883047088128
567905220828606466
567916798747619328
567920067364540416
567933117610074113
567949332395249664
568010412798509056
568032561462689793
568037591687270400
568037842838024192
568054687993352192
568054866045747200
568054955967418368
568055034296049664
568083251866152960
568085082746933248
568086667258679296
568095623875964928
568100257931747328
568100371794665472
568101513605681152
568109565796958209
568114097142652928
568118361701265408
568127434173878272
568129940371214336
568130367900798976
568130484934459392
568138258108051457
568145575452876800
568152035767554048
568157634999783424
568158732930191360
568160713170149376
568174745293709313
568186071114252288
568186573965172736
568189949415170048
568190725319311360
568190857263915008
568193116437483520
568194520497713152
568196466503770112
568201002731622400
568206455251144704
568210483959836672
568211739059326976
568211991757770752
568221088750161920
568221167288344577
568222514956013568
568225322543538176
568230620595417088
568236231374581760
568247978835578880
568251315220041728
568251373189349376
568253266456395776
568256282668302337
568263079789608961
568265091226800130
568266347450273793
568269372151734273
568272139075387392
568281546999754752
568356849189150721
568373807414714369
568387111931527168
568396205270691840
568401790250700800
568408789512105985
568417260668379136
568420497563598848
568422177571258368
568423886762569728
568429677779365888
568430681367453696
568432328902610944
568432364717633536
568432390957355008
568432405482229760
568433045805465600
568433431471886336
568447513759522816
568448300325605377
568454321219596289
568457140894969856
568457955223453696
568462632719491072
568469942711885825
568475305675001857
568479680229208064
568492898553102337
568499384704479233
568503887113498625
568506804096917504
568507977235365888
568509134276050945
568511969335984128
568523003778084864
568523051853197312
568524550251479040
568534114527113216
568535276546449409
568536882012749824
568536883199746048
568538034947297281
568538044703178752
568538064487735296
568538242380742656
568539903979446272
568545438976102400
568547201208565760
568549214696935424
568550726311346177
568553155937452034
568561041774231553
568562718854111233
568562804837490688
568568593262231552
568569972529745920
568583360811016192
568583414519083010
568587181264146432
568588936852799488
568589732520665089
568598412544704512
568600552814174208
568602156988657664
568604830291222530
568607094426996738
568613712858198016
568617163465957377
568619425886121985
568628841431867392
568634780264374272
568635531900243968
568643928720850944
568649643187310593
568658885361438720
568673970251116544
568689188377403392
568750153315676160
568763877992706048
568768156841308160
568769775515635712
568779480019251201
568779615323299840
568779794902614016
568780741909319680
568781747128803328
568787787815776256
568790015142178816
568793575300796417
568794864533385216
568796340714639360
568801535662166016
568817985147654144
568818328132841472
568824987244584961
568825140898873344
568831574474661888
568835134603931649
568837615220166657
568840215089041409
568840247657820160
568855251123449856
568868127364096000
568870279906234368
568870342443184128
568870394708545536
568873031428415489
568878319074029568
568880146284982272
568884675021635584
568885498464374785
568885499986874369
568889677094232064
568891974687830016
568900531696984064
568911099740839936
568911349092212736
568911350656675841
568915536844759040
568915699290284032
568915741551886336
568919308006395904
568921163901984768
568925583939375104
568929490929377281
568930692551221248
568930740127326209
568930822952103938
568940291530493952
568948848263081986
568950706008231936
568959416524886016
568961016782036992
568963192489029632
568964974611193858
568967580595064832
568975398236659712
568976030947418112
568976065210806272
568982821454245888
568992757169065984
568995644276383744
569002132621398016
569002703558475777
569005006902468608
569006176186183680
569036471232892929
569072664997801984
569096740676222976
569096764835414016
569124496990466051
569126921096859648
569127429702348800
569161513056935936
569163008309657600
569166368781635584
569168884798005248
569172396680175616
569172570932690947
569180623165915137
569187541120724992
569191124373520384
569195472650268672
569209566715469824
569224171303145473
569225563417620480
569232650965102592
569232738655412225
569232748663214080
569232776454483969
569232785786998785
569237160886276096
569238252676378627
569241776617160704
569244295921692672
569247724496822272
569247769166266368
569256374011428866
569258900228190208
569259645019275264
569267194028298241
569268455314219008
569274492607967232
569275249725870080
569277512892551168
569277895224516608
569278020441284608
569278041165324290
569308130464698368
569308168364425216
569308224551309313
569308255966666753
569308292893290496
569310731486699520
569312688272052224
569312745306382336
569316018230677504
569316516321202176
569317490276360193
569322657822285824
569323273172832256
569336402401472512
569338341306572800
569338441172983809
569338492515278848
569346721173655552
569347552484728832
569349932131487746
569350924633812992
569351147930169344
569353454914662400
569353501123280896
569353641615687680
569354267854704641
569361961487478785
569368523178270721
569368532242145280
569368621077692417
569390507526369280
569398722884280320
569459269394956288
569471541554978817
569473302940372992
569474230854660097
569484900828491776
569488002361249792
569492208203776000
569497966660218882
569500986638798848
569504566380797952
569508282995486720
569518608797323265
569519571314589696
569519860994203648
569522879764807680
569523635171405824
569525684864983041
569533799815630848
569543012914565126
569544271017037824
569545779079094272
569548800169283586
569549686857736193
569549922569224192
569554300495462400
569559370104639488
569563148472225794
569564824939556864
569564853460807680
569567144318365696
569570444027822081
569570644632821760
569570819757752320
569571448412438528
569571654998888448
569572707299299328
569572942381649920
569574973662232576
569579962786689024
569580001672237056
569587663692554242
569588816438169600
569589319846854658
569592590632247297
569593346223579137
569594123222585344
569594402114392064
569594855556452352
569595015518793730
569595123799101440
569595218401439744
569596156927303681
569596364197199873
569600023597428736
569600137296633856
569602897572450305
569602975829757952
569605359406485504
569605928636407808
569606513859305473
569608190410809344
569621528951660545
569624299788750848
569624713414250496
569624798860587008
569625053916061696
569625210070175744
569625356942098432
569625419097313282
569628323443318785
569629822789365761
569631847547867136
569633357451153408
569634364780351488
569635428237778944
569635623348215808
569640446999203842
569641915114659840
569642419307864064
569644171331538945
569651226280751105
569654749055864832
569655392931876864
569655420962238465
569655584540266496
569655603783708673
569655614432915456
569657264262533120
569659027073867777
569659173044129792
569664007864492032
569665738165891073
569666866932813824
569670523765960704
569670559300239360
569670589646032896
569670634718023680
569670671695011840
569670708818780161
569673622505328640
569674883099205632
569675637365071872
569676138253049859
569678153783877634
569678154152828928
569680920162258945
569684138304741377
569684947151093760
569685581787205632
569685606202093570
569685644449964032
569685692038557696
569685746723848193
569685747080372224
569685767527596032
569691100090273792
569691144897953793
569691489179021312
569692610543005697
569692618797355009
569696881330167808
569698788216049664
569699171868938241
569700696624246785
569700785824669696
569700922248581121
569702566126325760
569710305707601920
569710365770182656
569713111537717248
569713890138963968
569715802703859712
569715860241129472
569715908664430593
569716908787933184
569724254473850880
569727727881682944
569728483384930304
569731104070115329
569733015896592385
569734526521511936
569742312059899904
569743079491547137
569745686784315392
569775795452792833
569792794711220224
569797440100036608
569807000927920128
569810990189191168
569821519116955650
569821659097477120
569822102062309376
569826633152110592
569836725612220416
569839216512917504
569843745157451776
569849281533874176
569851813706539009
569851855917830145
569854312702201856
569860103341518849
569860355746213893
569862869241765888
569865637666930688
569866461172387841
569866847690100736
569866875452203010
569869163029762048
569870128915083264
569870924410970112
569872132269682688
569873190190600192
569875203473297408
569880374651650048
569881888892055552
569885015615664129
569885018358575104
569887533267611648
569889547162669056
569895082402295810
569897003255083008
569897005297709057
569897060717105152
569900367254831104
569900620095856640
569912092351819778
569912094272782337
569912213068066816
569917692758630400
569919996568215552
569921757647212544
569922008588222465
569923518051323906
569927042931814400
569927263040315392
569927288751587328
569927299908444160
569928552621182976
569934594268471296
569937108095205376
569940883975446528
569941389208719360
569942287318458369
569942482668167168
569947174571675648
569948686228295681
569949439101546496
569949946146742272
569951958552805376
569954475433201665
569957240960094209
569957516748066817
569958224968982528
569958247412723712
569958642411122688
569960010249334784
569960311022850048
569964286954618880
569968565513625600
569970829322260481
569972508499283968
569972513721229312
569972558218440704
569976620158578688
569987608912142337
569987622484848640
570000777768345600
570001282603229186
570001283907768320
570002674747367424
570002679142854656
570002805295095808
570005561338503170
570009035455344640
570011417249759233
570015373447159808
570015876902232064
570017867342725121
570017905879986176
570017987349995521
570032949992800256
570033000777457664
570033062202863616
570033099939184641
570033554492690432
570048188830216192
570048844702076930
570056648137576449
570063107701272576
570063192581390336
570063224328081408
570068976778153984
570070740566990848
570071999780933634
570072252026376192
570073507465469952
570076814585913344
570078280591781888
570078355770339328
570078379421990912
570079549914005504
570082819025838080
570084582780899328
570085589011148801
570085837821632512
570093462738984961
570108377029685248
570108519237558272
570123495180410881
570124596180955136
570172549910409217
570179455911481344
570182980142022656
570184073139912704
570184083692658688
570202173172281344
570205880504815616
570207643874123777
570210411926016001
570210970330669056
570217450874146818
570222239603273729
570229176621510659
570229222662410240
570238126611963905
570244388175130625
570246963901427713
570251472203587584
570252052099678208
570257480401469441
570258226819637248
570258476695302144
570259380999860224
570259388872695808
570259420287868928
570259423987404800
570259502685151232
570259540697948162
570263008762601475
570264011574415360
570264515285266432
570267535515324417
570272186419847168
570281958556610560
570289557205327873
570289584061480960
570289587794407425
570289724453216256
570289777184002048
570298770136674304
570300767074181121
570304740279640064
570304779412508673
570304873620746240
567617081336950784
567692504397803520
567713868747902976
567715917983776772
567717415367090176
567722664597286913
567722689989578752
567722844319404033
567726186038837248
567729658276237312
567737617031380992
567737803060940800
567737909072367616
567737962541375490
567753071833665536
567754223362666496
567767997981671424
567768156111126528
567783113309585409
567783187901915136
567788199175786496
567791526370365440
567796247672721409
567798174946172928
567801567630618624
567803049130094592
567810811491524608
567813437003411456
567813976492417024
567814010914222080
567814121870348289
567816155369570304
567818783616954369
567821166775156736
567824229296566272
567828425278283777
567832250110337024
567833247242264577
567837023014273024
567842647739654144
567843646881599489
567845492849287169
567848544893169664
567849102731526144
567856400522563584
567859338615865344
567860175740092416
567862940348579840
567863445422546944
567873698679623680
567873801653997569
567886093749604353
567887103465496576
567903883047088128
567905220828606466
567916798747619328
567920067364540416
567933117610074113
567949332395249664
568010412798509056
568032561462689793
568037591687270400
568037842838024192
568054687993352192
568054866045747200
568054955967418368
568055034296049664
568083251866152960
568085082746933248
568086667258679296
568095623875964928
568100257931747328
568100371794665472
568101513605681152
568109565796958209
568114097142652928
568118361701265408
568127434173878272
568129940371214336
568130367900798976
568130484934459392
568138258108051457
568145575452876800
568152035767554048
568157634999783424
568158732930191360
568160713170149376
568174745293709313
568186071114252288
568186573965172736
568189949415170048
568190725319311360
568190857263915008
568193116437483520
568194520497713152
568196466503770112
568201002731622400
568206455251144704
568210483959836672
568211739059326976
568211991757770752
568221088750161920
568221167288344577
568222514956013568
568225322543538176
568230620595417088
568236231374581760
568247978835578880
568251315220041728
568251373189349376
568253266456395776
568256282668302337
568263079789608961
568265091226800130
568266347450273793
568269372151734273
568272139075387392
568281546999754752
568356849189150721
568373807414714369
568387111931527168
568396205270691840
568401790250700800
568408789512105985
568417260668379136
568420497563598848
568422177571258368
568423886762569728
568429677779365888
568430681367453696
568432328902610944
568432364717633536
568432390957355008
568432405482229760
568433045805465600
568433431471886336
568447513759522816
568448300325605377
568454321219596289
568457140894969856
568457955223453696
568462632719491072
568469942711885825
568475305675001857
568479680229208064
568492898553102337
568499384704479233
568503887113498625
568506804096917504
568507977235365888
568509134276050945
568511969335984128
568523003778084864
568523051853197312
568524550251479040
568534114527113216
568535276546449409
568536882012749824
568536883199746048
568538034947297281
568538044703178752
568538064487735296
568538242380742656
568539903979446272
568545438976102400
568547201208565760
568549214696935424
568550726311346177
568553155937452034
568561041774231553
568562718854111233
568562804837490688
568568593262231552
568569972529745920
568583360811016192
568583414519083010
568587181264146432
568588936852799488
568589732520665089
568598412544704512
568600552814174208
568602156988657664
568604830291222530
568607094426996738
568613712858198016
568617163465957377
568619425886121985
568628841431867392
568634780264374272
568635531900243968
568643928720850944
568649643187310593
568658885361438720
568673970251116544
568689188377403392
568750153315676160
568763877992706048
568768156841308160
568769775515635712
568779480019251201
568779615323299840
568779794902614016
568780741909319680
568781747128803328
568787787815776256
568790015142178816
568793575300796417
568794864533385216
568796340714639360
568801535662166016
568817985147654144
568818328132841472
568824987244584961
568825140898873344
568831574474661888
568835134603931649
568837615220166657
568840215089041409
568840247657820160
568855251123449856
568868127364096000
568870279906234368
568870342443184128
568870394708545536
568873031428415489
568878319074029568
568880146284982272
568884675021635584
568885498464374785
568885499986874369
568889677094232064
568891974687830016
568900531696984064
568911099740839936
568911349092212736
568911350656675841
568915536844759040
568915699290284032
568915741551886336
568919308006395904
568921163901984768
568925583939375104
568929490929377281
568930692551221248
568930740127326209
568930822952103938
568940291530493952
568948848263081986
568950706008231936
568959416524886016
568961016782036992
568963192489029632
568964974611193858
568967580595064832
568975398236659712
568976030947418112
568976065210806272
568982821454245888
568992757169065984
568995644276383744
569002132621398016
569002703558475777
569005006902468608
569006176186183680
569036471232892929
569072664997801984
569096740676222976
569096764835414016
569124496990466051
569126921096859648
569127429702348800
569161513056935936
569163008309657600
569166368781635584
569168884798005248
569172396680175616
569172570932690947
569180623165915137
569187541120724992
569191124373520384
569195472650268672
569209566715469824
569224171303145473
569225563417620480
569232650965102592
569232738655412225
569232748663214080
569232776454483969
569232785786998785
569237160886276096
569238252676378627
569241776617160704
569244295921692672
569247724496822272
569247769166266368
569256374011428866
569258900228190208
569259645019275264
569267194028298241
569268455314219008
569274492607967232
569275249725870080
569277512892551168
569277895224516608
569278020441284608
569278041165324290
569308130464698368
569308168364425216
569308224551309313
569308255966666753
569308292893290496
569310731486699520
569312688272052224
569312745306382336
569316018230677504
569316516321202176
569317490276360193
569322657822285824
569323273172832256
569336402401472512
569338341306572800
569338441172983809
569338492515278848
569346721173655552
569347552484728832
569349932131487746
569350924633812992
569351147930169344
569353454914662400
569353501123280896
569353641615687680
569354267854704641
569361961487478785
569368523178270721
569368532242145280
569368621077692417
569390507526369280
569398722884280320
569459269394956288
569471541554978817
569473302940372992
569474230854660097
569484900828491776
569488002361249792
569492208203776000
569497966660218882
569500986638798848
569504566380797952
569508282995486720
569518608797323265
569519571314589696
569519860994203648
569522879764807680
569523635171405824
569525684864983041
569533799815630848
569543012914565126
569544271017037824
569545779079094272
569548800169283586
569549686857736193
569549922569224192
569554300495462400
569559370104639488
569563148472225794
569564824939556864
569564853460807680
569567144318365696
569570444027822081
569570644632821760
569570819757752320
569571448412438528
569571654998888448
569572707299299328
569572942381649920
569574973662232576
569579962786689024
569580001672237056
569587663692554242
569588816438169600
569589319846854658
569592590632247297
569593346223579137
569594123222585344
569594402114392064
569594855556452352
569595015518793730
569595123799101440
569595218401439744
569596156927303681
569596364197199873
569600023597428736
569600137296633856
569602897572450305
569602975829757952
569605359406485504
569605928636407808
569606513859305473
569608190410809344
569621528951660545
569624299788750848
569624713414250496
569624798860587008
569625053916061696
569625210070175744
569625356942098432
569625419097313282
569628323443318785
569629822789365761
569631847547867136
569633357451153408
569634364780351488
569635428237778944
569635623348215808
569640446999203842
569641915114659840
569642419307864064
569644171331538945
569651226280751105
569654749055864832
569655392931876864
569655420962238465
569655584540266496
569655603783708673
569655614432915456
569657264262533120
569659027073867777
569659173044129792
569664007864492032
569665738165891073
569666866932813824
569670523765960704
569670559300239360
569670589646032896
569670634718023680
569670671695011840
569670708818780161
569673622505328640
569674883099205632
569675637365071872
569676138253049859
569678153783877634
569678154152828928
569680920162258945
569684138304741377
569684947151093760
569685581787205632
569685606202093570
569685644449964032
569685692038557696
569685746723848193
569685747080372224
569685767527596032
569691100090273792
569691144897953793
569691489179021312
569692610543005697
569692618797355009
569696881330167808
569698788216049664
569699171868938241
569700696624246785
569700785824669696
569700922248581121
569702566126325760
569710305707601920
569710365770182656
569713111537717248
569713890138963968
569715802703859712
569715860241129472
569715908664430593
569716908787933184
569724254473850880
569727727881682944
569728483384930304
569731104070115329
569733015896592385
569734526521511936
569742312059899904
569743079491547137
569745686784315392
569775795452792833
569792794711220224
569797440100036608
569807000927920128
569810990189191168
569821519116955650
569821659097477120
569822102062309376
569826633152110592
569836725612220416
569839216512917504
569843745157451776
569849281533874176
569851813706539009
569851855917830145
569854312702201856
569860103341518849
569860355746213893
569862869241765888
569865637666930688
569866461172387841
569866847690100736
569866875452203010
569869163029762048
569870128915083264
569870924410970112
569872132269682688
569873190190600192
569875203473297408
569880374651650048
569881888892055552
569885015615664129
569885018358575104
569887533267611648
569889547162669056
569895082402295810
569897003255083008
569897005297709057
569897060717105152
569900367254831104
569900620095856640
569912092351819778
569912094272782337
569912213068066816
569917692758630400
569919996568215552
569921757647212544
569922008588222465
569923518051323906
569927042931814400
569927263040315392
569927288751587328
569927299908444160
569928552621182976
569934594268471296
569937108095205376
569940883975446528
569941389208719360
569942287318458369
569942482668167168
569947174571675648
569948686228295681
569949439101546496
569949946146742272
569951958552805376
569954475433201665
569957240960094209
569957516748066817
569958224968982528
569958247412723712
569958642411122688
569960010249334784
569960311022850048
569964286954618880
569968565513625600
569970829322260481
569972508499283968
569972513721229312
569972558218440704
569976620158578688
569987608912142337
569987622484848640
570000777768345600
570001282603229186
570001283907768320
570002674747367424
570002679142854656
570002805295095808
570005561338503170
570009035455344640
570011417249759233
570015373447159808
570015876902232064
570017867342725121
570017905879986176
570017987349995521
570032949992800256
570033000777457664
570033062202863616
570033099939184641
570033554492690432
570048188830216192
570048844702076930
570056648137576449
570063107701272576
570063192581390336
570063224328081408
570068976778153984
570070740566990848
570071999780933634
570072252026376192
570073507465469952
570076814585913344
570078280591781888
570078355770339328
570078379421990912
570079549914005504
570082819025838080
570084582780899328
570085589011148801
570085837821632512
570093462738984961
570108377029685248
570108519237558272
570123495180410881
570124596180955136
570172549910409217
570179455911481344
570182980142022656
570184073139912704
570184083692658688
570202173172281344
570205880504815616
570207643874123777
570210411926016001
570210970330669056
570217450874146818
570222239603273729
570229176621510659
570229222662410240
570238126611963905
570244388175130625
570246963901427713
570251472203587584
570252052099678208
570257480401469441
570258226819637248
570258476695302144
570259380999860224
570259388872695808
570259420287868928
570259423987404800
570259502685151232
570259540697948162
570263008762601475
570264011574415360
570264515285266432
570267535515324417
570272186419847168
570281958556610560
570289557205327873
570289584061480960
570289587794407425
570289724453216256
570289777184002048
570298770136674304
570300767074181121
570304740279640064
570304779412508673
570304873620746240
567617081336950784
567692504397803520
567713868747902976
567715917983776772
567717415367090176
567722664597286913
567722689989578752
567722844319404033
567726186038837248
567729658276237312
567737617031380992
567737803060940800
567737909072367616
567737962541375490
567753071833665536
567754223362666496
567767997981671424
567768156111126528
567783113309585409
567783187901915136
567788199175786496
567791526370365440
567796247672721409
567798174946172928
567801567630618624
567803049130094592
567810811491524608
567813437003411456
567813976492417024
567814010914222080
567814121870348289
567816155369570304
567818783616954369
567821166775156736
567824229296566272
567828425278283777
567832250110337024
567833247242264577
567837023014273024
567842647739654144
567843646881599489
567845492849287169
567848544893169664
567849102731526144
567856400522563584
567859338615865344
567860175740092416
567862940348579840
567863445422546944
567873698679623680
567873801653997569
567886093749604353
567887103465496576
567903883047088128
567905220828606466
567916798747619328
567920067364540416
567933117610074113
567949332395249664
568010412798509056
568032561462689793
568037591687270400
568037842838024192
568054687993352192
568054866045747200
568054955967418368
568055034296049664
568083251866152960
568085082746933248
568086667258679296
568095623875964928
568100257931747328
568100371794665472
568101513605681152
568109565796958209
568114097142652928
568118361701265408
568127434173878272
568129940371214336
568130367900798976
568130484934459392
568138258108051457
568145575452876800
568152035767554048
568157634999783424
568158732930191360
568160713170149376
568174745293709313
568186071114252288
568186573965172736
568189949415170048
568190725319311360
568190857263915008
568193116437483520
568194520497713152
568196466503770112
568201002731622400
568206455251144704
568210483959836672
568211739059326976
568211991757770752
568221088750161920
568221167288344577
568222514956013568
568225322543538176
568230620595417088
568236231374581760
568247978835578880
568251315220041728
568251373189349376
568253266456395776
568256282668302337
568263079789608961
568265091226800130
568266347450273793
568269372151734273
568272139075387392
568281546999754752
568356849189150721
568373807414714369
568387111931527168
568396205270691840
568401790250700800
568408789512105985
568417260668379136
568420497563598848
568422177571258368
568423886762569728
568429677779365888
568430681367453696
568432328902610944
568432364717633536
568432390957355008
568432405482229760
568433045805465600
568433431471886336
568447513759522816
568448300325605377
568454321219596289
568457140894969856
568457955223453696
568462632719491072
568469942711885825
568475305675001857
568479680229208064
568492898553102337
568499384704479233
568503887113498625
568506804096917504
568507977235365888
568509134276050945
568511969335984128
568523003778084864
568523051853197312
568524550251479040
568534114527113216
568535276546449409
568536882012749824
568536883199746048
568538034947297281
568538044703178752
568538064487735296
568538242380742656
568539903979446272
568545438976102400
568547201208565760
568549214696935424
568550726311346177
568553155937452034
568561041774231553
568562718854111233
568562804837490688
568568593262231552
568569972529745920
568583360811016192
568583414519083010
568587181264146432
568588936852799488
568589732520665089
568598412544704512
568600552814174208
568602156988657664
568604830291222530
568607094426996738
568613712858198016
568617163465957377
568619425886121985
568628841431867392
568634780264374272
568635531900243968
568643928720850944
568649643187310593
568658885361438720
568673970251116544
568689188377403392
568750153315676160
568763877992706048
568768156841308160
568769775515635712
568779480019251201
568779615323299840
568779794902614016
568780741909319680
568781747128803328
568787787815776256
568790015142178816
568793575300796417
568794864533385216
568796340714639360
568801535662166016
568817985147654144
568818328132841472
568824987244584961
568825140898873344
568831574474661888
568835134603931649
568837615220166657
568840215089041409
568840247657820160
568855251123449856
568868127364096000
568870279906234368
568870342443184128
568870394708545536
568873031428415489
568878319074029568
568880146284982272
568884675021635584
568885498464374785
568885499986874369
568889677094232064
568891974687830016
568900531696984064
568911099740839936
568911349092212736
568911350656675841
568915536844759040
568915699290284032
568915741551886336
568919308006395904
568921163901984768
568925583939375104
568929490929377281
568930692551221248
568930740127326209
568930822952103938
568940291530493952
568948848263081986
568950706008231936
568959416524886016
568961016782036992
568963192489029632
568964974611193858
568967580595064832
568975398236659712
568976030947418112
568976065210806272
568982821454245888
568992757169065984
568995644276383744
569002132621398016
569002703558475777
569005006902468608
569006176186183680
569036471232892929
569072664997801984
569096740676222976
569096764835414016
569124496990466051
569126921096859648
569127429702348800
569161513056935936
569163008309657600
569166368781635584
569168884798005248
569172396680175616
569172570932690947
569180623165915137
569187541120724992
569191124373520384
569195472650268672
569209566715469824
569224171303145473
569225563417620480
569232650965102592
569232738655412225
569232748663214080
569232776454483969
569232785786998785
569237160886276096
569238252676378627
569241776617160704
569244295921692672
569247724496822272
569247769166266368
569256374011428866
569258900228190208
569259645019275264
569267194028298241
569268455314219008
569274492607967232
569275249725870080
569277512892551168
569277895224516608
569278020441284608
569278041165324290
569308130464698368
569308168364425216
569308224551309313
569308255966666753
569308292893290496
569310731486699520
569312688272052224
569312745306382336
569316018230677504
569316516321202176
569317490276360193
569322657822285824
569323273172832256
569336402401472512
569338341306572800
569338441172983809
569338492515278848
569346721173655552
569347552484728832
569349932131487746
569350924633812992
569351147930169344
569353454914662400
569353501123280896
569353641615687680
569354267854704641
569361961487478785
569368523178270721
569368532242145280
569368621077692417
569390507526369280
569398722884280320
569459269394956288
569471541554978817
569473302940372992
569474230854660097
569484900828491776
569488002361249792
569492208203776000
569497966660218882
569500986638798848
569504566380797952
569508282995486720
569518608797323265
569519571314589696
569519860994203648
569522879764807680
569523635171405824
569525684864983041
569533799815630848
569543012914565126
569544271017037824
569545779079094272
569548800169283586
569549686857736193
569549922569224192
569554300495462400
569559370104639488
569563148472225794
569564824939556864
569564853460807680
569567144318365696
569570444027822081
569570644632821760
569570819757752320
569571448412438528
569571654998888448
569572707299299328
569572942381649920
569574973662232576
569579962786689024
569580001672237056
569587663692554242
569588816438169600
569589319846854658
569592590632247297
569593346223579137
569594123222585344
569594402114392064
569594855556452352
569595015518793730
569595123799101440
569595218401439744
569596156927303681
569596364197199873
569600023597428736
569600137296633856
569602897572450305
569602975829757952
569605359406485504
569605928636407808
569606513859305473
569608190410809344
569621528951660545
569624299788750848
569624713414250496
569624798860587008
569625053916061696
569625210070175744
569625356942098432
569625419097313282
569628323443318785
569629822789365761
569631847547867136
569633357451153408
569634364780351488
569635428237778944
569635623348215808
569640446999203842
569641915114659840
569642419307864064
569644171331538945
569651226280751105
569654749055864832
569655392931876864
569655420962238465
569655584540266496
569655603783708673
569655614432915456
569657264262533120
569659027073867777
569659173044129792
569664007864492032
569665738165891073
569666866932813824
569670523765960704
569670559300239360
569670589646032896
569670634718023680
569670671695011840
569670708818780161
569673622505328640
569674883099205632
569675637365071872
569676138253049859
569678153783877634
569678154152828928
569680920162258945
569684138304741377
569684947151093760
569685581787205632
569685606202093570
569685644449964032
569685692038557696
569685746723848193
569685747080372224
569685767527596032
569691100090273792
569691144897953793
569691489179021312
569692610543005697
569692618797355009
569696881330167808
569698788216049664
569699171868938241
569700696624246785
569700785824669696
569700922248581121
569702566126325760
569710305707601920
569710365770182656
569713111537717248
569713890138963968
569715802703859712
569715860241129472
569715908664430593
569716908787933184
569724254473850880
569727727881682944
569728483384930304
569731104070115329
569733015896592385
569734526521511936
569742312059899904
569743079491547137
569745686784315392
569775795452792833
569792794711220224
569797440100036608
569807000927920128
569810990189191168
569821519116955650
569821659097477120
569822102062309376
569826633152110592
569836725612220416
569839216512917504
569843745157451776
569849281533874176
569851813706539009
569851855917830145
569854312702201856
569860103341518849
569860355746213893
569862869241765888
569865637666930688
569866461172387841
569866847690100736
569866875452203010
569869163029762048
569870128915083264
569870924410970112
569872132269682688
569873190190600192
569875203473297408
569880374651650048
569881888892055552
569885015615664129
569885018358575104
569887533267611648
569889547162669056
569895082402295810
569897003255083008
569897005297709057
569897060717105152
569900367254831104
569900620095856640
569912092351819778
569912094272782337
569912213068066816
569917692758630400
569919996568215552
569921757647212544
569922008588222465
569923518051323906
569927042931814400
569927263040315392
569927288751587328
569927299908444160
569928552621182976
569934594268471296
569937108095205376
569940883975446528
569941389208719360
569942287318458369
569942482668167168
569947174571675648
569948686228295681
569949439101546496
569949946146742272
569951958552805376
569954475433201665
569957240960094209
569957516748066817
569958224968982528
569958247412723712
569958642411122688
569960010249334784
569960311022850048
569964286954618880
569968565513625600
569970829322260481
569972508499283968
569972513721229312
569972558218440704
569976620158578688
569987608912142337
569987622484848640
570000777768345600
570001282603229186
570001283907768320
570002674747367424
570002679142854656
570002805295095808
570005561338503170
570009035455344640
570011417249759233
570015373447159808
570015876902232064
570017867342725121
570017905879986176
570017987349995521
570032949992800256
570033000777457664
570033062202863616
570033099939184641
570033554492690432
570048188830216192
570048844702076930
570056648137576449
570063107701272576
570063192581390336
570063224328081408
570068976778153984
570070740566990848
570071999780933634
570072252026376192
570073507465469952
570076814585913344
570078280591781888
570078355770339328
570078379421990912
570079549914005504
570082819025838080
570084582780899328
570085589011148801
570085837821632512
570093462738984961
570108377029685248
570108519237558272
570123495180410881
570124596180955136
570172549910409217
570179455911481344
570182980142022656
570184073139912704
570184083692658688
570202173172281344
570205880504815616
570207643874123777
570210411926016001
570210970330669056
570217450874146818
570222239603273729
570229176621510659
570229222662410240
570238126611963905
570244388175130625
570246963901427713
570251472203587584
570252052099678208
570257480401469441
570258226819637248
570258476695302144
570259380999860224
570259388872695808
570259420287868928
570259423987404800
570259502685151232
570259540697948162
570263008762601475
570264011574415360
570264515285266432
570267535515324417
570272186419847168
570281958556610560
570289557205327873
570289584061480960
570289587794407425
570289724453216256
570289777184002048
570298770136674304
570300767074181121
570304740279640064
570304779412508673
570304873620746240
567617081336950784
567692504397803520
567713868747902976
567715917983776772
567717415367090176
567722664597286913
567722689989578752
567722844319404033
567726186038837248
567729658276237312
567737617031380992
567737803060940800
567737909072367616
567737962541375490
567753071833665536
567754223362666496
567767997981671424
567768156111126528
567783113309585409
567783187901915136
567788199175786496
567791526370365440
567796247672721409
567798174946172928
567801567630618624
567803049130094592
567810811491524608
567813437003411456
567813976492417024
567814010914222080
567814121870348289
567816155369570304
567818783616954369
567821166775156736
567824229296566272
567828425278283777
567832250110337024
567833247242264577
567837023014273024
567842647739654144
567843646881599489
567845492849287169
567848544893169664
567849102731526144
567856400522563584
567859338615865344
567860175740092416
567862940348579840
567863445422546944
567873698679623680
567873801653997569
567886093749604353
567887103465496576
567903883047088128
567905220828606466
567916798747619328
567920067364540416
567933117610074113
567949332395249664
568010412798509056
568032561462689793
568037591687270400
568037842838024192
568054687993352192
568054866045747200
568054955967418368
568055034296049664
568083251866152960
568085082746933248
568086667258679296
568095623875964928
568100257931747328
568100371794665472
568101513605681152
568109565796958209
568114097142652928
568118361701265408
568127434173878272
568129940371214336
568130367900798976
568130484934459392
568138258108051457
568145575452876800
568152035767554048
568157634999783424
568158732930191360
568160713170149376
568174745293709313
568186071114252288
568186573965172736
568189949415170048
568190725319311360
568190857263915008
568193116437483520
568194520497713152
568196466503770112
568201002731622400
568206455251144704
568210483959836672
568211739059326976
568211991757770752
568221088750161920
568221167288344577
568222514956013568
568225322543538176
568230620595417088
568236231374581760
568247978835578880
568251315220041728
568251373189349376
568253266456395776
568256282668302337
568263079789608961
568265091226800130
568266347450273793
568269372151734273
568272139075387392
568281546999754752
568356849189150721
568373807414714369
568387111931527168
568396205270691840
568401790250700800
568408789512105985
568417260668379136
568420497563598848
568422177571258368
568423886762569728
568429677779365888
568430681367453696
568432328902610944
568432364717633536
568432390957355008
568432405482229760
568433045805465600
568433431471886336
568447513759522816
568448300325605377
568454321219596289
568457140894969856
568457955223453696
568462632719491072
568469942711885825
568475305675001857
568479680229208064
568492898553102337
568499384704479233
568503887113498625
568506804096917504
568507977235365888
568509134276050945
568511969335984128
568523003778084864
568523051853197312
568524550251479040
568534114527113216
568535276546449409
568536882012749824
568536883199746048
568538034947297281
568538044703178752
568538064487735296
568538242380742656
568539903979446272
568545438976102400
568547201208565760
568549214696935424
568550726311346177
568553155937452034
568561041774231553
568562718854111233
568562804837490688
568568593262231552
568569972529745920
568583360811016192
568583414519083010
568587181264146432
568588936852799488
568589732520665089
568598412544704512
568600552814174208
568602156988657664
568604830291222530
568607094426996738
568613712858198016
568617163465957377
568619425886121985
568628841431867392
568634780264374272
568635531900243968
568643928720850944
568649643187310593
568658885361438720
568673970251116544
568689188377403392
568750153315676160
568763877992706048
568768156841308160
568769775515635712
568779480019251201
568779615323299840
568779794902614016
568780741909319680
568781747128803328
568787787815776256
568790015142178816
568793575300796417
568794864533385216
568796340714639360
568801535662166016
568817985147654144
568818328132841472
568824987244584961
568825140898873344
568831574474661888
568835134603931649
568837615220166657
568840215089041409
568840247657820160
568855251123449856
568868127364096000
568870279906234368
568870342443184128
568870394708545536
568873031428415489
568878319074029568
568880146284982272
568884675021635584
568885498464374785
568885499986874369
568889677094232064
568891974687830016
568900531696984064
568911099740839936
568911349092212736
568911350656675841
568915536844759040
568915699290284032
568915741551886336
568919308006395904
568921163901984768
568925583939375104
568929490929377281
568930692551221248
568930740127326209
568930822952103938
568940291530493952
568948848263081986
568950706008231936
568959416524886016
568961016782036992
568963192489029632
568964974611193858
568967580595064832
568975398236659712
568976030947418112
568976065210806272
568982821454245888
568992757169065984
568995644276383744
569002132621398016
569002703558475777
569005006902468608
569006176186183680
569036471232892929
569072664997801984
569096740676222976
569096764835414016
569124496990466051
569126921096859648
569127429702348800
569161513056935936
569163008309657600
569166368781635584
569168884798005248
569172396680175616
569172570932690947
569180623165915137
569187541120724992
569191124373520384
569195472650268672
569209566715469824
569224171303145473
569225563417620480
569232650965102592
569232738655412225
569232748663214080
569232776454483969
569232785786998785
569237160886276096
569238252676378627
569241776617160704
569244295921692672
569247724496822272
569247769166266368
569256374011428866
569258900228190208
569259645019275264
569267194028298241
569268455314219008
569274492607967232
569275249725870080
569277512892551168
569277895224516608
569278020441284608
569278041165324290
569308130464698368
569308168364425216
569308224551309313
569308255966666753
569308292893290496
569310731486699520
569312688272052224
569312745306382336
569316018230677504
569316516321202176
569317490276360193
569322657822285824
569323273172832256
569336402401472512
569338341306572800
569338441172983809
569338492515278848
569346721173655552
569347552484728832
569349932131487746
569350924633812992
569351147930169344
569353454914662400
569353501123280896
569353641615687680
569354267854704641
569361961487478785
569368523178270721
569368532242145280
569368621077692417
569390507526369280
569398722884280320
569459269394956288
569471541554978817
569473302940372992
569474230854660097
569484900828491776
569488002361249792
569492208203776000
569497966660218882
569500986638798848
569504566380797952
569508282995486720
569518608797323265
569519571314589696
569519860994203648
569522879764807680
569523635171405824
569525684864983041
569533799815630848
569543012914565126
569544271017037824
569545779079094272
569548800169283586
569549686857736193
569549922569224192
569554300495462400
569559370104639488
569563148472225794
569564824939556864
569564853460807680
569567144318365696
569570444027822081
569570644632821760
569570819757752320
569571448412438528
569571654998888448
569572707299299328
569572942381649920
569574973662232576
569579962786689024
569580001672237056
569587663692554242
569588816438169600
569589319846854658
569592590632247297
569593346223579137
569594123222585344
569594402114392064
569594855556452352
569595015518793730
569595123799101440
569595218401439744
569596156927303681
569596364197199873
569600023597428736
569600137296633856
569602897572450305
569602975829757952
569605359406485504
569605928636407808
569606513859305473
569608190410809344
569621528951660545
569624299788750848
569624713414250496
569624798860587008
569625053916061696
569625210070175744
569625356942098432
569625419097313282
569628323443318785
569629822789365761
569631847547867136
569633357451153408
569634364780351488
569635428237778944
569635623348215808
569640446999203842
569641915114659840
569642419307864064
569644171331538945
569651226280751105
569654749055864832
569655392931876864
569655420962238465
569655584540266496
569655603783708673
569655614432915456
569657264262533120
569659027073867777
569659173044129792
569664007864492032
569665738165891073
569666866932813824
569670523765960704
569670559300239360
569670589646032896
569670634718023680
569670671695011840
569670708818780161
569673622505328640
569674883099205632
569675637365071872
569676138253049859
569678153783877634
569678154152828928
569680920162258945
569684138304741377
569684947151093760
569685581787205632
569685606202093570
569685644449964032
569685692038557696
569685746723848193
569685747080372224
569685767527596032
569691100090273792
569691144897953793
569691489179021312
569692610543005697
569692618797355009
569696881330167808
569698788216049664
569699171868938241
569700696624246785
569700785824669696
569700922248581121
569702566126325760
569710305707601920
569710365770182656
569713111537717248
569713890138963968
569715802703859712
569715860241129472
569715908664430593
569716908787933184
569724254473850880
569727727881682944
569728483384930304
569731104070115329
569733015896592385
569734526521511936
569742312059899904
569743079491547137
569745686784315392
569775795452792833
569792794711220224
569797440100036608
569807000927920128
569810990189191168
569821519116955650
569821659097477120
569822102062309376
569826633152110592
569836725612220416
569839216512917504
569843745157451776
569849281533874176
569851813706539009
569851855917830145
569854312702201856
569860103341518849
569860355746213893
569862869241765888
569865637666930688
569866461172387841
569866847690100736
569866875452203010
569869163029762048
569870128915083264
569870924410970112
569872132269682688
569873190190600192
569875203473297408
569880374651650048
569881888892055552
569885015615664129
569885018358575104
569887533267611648
569889547162669056
569895082402295810
569897003255083008
569897005297709057
569897060717105152
569900367254831104
569900620095856640
569912092351819778
569912094272782337
569912213068066816
569917692758630400
569919996568215552
569921757647212544
569922008588222465
569923518051323906
569927042931814400
569927263040315392
569927288751587328
569927299908444160
569928552621182976
569934594268471296
569937108095205376
569940883975446528
569941389208719360
569942287318458369
569942482668167168
569947174571675648
569948686228295681
569949439101546496
569949946146742272
569951958552805376
569954475433201665
569957240960094209
569957516748066817
569958224968982528
569958247412723712
569958642411122688
569960010249334784
569960311022850048
569964286954618880
569968565513625600
569970829322260481
569972508499283968
569972513721229312
569972558218440704
569976620158578688
569987608912142337
569987622484848640
570000777768345600
570001282603229186
570001283907768320
570002674747367424
570002679142854656
570002805295095808
570005561338503170
570009035455344640
570011417249759233
570015373447159808
570015876902232064
570017867342725121
570017905879986176
570017987349995521
570032949992800256
570033000777457664
570033062202863616
570033099939184641
570033554492690432
570048188830216192
570048844702076930
570056648137576449
570063107701272576
570063192581390336
570063224328081408
570068976778153984
570070740566990848
570071999780933634
570072252026376192
570073507465469952
570076814585913344
570078280591781888
570078355770339328
570078379421990912
570079549914005504
570082819025838080
570084582780899328
570085589011148801
570085837821632512
570093462738984961
570108377029685248
570108519237558272
570123495180410881
570124596180955136
570172549910409217
570179455911481344
570182980142022656
570184073139912704
570184083692658688
570202173172281344
570205880504815616
570207643874123777
570210411926016001
570210970330669056
570217450874146818
570222239603273729
570229176621510659
570229222662410240
570238126611963905
570244388175130625
570246963901427713
570251472203587584
570252052099678208
570257480401469441
570258226819637248
570258476695302144
570259380999860224
570259388872695808
570259420287868928
570259423987404800
570259502685151232
570259540697948162
570263008762601475
570264011574415360
570264515285266432
570267535515324417
570272186419847168
570281958556610560
570289557205327873
570289584061480960
570289587794407425
570289724453216256
570289777184002048
570298770136674304
570300767074181121
570304740279640064
570304779412508673
570304873620746240
567617081336950784
567692504397803520
567713868747902976
567715917983776772
567717415367090176
567722664597286913
567722689989578752
567722844319404033
567726186038837248
567729658276237312
567737617031380992
567737803060940800
567737909072367616
567737962541375490
567753071833665536
567754223362666496
567767997981671424
567768156111126528
567783113309585409
567783187901915136
567788199175786496
567791526370365440
567796247672721409
567798174946172928
567801567630618624
567803049130094592
567810811491524608
567813437003411456
567813976492417024
567814010914222080
567814121870348289
567816155369570304
567818783616954369
567821166775156736
567824229296566272
567828425278283777
567832250110337024
567833247242264577
567837023014273024
567842647739654144
567843646881599489
567845492849287169
567848544893169664
567849102731526144
567856400522563584
567859338615865344
567860175740092416
567862940348579840
567863445422546944
567873698679623680
567873801653997569
567886093749604353
567887103465496576
567903883047088128
567905220828606466
567916798747619328
567920067364540416
567933117610074113
567949332395249664
568010412798509056
568032561462689793
568037591687270400
568037842838024192
568054687993352192
568054866045747200
568054955967418368
568055034296049664
568083251866152960
568085082746933248
568086667258679296
568095623875964928
568100257931747328
568100371794665472
568101513605681152
568109565796958209
568114097142652928
568118361701265408
568127434173878272
568129940371214336
568130367900798976
568130484934459392
568138258108051457
568145575452876800
568152035767554048
568157634999783424
568158732930191360
568160713170149376
568174745293709313
568186071114252288
568186573965172736
568189949415170048
568190725319311360
568190857263915008
568193116437483520
568194520497713152
568196466503770112
568201002731622400
568206455251144704
568210483959836672
568211739059326976
568211991757770752
568221088750161920
568221167288344577
568222514956013568
568225322543538176
568230620595417088
568236231374581760
568247978835578880
568251315220041728
568251373189349376
568253266456395776
568256282668302337
568263079789608961
568265091226800130
568266347450273793
568269372151734273
568272139075387392
568281546999754752
568356849189150721
568373807414714369
568387111931527168
568396205270691840
568401790250700800
568408789512105985
568417260668379136
568420497563598848
568422177571258368
568423886762569728
568429677779365888
568430681367453696
568432328902610944
568432364717633536
568432390957355008
568432405482229760
568433045805465600
568433431471886336
568447513759522816
568448300325605377
568454321219596289
568457140894969856
568457955223453696
568462632719491072
568469942711885825
568475305675001857
568479680229208064
568492898553102337
568499384704479233
568503887113498625
568506804096917504
568507977235365888
568509134276050945
568511969335984128
568523003778084864
568523051853197312
568524550251479040
568534114527113216
568535276546449409
568536882012749824
568536883199746048
568538034947297281
568538044703178752
568538064487735296
568538242380742656
568539903979446272
568545438976102400
568547201208565760
568549214696935424
568550726311346177
568553155937452034
568561041774231553
568562718854111233
568562804837490688
568568593262231552
568569972529745920
568583360811016192
568583414519083010
568587181264146432
568588936852799488
568589732520665089
568598412544704512
568600552814174208
568602156988657664
568604830291222530
568607094426996738
568613712858198016
568617163465957377
568619425886121985
568628841431867392
568634780264374272
568635531900243968
568643928720850944
568649643187310593
568658885361438720
568673970251116544
568689188377403392
568750153315676160
568763877992706048
568768156841308160
568769775515635712
568779480019251201
568779615323299840
568779794902614016
568780741909319680
568781747128803328
568787787815776256
568790015142178816
568793575300796417
568794864533385216
568796340714639360
568801535662166016
568817985147654144
568818328132841472
568824987244584961
568825140898873344
568831574474661888
568835134603931649
568837615220166657
568840215089041409
568840247657820160
568855251123449856
568868127364096000
568870279906234368
568870342443184128
568870394708545536
568873031428415489
568878319074029568
568880146284982272
568884675021635584
568885498464374785
568885499986874369
568889677094232064
568891974687830016
568900531696984064
568911099740839936
568911349092212736
568911350656675841
568915536844759040
568915699290284032
568915741551886336
568919308006395904
568921163901984768
568925583939375104
568929490929377281
568930692551221248
568930740127326209
568930822952103938
568940291530493952
568948848263081986
568950706008231936
568959416524886016
568961016782036992
568963192489029632
568964974611193858
568967580595064832
568975398236659712
568976030947418112
568976065210806272
568982821454245888
568992757169065984
568995644276383744
569002132621398016
569002703558475777
569005006902468608
569006176186183680
569036471232892929
569072664997801984
569096740676222976
569096764835414016
569124496990466051
569126921096859648
569127429702348800
569161513056935936
569163008309657600
569166368781635584
569168884798005248
569172396680175616
569172570932690947
569180623165915137
569187541120724992
569191124373520384
569195472650268672
569209566715469824
569224171303145473
569225563417620480
569232650965102592
569232738655412225
569232748663214080
569232776454483969
569232785786998785
569237160886276096
569238252676378627
569241776617160704
569244295921692672
569247724496822272
569247769166266368
569256374011428866
569258900228190208
569259645019275264
569267194028298241
569268455314219008
569274492607967232
569275249725870080
569277512892551168
569277895224516608
569278020441284608
569278041165324290
569308130464698368
569308168364425216
569308224551309313
569308255966666753
569308292893290496
569310731486699520
569312688272052224
569312745306382336
569316018230677504
569316516321202176
569317490276360193
569322657822285824
569323273172832256
569336402401472512
569338341306572800
569338441172983809
569338492515278848
569346721173655552
569347552484728832
569349932131487746
569350924633812992
569351147930169344
569353454914662400
569353501123280896
569353641615687680
569354267854704641
569361961487478785
569368523178270721
569368532242145280
569368621077692417
569390507526369280
569398722884280320
569459269394956288
569471541554978817
569473302940372992
569474230854660097
569484900828491776
569488002361249792
569492208203776000
569497966660218882
569500986638798848
569504566380797952
569508282995486720
569518608797323265
569519571314589696
569519860994203648
569522879764807680
569523635171405824
569525684864983041
569533799815630848
569543012914565126
569544271017037824
569545779079094272
569548800169283586
569549686857736193
569549922569224192
569554300495462400
569559370104639488
569563148472225794
569564824939556864
569564853460807680
569567144318365696
569570444027822081
569570644632821760
569570819757752320
569571448412438528
569571654998888448
569572707299299328
569572942381649920
569574973662232576
569579962786689024
569580001672237056
569587663692554242
569588816438169600
569589319846854658
569592590632247297
569593346223579137
569594123222585344
569594402114392064
569594855556452352
569595015518793730
569595123799101440
569595218401439744
569596156927303681
569596364197199873
569600023597428736
569600137296633856
569602897572450305
569602975829757952
569605359406485504
569605928636407808
569606513859305473
569608190410809344
569621528951660545
569624299788750848
569624713414250496
569624798860587008
569625053916061696
569625210070175744
569625356942098432
569625419097313282
569628323443318785
569629822789365761
569631847547867136
569633357451153408
569634364780351488
569635428237778944
569635623348215808
569640446999203842
569641915114659840
569642419307864064
569644171331538945
569651226280751105
569654749055864832
569655392931876864
569655420962238465
569655584540266496
569655603783708673
569655614432915456
569657264262533120
569659027073867777
569659173044129792
569664007864492032
569665738165891073
569666866932813824
569670523765960704
569670559300239360
569670589646032896
569670634718023680
569670671695011840
569670708818780161
569673622505328640
569674883099205632
569675637365071872
569676138253049859
569678153783877634
569678154152828928
569680920162258945
569684138304741377
569684947151093760
569685581787205632
569685606202093570
569685644449964032
569685692038557696
569685746723848193
569685747080372224
569685767527596032
569691100090273792
569691144897953793
569691489179021312
569692610543005697
569692618797355009
569696881330167808
569698788216049664
569699171868938241
569700696624246785
569700785824669696
569700922248581121
569702566126325760
569710305707601920
569710365770182656
569713111537717248
569713890138963968
569715802703859712
569715860241129472
569715908664430593
569716908787933184
569724254473850880
569727727881682944
569728483384930304
569731104070115329
569733015896592385
569734526521511936
569742312059899904
569743079491547137
569745686784315392
569775795452792833
569792794711220224
569797440100036608
569807000927920128
569810990189191168
569821519116955650
569821659097477120
569822102062309376
569826633152110592
569836725612220416
569839216512917504
569843745157451776
569849281533874176
569851813706539009
569851855917830145
569854312702201856
569860103341518849
569860355746213893
569862869241765888
569865637666930688
569866461172387841
569866847690100736
569866875452203010
569869163029762048
569870128915083264
569870924410970112
569872132269682688
569873190190600192
569875203473297408
569880374651650048
569881888892055552
569885015615664129
569885018358575104
569887533267611648
569889547162669056
569895082402295810
569897003255083008
569897005297709057
569897060717105152
569900367254831104
569900620095856640
569912092351819778
569912094272782337
569912213068066816
569917692758630400
569919996568215552
569921757647212544
569922008588222465
569923518051323906
569927042931814400
569927263040315392
569927288751587328
569927299908444160
569928552621182976
569934594268471296
569937108095205376
569940883975446528
569941389208719360
569942287318458369
569942482668167168
569947174571675648
569948686228295681
569949439101546496
569949946146742272
569951958552805376
569954475433201665
569957240960094209
569957516748066817
569958224968982528
569958247412723712
569958642411122688
569960010249334784
569960311022850048
569964286954618880
569968565513625600
569970829322260481
569972508499283968
569972513721229312
569972558218440704
569976620158578688
569987608912142337
569987622484848640
570000777768345600
570001282603229186
570001283907768320
570002674747367424
570002679142854656
570002805295095808
570005561338503170
570009035455344640
570011417249759233
570015373447159808
570015876902232064
570017867342725121
570017905879986176
570017987349995521
570032949992800256
570033000777457664
570033062202863616
570033099939184641
570033554492690432
570048188830216192
570048844702076930
570056648137576449
570063107701272576
570063192581390336
570063224328081408
570068976778153984
570070740566990848
570071999780933634
570072252026376192
570073507465469952
570076814585913344
570078280591781888
570078355770339328
570078379421990912
570079549914005504
570082819025838080
570084582780899328
570085589011148801
570085837821632512
570093462738984961
570108377029685248
570108519237558272
570123495180410881
570124596180955136
570172549910409217
570179455911481344
570182980142022656
570184073139912704
570184083692658688
570202173172281344
570205880504815616
570207643874123777
570210411926016001
570210970330669056
570217450874146818
570222239603273729
570229176621510659
570229222662410240
570238126611963905
570244388175130625
570246963901427713
570251472203587584
570252052099678208
570257480401469441
570258226819637248
570258476695302144
570259380999860224
570259388872695808
570259420287868928
570259423987404800
570259502685151232
570259540697948162
570263008762601475
570264011574415360
570264515285266432
570267535515324417
570272186419847168
570281958556610560
570289557205327873
570289584061480960
570289587794407425
570289724453216256
570289777184002048
570298770136674304
570300767074181121
570304740279640064
570304779412508673
570304873620746240
