567679487383699456
567721764285726720
567722937545814018
567723096186945538
567728057700876288
567730323988172800
567733847132229632
567738031398866944
567738065595019265
567738154128769028
567738171215994880
567738192426590209
567738375755415552
567742148603170816
567750519402143745
567753194546421760
567759012806029312
567766563533897729
567768224607911936
567768306799882241
567768330624372736
567768417038761987
567773609939058688
567777885277405184
567783456420012032
567787449053872128
567798535262060544
567813515353804801
567817897893982208
567828603976597504
567828625388609536
567828700726620160
567828973893259264
567843811990376449
567843845247016960
567843889748418560
567847344307347456
567848852943953920
567858957546561536
567859008230563840
567863197341847552
567874134174101504
567879304593408001
567919283419742210
567919301732098048
567919391515348992
567972416846217216
568025019068108800
568045397408661504
568047159746174976
568055279839023105
568057226776219648
568062007108190210
568070338438963200
568070386627305472
568081386520723456
568085308727808000
568085366441246720
568100626183417856
568112842261594112
568115571788808192
568115588024963072
568115611814858752
568124227641065472
568126682336534529
568130768788185088
568145883679875072
568147319155073024
568161023091478530
568163426343784448
568166195758829568
568168460468895745
568175505314336768
568176078595985408
568177521327509504
568187334111289344
568190857263915008
568191101087019008
568203438099529728
568206092599218176
568206236081995776
568221293914533889
568230620595417088
568236511524745216
568247480023961600
568253266456395776
568255534941544448
568278936561401856
568281631443841024
568281771298521088
568281801480904704
568323479826771968
568326927695491072
568350913858965504
568372335012679680
568387362239205376
568387402810728448
568396209091702784
568402562107498497
568416305101070336
568421124201017345
568432609866457088
568432638823772160
568432677789011968
568432782386466816
568439748047581184
568462805235597312
568466673990307840
568481017876623360
568484039499378690
568508151852457985
568536634058084352
568546953262436352
568553610981740544
568566331169247232
568568593262231552
568568690381168640
568583191260483584
568583737417605122
568583773794799616
568598882613133314
568605590735294464
568613837198340098
568614009584291840
568619178363478018
568624462863720448
568643981258723328
568644053522391041
568672781979619328
568736451237707776
568769672922812418
568778730186928128
568780030538420225
568780060720701440
568795018816675841
568795139512127488
568798862086836225
568810170383536128
568810180269494272
568821261767303168
568823775745028096
568824786337574912
568825255604699136
568825791644966912
568834851517771776
568837619372593153
568840506148573186
568844412970770433
568845421390344192
568855357923074049
568855390462603264
568855465842466817
568855468975759360
568855505747095552
568860520796725248
568861022343307264
568864796717805568
568870473934761985
568871340498821120
568885556718907392
568885581297651713
568885645927686144
568894996683870208
568900531696984064
568900770860392448
568902044561465344
568905816973172736
568908838784475136
568911101146091520
568932998051016704
568940548301549568
568945958970531840
568959170730266624
568961064651460608
568961160357285889
568968480717983744
568976030947418112
568976322032087041
568976326666768384
568983580585517056
568991327389671425
568998681715695618
569017052310056960
569021593852239872
569066946433581056
569124760224813056
569132310110588928
569140362025050112
569143132756914176
569172570932690947
569181132685574144
569182643155300352
569196231546830848
569198999904886784
569201516881448960
569202656486432768
569202691185909760
569202715571703808
569202773704646658
569217929541238784
569233531483918337
569237252154372097
569247182337019904
569248000456970240
569248055817404416
569248084934443010
569250085516681216
569250842894733312
569263177784905729
569263677234388993
569275000232013825
569278020441284608
569278347441799169
569279532261203968
569293295655866369
569293296872222720
569307466896424961
569308552671707136
569323555365752833
569328854948573187
569330115114627073
569333637382053889
569337916125798401
569337916872220673
569338605057015808
569338658295193600
569338724787593216
569339928678522880
569341439148236800
569353641615687680
569353669738688512
569359055937908736
569373650647945216
569383892542738432
569384007550394369
569399153253429248
569444456660750337
569459455273897984
569459543236874240
569459716906229760
569489752732274688
569489753332191232
569490420356374528
569491425110466560
569502753694691328
569504763957653504
569504786879528962
569504813915832321
569504866260930560
569519860994203648
569519918833643521
569525150263214080
569528923769298945
569533202835984385
569534882952716288
569534889055395841
569534939642925058
569539746348675073
569543771181981697
569544528299995137
569555395339018241
569555719885885441
569558114447560706
569560633957609472
569561389121060864
569563148472225794
569565125344141312
569566673235271680
569574221216661505
569576236541825024
569580180353609729
569580197709783040
569580275182772225
569580279251255296
569587813856841728
569594354924425216
569595245945597952
569595309279440896
569595333899997185
569595399557685248
569602407417692162
569604674715693057
569605930146353152
569608446586200064
569610485101768704
569610542723309568
569611217301450752
569611721054162945
569625456816709633
569625599570014209
569625606536732672
569625607476158465
569625609799774208
569627069463842816
569627574336421888
569630092273410048
569630593924911104
569631350304731136
569636885863251969
569640574971715584
569640733466103808
569641916855402496
569646446586171392
569648713980715010
569655861297049600
569667082499035137
569670354030989313
569670802867556352
569670844047192064
569670882207129601
569670904852172800
569670962825846785
569672116750004226
569685890349404160
569685957437362176
569686000240345090
569689983969202180
569690742169292802
569700953164615681
569701004188508161
569701122899775488
569702567573368832
569705838870466561
569710119216422912
569716065741045760
569716101027745792
569716148293349377
569716270184173568
569723205142880256
569723768773349376
569724705063596032
569731189214351360
569731306092961792
569731353337581568
569740316577632256
569741325454540800
569746271336062978
569746288499138560
569746398519955456
569762463811383297
569771270839013376
569777311475765248
569791667827388416
569815061440679937
567679487383699456
567721764285726720
567722937545814018
567723096186945538
567728057700876288
567730323988172800
567733847132229632
567738031398866944
567738065595019265
567738154128769028
567738171215994880
567738192426590209
567738375755415552
567742148603170816
567750519402143745
567753194546421760
567759012806029312
567766563533897729
567768224607911936
567768306799882241
567768330624372736
567768417038761987
567773609939058688
567777885277405184
567783456420012032
567787449053872128
567798535262060544
567813515353804801
567817897893982208
567828603976597504
567828625388609536
567828700726620160
567828973893259264
567843811990376449
567843845247016960
567843889748418560
567847344307347456
567848852943953920
567858957546561536
567859008230563840
567863197341847552
567874134174101504
567879304593408001
567919283419742210
567919301732098048
567919391515348992
567972416846217216
568025019068108800
568045397408661504
568047159746174976
568055279839023105
568057226776219648
568062007108190210
568070338438963200
568070386627305472
568081386520723456
568085308727808000
568085366441246720
568100626183417856
568112842261594112
568115571788808192
568115588024963072
568115611814858752
568124227641065472
568126682336534529
568130768788185088
568145883679875072
568147319155073024
568161023091478530
568163426343784448
568166195758829568
568168460468895745
568175505314336768
568176078595985408
568177521327509504
568187334111289344
568190857263915008
568191101087019008
568203438099529728
568206092599218176
568206236081995776
568221293914533889
568230620595417088
568236511524745216
568247480023961600
568253266456395776
568255534941544448
568278936561401856
568281631443841024
568281771298521088
568281801480904704
568323479826771968
568326927695491072
568350913858965504
568372335012679680
568387362239205376
568387402810728448
568396209091702784
568402562107498497
568416305101070336
568421124201017345
568432609866457088
568432638823772160
568432677789011968
568432782386466816
568439748047581184
568462805235597312
568466673990307840
568481017876623360
568484039499378690
568508151852457985
568536634058084352
568546953262436352
568553610981740544
568566331169247232
568568593262231552
568568690381168640
568583191260483584
568583737417605122
568583773794799616
568598882613133314
568605590735294464
568613837198340098
568614009584291840
568619178363478018
568624462863720448
568643981258723328
568644053522391041
568672781979619328
568736451237707776
568769672922812418
568778730186928128
568780030538420225
568780060720701440
568795018816675841
568795139512127488
568798862086836225
568810170383536128
568810180269494272
568821261767303168
568823775745028096
568824786337574912
568825255604699136
568825791644966912
568834851517771776
568837619372593153
568840506148573186
568844412970770433
568845421390344192
568855357923074049
568855390462603264
568855465842466817
568855468975759360
568855505747095552
568860520796725248
568861022343307264
568864796717805568
568870473934761985
568871340498821120
568885556718907392
568885581297651713
568885645927686144
568894996683870208
568900531696984064
568900770860392448
568902044561465344
568905816973172736
568908838784475136
568911101146091520
568932998051016704
568940548301549568
568945958970531840
568959170730266624
568961064651460608
568961160357285889
568968480717983744
568976030947418112
568976322032087041
568976326666768384
568983580585517056
568991327389671425
568998681715695618
569017052310056960
569021593852239872
569066946433581056
569124760224813056
569132310110588928
569140362025050112
569143132756914176
569172570932690947
569181132685574144
569182643155300352
569196231546830848
569198999904886784
569201516881448960
569202656486432768
569202691185909760
569202715571703808
569202773704646658
569217929541238784
569233531483918337
569237252154372097
569247182337019904
569248000456970240
569248055817404416
569248084934443010
569250085516681216
569250842894733312
569263177784905729
569263677234388993
569275000232013825
569278020441284608
569278347441799169
569279532261203968
569293295655866369
569293296872222720
569307466896424961
569308552671707136
569323555365752833
569328854948573187
569330115114627073
569333637382053889
569337916125798401
569337916872220673
569338605057015808
569338658295193600
569338724787593216
569339928678522880
569341439148236800
569353641615687680
569353669738688512
569359055937908736
569373650647945216
569383892542738432
569384007550394369
569399153253429248
569444456660750337
569459455273897984
569459543236874240
569459716906229760
569489752732274688
569489753332191232
569490420356374528
569491425110466560
569502753694691328
569504763957653504
569504786879528962
569504813915832321
569504866260930560
569519860994203648
569519918833643521
569525150263214080
569528923769298945
569533202835984385
569534882952716288
569534889055395841
569534939642925058
569539746348675073
569543771181981697
569544528299995137
569555395339018241
569555719885885441
569558114447560706
569560633957609472
569561389121060864
569563148472225794
569565125344141312
569566673235271680
569574221216661505
569576236541825024
569580180353609729
569580197709783040
569580275182772225
569580279251255296
569587813856841728
569594354924425216
569595245945597952
569595309279440896
569595333899997185
569595399557685248
569602407417692162
569604674715693057
569605930146353152
569608446586200064
569610485101768704
569610542723309568
569611217301450752
569611721054162945
569625456816709633
569625599570014209
569625606536732672
569625607476158465
569625609799774208
569627069463842816
569627574336421888
569630092273410048
569630593924911104
569631350304731136
569636885863251969
569640574971715584
569640733466103808
569641916855402496
569646446586171392
569648713980715010
569655861297049600
569667082499035137
569670354030989313
569670802867556352
569670844047192064
569670882207129601
569670904852172800
569670962825846785
569672116750004226
569685890349404160
569685957437362176
569686000240345090
569689983969202180
569690742169292802
569700953164615681
569701004188508161
569701122899775488
569702567573368832
569705838870466561
569710119216422912
569716065741045760
569716101027745792
569716148293349377
569716270184173568
569723205142880256
569723768773349376
569724705063596032
569731189214351360
569731306092961792
569731353337581568
569740316577632256
569741325454540800
569746271336062978
569746288499138560
569746398519955456
569762463811383297
569771270839013376
569777311475765248
569791667827388416
569815061440679937
569821862873726976
569821947049218048
569831418412429312
569833680316829696
569843749230133248
567679487383699456
567721764285726720
567722937545814018
567723096186945538
567728057700876288
567730323988172800
567733847132229632
567738031398866944
567738065595019265
567738154128769028
567738171215994880
567738192426590209
567738375755415552
567742148603170816
567750519402143745
567753194546421760
567759012806029312
567766563533897729
567768224607911936
567768306799882241
567768330624372736
567768417038761987
567773609939058688
567777885277405184
567783456420012032
567787449053872128
567798535262060544
567813515353804801
567817897893982208
567828603976597504
567828625388609536
567828700726620160
567828973893259264
567843811990376449
567843845247016960
567843889748418560
567847344307347456
567848852943953920
567858957546561536
567859008230563840
567863197341847552
567874134174101504
567879304593408001
567919283419742210
567919301732098048
567919391515348992
567972416846217216
568025019068108800
568045397408661504
568047159746174976
568055279839023105
568057226776219648
568062007108190210
568070338438963200
568070386627305472
568081386520723456
568085308727808000
568085366441246720
568100626183417856
568112842261594112
568115571788808192
568115588024963072
568115611814858752
568124227641065472
568126682336534529
568130768788185088
568145883679875072
568147319155073024
568161023091478530
568163426343784448
568166195758829568
568168460468895745
568175505314336768
568176078595985408
568177521327509504
568187334111289344
568190857263915008
568191101087019008
568203438099529728
568206092599218176
568206236081995776
568221293914533889
568230620595417088
568236511524745216
568247480023961600
568253266456395776
568255534941544448
568278936561401856
568281631443841024
568281771298521088
568281801480904704
568323479826771968
568326927695491072
568350913858965504
568372335012679680
568387362239205376
568387402810728448
568396209091702784
568402562107498497
568416305101070336
568421124201017345
568432609866457088
568432638823772160
568432677789011968
568432782386466816
568439748047581184
568462805235597312
568466673990307840
568481017876623360
568484039499378690
568508151852457985
568536634058084352
568546953262436352
568553610981740544
568566331169247232
568568593262231552
568568690381168640
568583191260483584
568583737417605122
568583773794799616
568598882613133314
568605590735294464
568613837198340098
568614009584291840
568619178363478018
568624462863720448
568643981258723328
568644053522391041
568672781979619328
568736451237707776
568769672922812418
568778730186928128
568780030538420225
568780060720701440
568795018816675841
568795139512127488
568798862086836225
568810170383536128
568810180269494272
568821261767303168
568823775745028096
568824786337574912
568825255604699136
568825791644966912
568834851517771776
568837619372593153
568840506148573186
568844412970770433
568845421390344192
568855357923074049
568855390462603264
568855465842466817
568855468975759360
568855505747095552
568860520796725248
568861022343307264
568864796717805568
568870473934761985
568871340498821120
568885556718907392
568885581297651713
568885645927686144
568894996683870208
568900531696984064
568900770860392448
568902044561465344
568905816973172736
568908838784475136
568911101146091520
568932998051016704
568940548301549568
568945958970531840
568959170730266624
568961064651460608
568961160357285889
568968480717983744
568976030947418112
568976322032087041
568976326666768384
568983580585517056
568991327389671425
568998681715695618
569017052310056960
569021593852239872
569066946433581056
569124760224813056
569132310110588928
569140362025050112
569143132756914176
569172570932690947
569181132685574144
569182643155300352
569196231546830848
569198999904886784
569201516881448960
569202656486432768
569202691185909760
569202715571703808
569202773704646658
569217929541238784
569233531483918337
569237252154372097
569247182337019904
569248000456970240
569248055817404416
569248084934443010
569250085516681216
569250842894733312
569263177784905729
569263677234388993
569275000232013825
569278020441284608
569278347441799169
569279532261203968
569293295655866369
569293296872222720
569307466896424961
569308552671707136
569323555365752833
569328854948573187
569330115114627073
569333637382053889
569337916125798401
569337916872220673
569338605057015808
569338658295193600
569338724787593216
569339928678522880
569341439148236800
569353641615687680
569353669738688512
569359055937908736
569373650647945216
569383892542738432
569384007550394369
569399153253429248
569444456660750337
569459455273897984
569459543236874240
569459716906229760
569489752732274688
569489753332191232
569490420356374528
569491425110466560
569502753694691328
569504763957653504
569504786879528962
569504813915832321
569504866260930560
569519860994203648
569519918833643521
569525150263214080
569528923769298945
569533202835984385
569534882952716288
569534889055395841
569534939642925058
569539746348675073
569543771181981697
569544528299995137
569555395339018241
569555719885885441
569558114447560706
569560633957609472
569561389121060864
569563148472225794
569565125344141312
569566673235271680
569574221216661505
569576236541825024
569580180353609729
569580197709783040
569580275182772225
569580279251255296
569587813856841728
569594354924425216
569595245945597952
569595309279440896
569595333899997185
569595399557685248
569602407417692162
569604674715693057
569605930146353152
569608446586200064
569610485101768704
569610542723309568
569611217301450752
569611721054162945
569625456816709633
569625599570014209
569625606536732672
569625607476158465
569625609799774208
569627069463842816
569627574336421888
569630092273410048
569630593924911104
569631350304731136
569636885863251969
569640574971715584
569640733466103808
569641916855402496
569646446586171392
569648713980715010
569655861297049600
569667082499035137
569670354030989313
569670802867556352
569670844047192064
569670882207129601
569670904852172800
569670962825846785
569672116750004226
569685890349404160
569685957437362176
569686000240345090
569689983969202180
569690742169292802
569700953164615681
569701004188508161
569701122899775488
569702567573368832
569705838870466561
569710119216422912
569716065741045760
569716101027745792
569716148293349377
569716270184173568
569723205142880256
569723768773349376
569724705063596032
569731189214351360
569731306092961792
569731353337581568
569740316577632256
569741325454540800
569746271336062978
569746288499138560
569746398519955456
569762463811383297
569771270839013376
569777311475765248
569791667827388416
569815061440679937
569821862873726976
569821947049218048
569831418412429312
569833680316829696
569843749230133248
569844251426729984
569851299916869633
569851952282112000
569851972645466112
569852084536750080
569852112605089792
569856081180160000
569867107749531648
569867192445083648
569867211852156928
569871932251729920
569875456415170560
569882164382322688
569882324713783296
569885774386044930
569894969332400128
569897334760448000
569906662061944834
569908928667996160
569915972758446080
569923525508665344
569925538946551808
569927299908444160
569927442657386496
569927476463452160
569927506112815106
569927630469894144
569927644575182849
569931327253966849
569932833709527041
569936861398994945
569938119060955136
569940889591795712
569940889902034944
569942569951600640
569942616617447424
569942656522047490
569942703494070272
569942903683813376
569950450352414720
569956742122983424
569957675548721152
569957703813976065
569972721901277184
569972777593262080
569972804822704128
569972884052930560
569972935227674624
569973352837853184
569975113694760960
569976622054395904
569985685723209730
569987992858836992
569988016074149889
569988061150359552
569997258772455424
570002971678756865
570003097554006016
570003111772692480
570003144366792704
570007324380631040
570007830083854338
570016890996666368
570016890996723713
570018079993937920
570018254271463424
570033259842801664
570033309113131008
570033341250056193
570048275367079937
570048310876119040
570048851295383552
570055898367799296
570063192581390336
570063322449616896
570063450174464000
570063451143462913
570078556711026688
570093520909832192
570093652120178689
570100438487314432
570101194678517761
570108724636831745
570108801711341568
570110504254857217
570115286289899520
570123872168574976
570137183442608128
570138826032713729
570175182012174336
570177697814425600
570177698166923267
570184234498805761
570184343857045504
570191286667513856
570192546367975424
570199267668676609
570214488739225601
570222495145406465
570222998919225344
570229420058918913
570229480821628928
570229557740969984
570229647713148928
570236587386122240
570237343669608448
570244388175130625
570244711388065793
570244720229797889
570248162067107840
570253196213383168
570259632557395968
570259691579809792
570259700937134080
570265780186710017
570267037911670784
570267287883616256
570271064141352960
570274750821486592
570274815736549376
570279118438182913
570279368766959616
570290034009636865
570291699731308545
570296986827694080
570298744723415040
570304912468402177
570305051819941889
570305063052283904
570305078470557697
570305098557091840
570308309682675712
567679487383699456
567721764285726720
567722937545814018
567723096186945538
567728057700876288
567730323988172800
567733847132229632
567738031398866944
567738065595019265
567738154128769028
567738171215994880
567738192426590209
567738375755415552
567742148603170816
567750519402143745
567753194546421760
567759012806029312
567766563533897729
567768224607911936
567768306799882241
567768330624372736
567768417038761987
567773609939058688
567777885277405184
567783456420012032
567787449053872128
567798535262060544
567813515353804801
567817897893982208
567828603976597504
567828625388609536
567828700726620160
567828973893259264
567843811990376449
567843845247016960
567843889748418560
567847344307347456
567848852943953920
567858957546561536
567859008230563840
567863197341847552
567874134174101504
567879304593408001
567919283419742210
567919301732098048
567919391515348992
567972416846217216
568025019068108800
568045397408661504
568047159746174976
568055279839023105
568057226776219648
568062007108190210
568070338438963200
568070386627305472
568081386520723456
568085308727808000
568085366441246720
568100626183417856
568112842261594112
568115571788808192
568115588024963072
568115611814858752
568124227641065472
568126682336534529
568130768788185088
568145883679875072
568147319155073024
568161023091478530
568163426343784448
568166195758829568
568168460468895745
568175505314336768
568176078595985408
568177521327509504
568187334111289344
568190857263915008
568191101087019008
568203438099529728
568206092599218176
568206236081995776
568221293914533889
568230620595417088
568236511524745216
568247480023961600
568253266456395776
568255534941544448
568278936561401856
568281631443841024
568281771298521088
568281801480904704
568323479826771968
568326927695491072
568350913858965504
568372335012679680
568387362239205376
568387402810728448
568396209091702784
568402562107498497
568416305101070336
568421124201017345
568432609866457088
568432638823772160
568432677789011968
568432782386466816
568439748047581184
568462805235597312
568466673990307840
568481017876623360
568484039499378690
568508151852457985
568536634058084352
568546953262436352
568553610981740544
568566331169247232
568568593262231552
568568690381168640
568583191260483584
568583737417605122
568583773794799616
568598882613133314
568605590735294464
568613837198340098
568614009584291840
568619178363478018
568624462863720448
568643981258723328
568644053522391041
568672781979619328
568736451237707776
568769672922812418
568778730186928128
568780030538420225
568780060720701440
568795018816675841
568795139512127488
568798862086836225
568810170383536128
568810180269494272
568821261767303168
568823775745028096
568824786337574912
568825255604699136
568825791644966912
568834851517771776
568837619372593153
568840506148573186
568844412970770433
568845421390344192
568855357923074049
568855390462603264
568855465842466817
568855468975759360
568855505747095552
568860520796725248
568861022343307264
568864796717805568
568870473934761985
568871340498821120
568885556718907392
568885581297651713
568885645927686144
568894996683870208
568900531696984064
568900770860392448
568902044561465344
568905816973172736
568908838784475136
568911101146091520
568932998051016704
568940548301549568
568945958970531840
568959170730266624
568961064651460608
568961160357285889
568968480717983744
568976030947418112
568976322032087041
568976326666768384
568983580585517056
568991327389671425
568998681715695618
569017052310056960
569021593852239872
569066946433581056
569124760224813056
569132310110588928
569140362025050112
569143132756914176
569172570932690947
569181132685574144
569182643155300352
569196231546830848
569198999904886784
569201516881448960
569202656486432768
569202691185909760
569202715571703808
569202773704646658
569217929541238784
569233531483918337
569237252154372097
569247182337019904
569248000456970240
569248055817404416
569248084934443010
569250085516681216
569250842894733312
569263177784905729
569263677234388993
569275000232013825
569278020441284608
569278347441799169
569279532261203968
569293295655866369
569293296872222720
569307466896424961
569308552671707136
569323555365752833
569328854948573187
569330115114627073
569333637382053889
569337916125798401
569337916872220673
569338605057015808
569338658295193600
569338724787593216
569339928678522880
569341439148236800
569353641615687680
569353669738688512
569359055937908736
569373650647945216
569383892542738432
569384007550394369
569399153253429248
569444456660750337
569459455273897984
569459543236874240
569459716906229760
569489752732274688
569489753332191232
569490420356374528
569491425110466560
569502753694691328
569504763957653504
569504786879528962
569504813915832321
569504866260930560
569519860994203648
569519918833643521
569525150263214080
569528923769298945
569533202835984385
569534882952716288
569534889055395841
569534939642925058
569539746348675073
569543771181981697
569544528299995137
569555395339018241
569555719885885441
569558114447560706
569560633957609472
569561389121060864
569563148472225794
569565125344141312
569566673235271680
569574221216661505
569576236541825024
569580180353609729
569580197709783040
569580275182772225
569580279251255296
569587813856841728
569594354924425216
569595245945597952
569595309279440896
569595333899997185
569595399557685248
569602407417692162
569604674715693057
569605930146353152
569608446586200064
569610485101768704
569610542723309568
569611217301450752
569611721054162945
569625456816709633
569625599570014209
569625606536732672
569625607476158465
569625609799774208
569627069463842816
569627574336421888
569630092273410048
569630593924911104
569631350304731136
569636885863251969
569640574971715584
569640733466103808
569641916855402496
569646446586171392
569648713980715010
569655861297049600
569667082499035137
569670354030989313
569670802867556352
569670844047192064
569670882207129601
569670904852172800
569670962825846785
569672116750004226
569685890349404160
569685957437362176
569686000240345090
569689983969202180
569690742169292802
569700953164615681
569701004188508161
569701122899775488
569702567573368832
569705838870466561
569710119216422912
569716065741045760
569716101027745792
569716148293349377
569716270184173568
569723205142880256
569723768773349376
569724705063596032
569731189214351360
569731306092961792
569731353337581568
569740316577632256
569741325454540800
569746271336062978
569746288499138560
569746398519955456
569762463811383297
569771270839013376
569777311475765248
569791667827388416
569815061440679937
569821862873726976
569821947049218048
569831418412429312
569833680316829696
569843749230133248
569844251426729984
569851299916869633
569851952282112000
569851972645466112
569852084536750080
569852112605089792
569856081180160000
569867107749531648
569867192445083648
569867211852156928
569871932251729920
569875456415170560
569882164382322688
569882324713783296
569885774386044930
569894969332400128
569897334760448000
569906662061944834
569908928667996160
569915972758446080
569923525508665344
569925538946551808
569927299908444160
569927442657386496
569927476463452160
569927506112815106
569927630469894144
569927644575182849
569931327253966849
569932833709527041
569936861398994945
569938119060955136
569940889591795712
569940889902034944
569942569951600640
569942616617447424
569942656522047490
569942703494070272
569942903683813376
569950450352414720
569956742122983424
569957675548721152
569957703813976065
569972721901277184
569972777593262080
569972804822704128
569972884052930560
569972935227674624
569973352837853184
569975113694760960
569976622054395904
569985685723209730
569987992858836992
569988016074149889
569988061150359552
569997258772455424
570002971678756865
570003097554006016
570003111772692480
570003144366792704
570007324380631040
570007830083854338
570016890996666368
570016890996723713
570018079993937920
570018254271463424
570033259842801664
570033309113131008
570033341250056193
570048275367079937
570048310876119040
570048851295383552
570055898367799296
570063192581390336
570063322449616896
570063450174464000
570063451143462913
570078556711026688
570093520909832192
570093652120178689
570100438487314432
570101194678517761
570108724636831745
570108801711341568
570110504254857217
570115286289899520
570123872168574976
570137183442608128
570138826032713729
570175182012174336
570177697814425600
570177698166923267
570184234498805761
570184343857045504
570191286667513856
570192546367975424
570199267668676609
570214488739225601
570222495145406465
570222998919225344
570229420058918913
570229480821628928
570229557740969984
570229647713148928
570236587386122240
570237343669608448
570244388175130625
570244711388065793
570244720229797889
570248162067107840
570253196213383168
570259632557395968
570259691579809792
570259700937134080
570265780186710017
570267037911670784
570267287883616256
570271064141352960
570274750821486592
570274815736549376
570279118438182913
570279368766959616
570290034009636865
570291699731308545
570296986827694080
570298744723415040
570304912468402177
570305051819941889
570305063052283904
570305078470557697
570305098557091840
570308309682675712
567679487383699456
567721764285726720
567722937545814018
567723096186945538
567728057700876288
567730323988172800
567733847132229632
567738031398866944
567738065595019265
567738154128769028
567738171215994880
567738192426590209
567738375755415552
567742148603170816
567750519402143745
567753194546421760
567759012806029312
567766563533897729
567768224607911936
567768306799882241
567768330624372736
567768417038761987
567773609939058688
567777885277405184
567783456420012032
567787449053872128
567798535262060544
567813515353804801
567817897893982208
567828603976597504
567828625388609536
567828700726620160
567828973893259264
567843811990376449
567843845247016960
567843889748418560
567847344307347456
567848852943953920
567858957546561536
567859008230563840
567863197341847552
567874134174101504
567879304593408001
567919283419742210
567919301732098048
567919391515348992
567972416846217216
568025019068108800
568045397408661504
568047159746174976
568055279839023105
568057226776219648
568062007108190210
568070338438963200
568070386627305472
568081386520723456
568085308727808000
568085366441246720
568100626183417856
568112842261594112
568115571788808192
568115588024963072
568115611814858752
568124227641065472
568126682336534529
568130768788185088
568145883679875072
568147319155073024
568161023091478530
568163426343784448
568166195758829568
568168460468895745
568175505314336768
568176078595985408
568177521327509504
568187334111289344
568190857263915008
568191101087019008
568203438099529728
568206092599218176
568206236081995776
568221293914533889
568230620595417088
568236511524745216
568247480023961600
568253266456395776
568255534941544448
568278936561401856
568281631443841024
568281771298521088
568281801480904704
568323479826771968
568326927695491072
568350913858965504
568372335012679680
568387362239205376
568387402810728448
568396209091702784
568402562107498497
568416305101070336
568421124201017345
568432609866457088
568432638823772160
568432677789011968
568432782386466816
568439748047581184
568462805235597312
568466673990307840
568481017876623360
568484039499378690
568508151852457985
568536634058084352
568546953262436352
568553610981740544
568566331169247232
568568593262231552
568568690381168640
568583191260483584
568583737417605122
568583773794799616
568598882613133314
568605590735294464
568613837198340098
568614009584291840
568619178363478018
568624462863720448
568643981258723328
568644053522391041
568672781979619328
568736451237707776
568769672922812418
568778730186928128
568780030538420225
568780060720701440
568795018816675841
568795139512127488
568798862086836225
568810170383536128
568810180269494272
568821261767303168
568823775745028096
568824786337574912
568825255604699136
568825791644966912
568834851517771776
568837619372593153
568840506148573186
568844412970770433
568845421390344192
568855357923074049
568855390462603264
568855465842466817
568855468975759360
568855505747095552
568860520796725248
568861022343307264
568864796717805568
568870473934761985
568871340498821120
568885556718907392
568885581297651713
568885645927686144
568894996683870208
568900531696984064
568900770860392448
568902044561465344
568905816973172736
568908838784475136
568911101146091520
568932998051016704
568940548301549568
568945958970531840
568959170730266624
568961064651460608
568961160357285889
568968480717983744
568976030947418112
568976322032087041
568976326666768384
568983580585517056
568991327389671425
568998681715695618
569017052310056960
569021593852239872
569066946433581056
569124760224813056
569132310110588928
569140362025050112
569143132756914176
569172570932690947
569181132685574144
569182643155300352
569196231546830848
569198999904886784
569201516881448960
569202656486432768
569202691185909760
569202715571703808
569202773704646658
569217929541238784
569233531483918337
569237252154372097
569247182337019904
569248000456970240
569248055817404416
569248084934443010
569250085516681216
569250842894733312
569263177784905729
569263677234388993
569275000232013825
569278020441284608
569278347441799169
569279532261203968
569293295655866369
569293296872222720
569307466896424961
569308552671707136
569323555365752833
569328854948573187
569330115114627073
569333637382053889
569337916125798401
569337916872220673
569338605057015808
569338658295193600
569338724787593216
569339928678522880
569341439148236800
569353641615687680
569353669738688512
569359055937908736
569373650647945216
569383892542738432
569384007550394369
569399153253429248
569444456660750337
569459455273897984
569459543236874240
569459716906229760
569489752732274688
569489753332191232
569490420356374528
569491425110466560
569502753694691328
569504763957653504
569504786879528962
569504813915832321
569504866260930560
569519860994203648
569519918833643521
569525150263214080
569528923769298945
569533202835984385
569534882952716288
569534889055395841
569534939642925058
569539746348675073
569543771181981697
569544528299995137
569555395339018241
569555719885885441
569558114447560706
569560633957609472
569561389121060864
569563148472225794
569565125344141312
569566673235271680
569574221216661505
569576236541825024
569580180353609729
569580197709783040
569580275182772225
569580279251255296
569587813856841728
569594354924425216
569595245945597952
569595309279440896
569595333899997185
569595399557685248
569602407417692162
569604674715693057
569605930146353152
569608446586200064
569610485101768704
569610542723309568
569611217301450752
569611721054162945
569625456816709633
569625599570014209
569625606536732672
569625607476158465
569625609799774208
569627069463842816
569627574336421888
569630092273410048
569630593924911104
569631350304731136
569636885863251969
569640574971715584
569640733466103808
569641916855402496
569646446586171392
569648713980715010
569655861297049600
569667082499035137
569670354030989313
569670802867556352
569670844047192064
569670882207129601
569670904852172800
569670962825846785
569672116750004226
569685890349404160
569685957437362176
569686000240345090
569689983969202180
569690742169292802
569700953164615681
569701004188508161
569701122899775488
569702567573368832
569705838870466561
569710119216422912
569716065741045760
569716101027745792
569716148293349377
569716270184173568
569723205142880256
569723768773349376
569724705063596032
569731189214351360
569731306092961792
569731353337581568
569740316577632256
569741325454540800
569746271336062978
569746288499138560
569746398519955456
569762463811383297
569771270839013376
569777311475765248
569791667827388416
569815061440679937
569821862873726976
569821947049218048
569831418412429312
569833680316829696
569843749230133248
569844251426729984
569851299916869633
569851952282112000
569851972645466112
569852084536750080
569852112605089792
569856081180160000
569867107749531648
569867192445083648
569867211852156928
569871932251729920
569875456415170560
569882164382322688
569882324713783296
569885774386044930
569894969332400128
569897334760448000
569906662061944834
569908928667996160
569915972758446080
569923525508665344
569925538946551808
569927299908444160
569927442657386496
569927476463452160
569927506112815106
569927630469894144
569927644575182849
569931327253966849
569932833709527041
569936861398994945
569938119060955136
569940889591795712
569940889902034944
569942569951600640
569942616617447424
569942656522047490
569942703494070272
569942903683813376
569950450352414720
569956742122983424
569957675548721152
569957703813976065
569972721901277184
569972777593262080
569972804822704128
569972884052930560
569972935227674624
569973352837853184
569975113694760960
569976622054395904
569985685723209730
569987992858836992
569988016074149889
569988061150359552
569997258772455424
570002971678756865
570003097554006016
570003111772692480
570003144366792704
570007324380631040
570007830083854338
570016890996666368
570016890996723713
570018079993937920
570018254271463424
570033259842801664
570033309113131008
570033341250056193
570048275367079937
570048310876119040
570048851295383552
570055898367799296
570063192581390336
570063322449616896
570063450174464000
570063451143462913
570078556711026688
570093520909832192
570093652120178689
570100438487314432
570101194678517761
570108724636831745
570108801711341568
570110504254857217
570115286289899520
570123872168574976
570137183442608128
570138826032713729
570175182012174336
570177697814425600
570177698166923267
570184234498805761
570184343857045504
570191286667513856
570192546367975424
570199267668676609
570214488739225601
570222495145406465
570222998919225344
570229420058918913
570229480821628928
570229557740969984
570229647713148928
570236587386122240
570237343669608448
570244388175130625
570244711388065793
570244720229797889
570248162067107840
570253196213383168
570259632557395968
570259691579809792
570259700937134080
570265780186710017
570267037911670784
570267287883616256
570271064141352960
570274750821486592
570274815736549376
570279118438182913
570279368766959616
570290034009636865
570291699731308545
570296986827694080
570298744723415040
570304912468402177
570305051819941889
570305063052283904
570305078470557697
570305098557091840
570308309682675712
567679487383699456
567721764285726720
567722937545814018
567723096186945538
567728057700876288
567730323988172800
567733847132229632
567738031398866944
567738065595019265
567738154128769028
567738171215994880
567738192426590209
567738375755415552
567742148603170816
567750519402143745
567753194546421760
567759012806029312
567766563533897729
567768224607911936
567768306799882241
567768330624372736
567768417038761987
567773609939058688
567777885277405184
567783456420012032
567787449053872128
567798535262060544
567813515353804801
567817897893982208
567828603976597504
567828625388609536
567828700726620160
567828973893259264
567843811990376449
567843845247016960
567843889748418560
567847344307347456
567848852943953920
567858957546561536
567859008230563840
567863197341847552
567874134174101504
567879304593408001
567919283419742210
567919301732098048
567919391515348992
567972416846217216
568025019068108800
568045397408661504
568047159746174976
568055279839023105
568057226776219648
568062007108190210
568070338438963200
568070386627305472
568081386520723456
568085308727808000
568085366441246720
568100626183417856
568112842261594112
568115571788808192
568115588024963072
568115611814858752
568124227641065472
568126682336534529
568130768788185088
568145883679875072
568147319155073024
568161023091478530
568163426343784448
568166195758829568
568168460468895745
568175505314336768
568176078595985408
568177521327509504
568187334111289344
568190857263915008
568191101087019008
568203438099529728
568206092599218176
568206236081995776
568221293914533889
568230620595417088
568236511524745216
568247480023961600
568253266456395776
568255534941544448
568278936561401856
568281631443841024
568281771298521088
568281801480904704
568323479826771968
568326927695491072
568350913858965504
568372335012679680
568387362239205376
568387402810728448
568396209091702784
568402562107498497
568416305101070336
568421124201017345
568432609866457088
568432638823772160
568432677789011968
568432782386466816
568439748047581184
568462805235597312
568466673990307840
568481017876623360
568484039499378690
568508151852457985
568536634058084352
568546953262436352
568553610981740544
568566331169247232
568568593262231552
568568690381168640
568583191260483584
568583737417605122
568583773794799616
568598882613133314
568605590735294464
568613837198340098
568614009584291840
568619178363478018
568624462863720448
568643981258723328
568644053522391041
568672781979619328
568736451237707776
568769672922812418
568778730186928128
568780030538420225
568780060720701440
568795018816675841
568795139512127488
568798862086836225
568810170383536128
568810180269494272
568821261767303168
568823775745028096
568824786337574912
568825255604699136
568825791644966912
568834851517771776
568837619372593153
568840506148573186
568844412970770433
568845421390344192
568855357923074049
568855390462603264
568855465842466817
568855468975759360
568855505747095552
568860520796725248
568861022343307264
568864796717805568
568870473934761985
568871340498821120
568885556718907392
568885581297651713
568885645927686144
568894996683870208
568900531696984064
568900770860392448
568902044561465344
568905816973172736
568908838784475136
568911101146091520
568932998051016704
568940548301549568
568945958970531840
568959170730266624
568961064651460608
568961160357285889
568968480717983744
568976030947418112
568976322032087041
568976326666768384
568983580585517056
568991327389671425
568998681715695618
569017052310056960
569021593852239872
569066946433581056
569124760224813056
569132310110588928
569140362025050112
569143132756914176
569172570932690947
569181132685574144
569182643155300352
569196231546830848
569198999904886784
569201516881448960
569202656486432768
569202691185909760
569202715571703808
569202773704646658
569217929541238784
569233531483918337
569237252154372097
569247182337019904
569248000456970240
569248055817404416
569248084934443010
569250085516681216
569250842894733312
569263177784905729
569263677234388993
569275000232013825
569278020441284608
569278347441799169
569279532261203968
569293295655866369
569293296872222720
569307466896424961
569308552671707136
569323555365752833
569328854948573187
569330115114627073
569333637382053889
569337916125798401
569337916872220673
569338605057015808
569338658295193600
569338724787593216
569339928678522880
569341439148236800
569353641615687680
569353669738688512
569359055937908736
569373650647945216
569383892542738432
569384007550394369
569399153253429248
569444456660750337
569459455273897984
569459543236874240
569459716906229760
569489752732274688
569489753332191232
569490420356374528
569491425110466560
569502753694691328
569504763957653504
569504786879528962
569504813915832321
569504866260930560
569519860994203648
569519918833643521
569525150263214080
569528923769298945
569533202835984385
569534882952716288
569534889055395841
569534939642925058
569539746348675073
569543771181981697
569544528299995137
569555395339018241
569555719885885441
569558114447560706
569560633957609472
569561389121060864
569563148472225794
569565125344141312
569566673235271680
569574221216661505
569576236541825024
569580180353609729
569580197709783040
569580275182772225
569580279251255296
569587813856841728
569594354924425216
569595245945597952
569595309279440896
569595333899997185
569595399557685248
569602407417692162
569604674715693057
569605930146353152
569608446586200064
569610485101768704
569610542723309568
569611217301450752
569611721054162945
569625456816709633
569625599570014209
569625606536732672
569625607476158465
569625609799774208
569627069463842816
569627574336421888
569630092273410048
569630593924911104
569631350304731136
569636885863251969
569640574971715584
569640733466103808
569641916855402496
569646446586171392
569648713980715010
569655861297049600
569667082499035137
569670354030989313
569670802867556352
569670844047192064
569670882207129601
569670904852172800
569670962825846785
569672116750004226
569685890349404160
569685957437362176
569686000240345090
569689983969202180
569690742169292802
569700953164615681
569701004188508161
569701122899775488
569702567573368832
569705838870466561
569710119216422912
569716065741045760
569716101027745792
569716148293349377
569716270184173568
569723205142880256
569723768773349376
569724705063596032
569731189214351360
569731306092961792
569731353337581568
569740316577632256
569741325454540800
569746271336062978
569746288499138560
569746398519955456
569762463811383297
569771270839013376
569777311475765248
569791667827388416
569815061440679937
569821862873726976
569821947049218048
569831418412429312
569833680316829696
569843749230133248
569844251426729984
569851299916869633
569851952282112000
569851972645466112
569852084536750080
569852112605089792
569856081180160000
569867107749531648
569867192445083648
569867211852156928
569871932251729920
569875456415170560
569882164382322688
569882324713783296
569885774386044930
569894969332400128
569897334760448000
569906662061944834
569908928667996160
569915972758446080
569923525508665344
569925538946551808
569927299908444160
569927442657386496
569927476463452160
569927506112815106
569927630469894144
569927644575182849
569931327253966849
569932833709527041
569936861398994945
569938119060955136
569940889591795712
569940889902034944
569942569951600640
569942616617447424
569942656522047490
569942703494070272
569942903683813376
569950450352414720
569956742122983424
569957675548721152
569957703813976065
569972721901277184
569972777593262080
569972804822704128
569972884052930560
569972935227674624
569973352837853184
569975113694760960
569976622054395904
569985685723209730
569987992858836992
569988016074149889
569988061150359552
569997258772455424
570002971678756865
570003097554006016
570003111772692480
570003144366792704
570007324380631040
570007830083854338
570016890996666368
570016890996723713
570018079993937920
570018254271463424
570033259842801664
570033309113131008
570033341250056193
570048275367079937
570048310876119040
570048851295383552
570055898367799296
570063192581390336
570063322449616896
570063450174464000
570063451143462913
570078556711026688
570093520909832192
570093652120178689
570100438487314432
570101194678517761
570108724636831745
570108801711341568
570110504254857217
570115286289899520
570123872168574976
570137183442608128
570138826032713729
570175182012174336
570177697814425600
570177698166923267
570184234498805761
570184343857045504
570191286667513856
570192546367975424
570199267668676609
570214488739225601
570222495145406465
570222998919225344
570229420058918913
570229480821628928
570229557740969984
570229647713148928
570236587386122240
570237343669608448
570244388175130625
570244711388065793
570244720229797889
570248162067107840
570253196213383168
570259632557395968
570259691579809792
570259700937134080
570265780186710017
570267037911670784
570267287883616256
570271064141352960
570274750821486592
570274815736549376
570279118438182913
570279368766959616
570290034009636865
570291699731308545
570296986827694080
570298744723415040
570304912468402177
570305051819941889
570305063052283904
570305078470557697
570305098557091840
570308309682675712
567679487383699456
567721764285726720
567722937545814018
567723096186945538
567728057700876288
567730323988172800
567733847132229632
567738031398866944
567738065595019265
567738154128769028
567738171215994880
567738192426590209
567738375755415552
567742148603170816
567750519402143745
567753194546421760
567759012806029312
567766563533897729
567768224607911936
567768306799882241
567768330624372736
567768417038761987
567773609939058688
567777885277405184
567783456420012032
567787449053872128
567798535262060544
567813515353804801
567817897893982208
567828603976597504
567828625388609536
567828700726620160
567828973893259264
567843811990376449
567843845247016960
567843889748418560
567847344307347456
567848852943953920
567858957546561536
567859008230563840
567863197341847552
567874134174101504
567879304593408001
567919283419742210
567919301732098048
567919391515348992
567972416846217216
568025019068108800
568045397408661504
568047159746174976
568055279839023105
568057226776219648
568062007108190210
568070338438963200
568070386627305472
568081386520723456
568085308727808000
568085366441246720
568100626183417856
568112842261594112
568115571788808192
568115588024963072
568115611814858752
568124227641065472
568126682336534529
568130768788185088
568145883679875072
568147319155073024
568161023091478530
568163426343784448
568166195758829568
568168460468895745
568175505314336768
568176078595985408
568177521327509504
568187334111289344
568190857263915008
568191101087019008
568203438099529728
568206092599218176
568206236081995776
568221293914533889
568230620595417088
568236511524745216
568247480023961600
568253266456395776
568255534941544448
568278936561401856
568281631443841024
568281771298521088
568281801480904704
568323479826771968
568326927695491072
568350913858965504
568372335012679680
568387362239205376
568387402810728448
568396209091702784
568402562107498497
568416305101070336
568421124201017345
568432609866457088
568432638823772160
568432677789011968
568432782386466816
568439748047581184
568462805235597312
568466673990307840
568481017876623360
568484039499378690
568508151852457985
568536634058084352
568546953262436352
568553610981740544
568566331169247232
568568593262231552
568568690381168640
568583191260483584
568583737417605122
568583773794799616
568598882613133314
568605590735294464
568613837198340098
568614009584291840
568619178363478018
568624462863720448
568643981258723328
568644053522391041
568672781979619328
568736451237707776
568769672922812418
568778730186928128
568780030538420225
568780060720701440
568795018816675841
568795139512127488
568798862086836225
568810170383536128
568810180269494272
568821261767303168
568823775745028096
568824786337574912
568825255604699136
568825791644966912
568834851517771776
568837619372593153
568840506148573186
568844412970770433
568845421390344192
568855357923074049
568855390462603264
568855465842466817
568855468975759360
568855505747095552
568860520796725248
568861022343307264
568864796717805568
568870473934761985
568871340498821120
568885556718907392
568885581297651713
568885645927686144
568894996683870208
568900531696984064
568900770860392448
568902044561465344
568905816973172736
568908838784475136
568911101146091520
568932998051016704
568940548301549568
568945958970531840
568959170730266624
568961064651460608
568961160357285889
568968480717983744
568976030947418112
568976322032087041
568976326666768384
568983580585517056
568991327389671425
568998681715695618
569017052310056960
569021593852239872
569066946433581056
569124760224813056
569132310110588928
569140362025050112
569143132756914176
569172570932690947
569181132685574144
569182643155300352
569196231546830848
569198999904886784
569201516881448960
569202656486432768
569202691185909760
569202715571703808
569202773704646658
569217929541238784
569233531483918337
569237252154372097
569247182337019904
569248000456970240
569248055817404416
569248084934443010
569250085516681216
569250842894733312
569263177784905729
569263677234388993
569275000232013825
569278020441284608
569278347441799169
569279532261203968
569293295655866369
569293296872222720
569307466896424961
569308552671707136
569323555365752833
569328854948573187
569330115114627073
569333637382053889
569337916125798401
569337916872220673
569338605057015808
569338658295193600
569338724787593216
569339928678522880
569341439148236800
569353641615687680
569353669738688512
569359055937908736
569373650647945216
569383892542738432
569384007550394369
569399153253429248
569444456660750337
569459455273897984
569459543236874240
569459716906229760
569489752732274688
569489753332191232
569490420356374528
569491425110466560
569502753694691328
569504763957653504
569504786879528962
569504813915832321
569504866260930560
569519860994203648
569519918833643521
569525150263214080
569528923769298945
569533202835984385
569534882952716288
569534889055395841
569534939642925058
569539746348675073
569543771181981697
569544528299995137
569555395339018241
569555719885885441
569558114447560706
569560633957609472
569561389121060864
569563148472225794
569565125344141312
569566673235271680
569574221216661505
569576236541825024
569580180353609729
569580197709783040
569580275182772225
569580279251255296
569587813856841728
569594354924425216
569595245945597952
569595309279440896
569595333899997185
569595399557685248
569602407417692162
569604674715693057
569605930146353152
569608446586200064
569610485101768704
569610542723309568
569611217301450752
569611721054162945
569625456816709633
569625599570014209
569625606536732672
569625607476158465
569625609799774208
569627069463842816
569627574336421888
569630092273410048
569630593924911104
569631350304731136
569636885863251969
569640574971715584
569640733466103808
569641916855402496
569646446586171392
569648713980715010
569655861297049600
569667082499035137
569670354030989313
569670802867556352
569670844047192064
569670882207129601
569670904852172800
569670962825846785
569672116750004226
569685890349404160
569685957437362176
569686000240345090
569689983969202180
569690742169292802
569700953164615681
569701004188508161
569701122899775488
569702567573368832
569705838870466561
569710119216422912
569716065741045760
569716101027745792
569716148293349377
569716270184173568
569723205142880256
569723768773349376
569724705063596032
569731189214351360
569731306092961792
569731353337581568
569740316577632256
569741325454540800
569746271336062978
569746288499138560
569746398519955456
569762463811383297
569771270839013376
569777311475765248
569791667827388416
569815061440679937
569821862873726976
569821947049218048
569831418412429312
569833680316829696
569843749230133248
569844251426729984
569851299916869633
569851952282112000
569851972645466112
569852084536750080
569852112605089792
569856081180160000
569867107749531648
569867192445083648
569867211852156928
569871932251729920
569875456415170560
569882164382322688
569882324713783296
569885774386044930
569894969332400128
569897334760448000
569906662061944834
569908928667996160
569915972758446080
569923525508665344
569925538946551808
569927299908444160
569927442657386496
569927476463452160
569927506112815106
569927630469894144
569927644575182849
569931327253966849
569932833709527041
569936861398994945
569938119060955136
569940889591795712
569940889902034944
569942569951600640
569942616617447424
569942656522047490
569942703494070272
569942903683813376
569950450352414720
569956742122983424
569957675548721152
569957703813976065
569972721901277184
569972777593262080
569972804822704128
569972884052930560
569972935227674624
569973352837853184
569975113694760960
569976622054395904
569985685723209730
569987992858836992
569988016074149889
569988061150359552
569997258772455424
570002971678756865
570003097554006016
570003111772692480
570003144366792704
570007324380631040
570007830083854338
570016890996666368
570016890996723713
570018079993937920
570018254271463424
570033259842801664
570033309113131008
570033341250056193
570048275367079937
570048310876119040
570048851295383552
570055898367799296
570063192581390336
570063322449616896
570063450174464000
570063451143462913
570078556711026688
570093520909832192
570093652120178689
570100438487314432
570101194678517761
570108724636831745
570108801711341568
570110504254857217
570115286289899520
570123872168574976
570137183442608128
570138826032713729
570175182012174336
570177697814425600
570177698166923267
570184234498805761
570184343857045504
570191286667513856
570192546367975424
570199267668676609
570214488739225601
570222495145406465
570222998919225344
570229420058918913
570229480821628928
570229557740969984
570229647713148928
570236587386122240
570237343669608448
570244388175130625
570244711388065793
570244720229797889
570248162067107840
570253196213383168
570259632557395968
570259691579809792
570259700937134080
570265780186710017
570267037911670784
570267287883616256
570271064141352960
570274750821486592
570274815736549376
570279118438182913
570279368766959616
570290034009636865
570291699731308545
570296986827694080
570298744723415040
570304912468402177
570305051819941889
570305063052283904
570305078470557697
570305098557091840
570308309682675712
567679487383699456
567721764285726720
567722937545814018
567723096186945538
567728057700876288
567730323988172800
567733847132229632
567738031398866944
567738065595019265
567738154128769028
567738171215994880
567738192426590209
567738375755415552
567742148603170816
567750519402143745
567753194546421760
567759012806029312
567766563533897729
567768224607911936
567768306799882241
567768330624372736
567768417038761987
567773609939058688
567777885277405184
567783456420012032
567787449053872128
567798535262060544
567813515353804801
567817897893982208
567828603976597504
567828625388609536
567828700726620160
567828973893259264
567843811990376449
567843845247016960
567843889748418560
567847344307347456
567848852943953920
567858957546561536
567859008230563840
567863197341847552
567874134174101504
567879304593408001
567919283419742210
567919301732098048
567919391515348992
567972416846217216
568025019068108800
568045397408661504
568047159746174976
568055279839023105
568057226776219648
568062007108190210
568070338438963200
568070386627305472
568081386520723456
568085308727808000
568085366441246720
568100626183417856
568112842261594112
568115571788808192
568115588024963072
568115611814858752
568124227641065472
568126682336534529
568130768788185088
568145883679875072
568147319155073024
568161023091478530
568163426343784448
568166195758829568
568168460468895745
568175505314336768
568176078595985408
568177521327509504
568187334111289344
568190857263915008
568191101087019008
568203438099529728
568206092599218176
568206236081995776
568221293914533889
568230620595417088
568236511524745216
568247480023961600
568253266456395776
568255534941544448
568278936561401856
568281631443841024
568281771298521088
568281801480904704
568323479826771968
568326927695491072
568350913858965504
568372335012679680
568387362239205376
568387402810728448
568396209091702784
568402562107498497
568416305101070336
568421124201017345
568432609866457088
568432638823772160
568432677789011968
568432782386466816
568439748047581184
568462805235597312
568466673990307840
568481017876623360
568484039499378690
568508151852457985
568536634058084352
568546953262436352
568553610981740544
568566331169247232
568568593262231552
568568690381168640
568583191260483584
568583737417605122
568583773794799616
568598882613133314
568605590735294464
568613837198340098
568614009584291840
568619178363478018
568624462863720448
568643981258723328
568644053522391041
568672781979619328
568736451237707776
568769672922812418
568778730186928128
568780030538420225
568780060720701440
568795018816675841
568795139512127488
568798862086836225
568810170383536128
568810180269494272
568821261767303168
568823775745028096
568824786337574912
568825255604699136
568825791644966912
568834851517771776
568837619372593153
568840506148573186
568844412970770433
568845421390344192
568855357923074049
568855390462603264
568855465842466817
568855468975759360
568855505747095552
568860520796725248
568861022343307264
568864796717805568
568870473934761985
568871340498821120
568885556718907392
568885581297651713
568885645927686144
568894996683870208
568900531696984064
568900770860392448
568902044561465344
568905816973172736
568908838784475136
568911101146091520
568932998051016704
568940548301549568
568945958970531840
568959170730266624
568961064651460608
568961160357285889
568968480717983744
568976030947418112
568976322032087041
568976326666768384
568983580585517056
568991327389671425
568998681715695618
569017052310056960
569021593852239872
569066946433581056
569124760224813056
569132310110588928
569140362025050112
569143132756914176
569172570932690947
569181132685574144
569182643155300352
569196231546830848
569198999904886784
569201516881448960
569202656486432768
569202691185909760
569202715571703808
569202773704646658
569217929541238784
569233531483918337
569237252154372097
569247182337019904
569248000456970240
569248055817404416
569248084934443010
569250085516681216
569250842894733312
569263177784905729
569263677234388993
569275000232013825
569278020441284608
569278347441799169
569279532261203968
569293295655866369
569293296872222720
569307466896424961
569308552671707136
569323555365752833
569328854948573187
569330115114627073
569333637382053889
569337916125798401
569337916872220673
569338605057015808
569338658295193600
569338724787593216
569339928678522880
569341439148236800
569353641615687680
569353669738688512
569359055937908736
569373650647945216
569383892542738432
569384007550394369
569399153253429248
569444456660750337
569459455273897984
569459543236874240
569459716906229760
569489752732274688
569489753332191232
569490420356374528
569491425110466560
569502753694691328
569504763957653504
569504786879528962
569504813915832321
569504866260930560
569519860994203648
569519918833643521
569525150263214080
569528923769298945
569533202835984385
569534882952716288
569534889055395841
569534939642925058
569539746348675073
569543771181981697
569544528299995137
569555395339018241
569555719885885441
569558114447560706
569560633957609472
569561389121060864
569563148472225794
569565125344141312
569566673235271680
569574221216661505
569576236541825024
569580180353609729
569580197709783040
569580275182772225
569580279251255296
569587813856841728
569594354924425216
569595245945597952
569595309279440896
569595333899997185
569595399557685248
569602407417692162
569604674715693057
569605930146353152
569608446586200064
569610485101768704
569610542723309568
569611217301450752
569611721054162945
569625456816709633
569625599570014209
569625606536732672
569625607476158465
569625609799774208
569627069463842816
569627574336421888
569630092273410048
569630593924911104
569631350304731136
569636885863251969
569640574971715584
569640733466103808
569641916855402496
569646446586171392
569648713980715010
569655861297049600
569667082499035137
569670354030989313
569670802867556352
569670844047192064
569670882207129601
569670904852172800
569670962825846785
569672116750004226
569685890349404160
569685957437362176
569686000240345090
569689983969202180
569690742169292802
569700953164615681
569701004188508161
569701122899775488
569702567573368832
569705838870466561
569710119216422912
569716065741045760
569716101027745792
569716148293349377
569716270184173568
569723205142880256
569723768773349376
569724705063596032
569731189214351360
569731306092961792
569731353337581568
569740316577632256
569741325454540800
569746271336062978
569746288499138560
569746398519955456
569762463811383297
569771270839013376
569777311475765248
569791667827388416
569815061440679937
569821862873726976
569821947049218048
569831418412429312
569833680316829696
569843749230133248
569844251426729984
569851299916869633
569851952282112000
569851972645466112
569852084536750080
569852112605089792
569856081180160000
569867107749531648
569867192445083648
569867211852156928
569871932251729920
569875456415170560
569882164382322688
569882324713783296
569885774386044930
569894969332400128
569897334760448000
569906662061944834
569908928667996160
569915972758446080
569923525508665344
569925538946551808
569927299908444160
569927442657386496
569927476463452160
569927506112815106
569927630469894144
569927644575182849
569931327253966849
569932833709527041
569936861398994945
569938119060955136
569940889591795712
569940889902034944
569942569951600640
569942616617447424
569942656522047490
569942703494070272
569942903683813376
569950450352414720
569956742122983424
569957675548721152
569957703813976065
569972721901277184
569972777593262080
569972804822704128
569972884052930560
569972935227674624
569973352837853184
569975113694760960
569976622054395904
569985685723209730
569987992858836992
569988016074149889
569988061150359552
569997258772455424
570002971678756865
570003097554006016
570003111772692480
570003144366792704
570007324380631040
570007830083854338
570016890996666368
570016890996723713
570018079993937920
570018254271463424
570033259842801664
570033309113131008
570033341250056193
570048275367079937
570048310876119040
570048851295383552
570055898367799296
570063192581390336
570063322449616896
570063450174464000
570063451143462913
570078556711026688
570093520909832192
570093652120178689
570100438487314432
570101194678517761
570108724636831745
570108801711341568
570110504254857217
570115286289899520
570123872168574976
570137183442608128
570138826032713729
570175182012174336
570177697814425600
570177698166923267
570184234498805761
570184343857045504
570191286667513856
570192546367975424
570199267668676609
570214488739225601
570222495145406465
570222998919225344
570229420058918913
570229480821628928
570229557740969984
570229647713148928
570236587386122240
570237343669608448
570244388175130625
570244711388065793
570244720229797889
570248162067107840
570253196213383168
570259632557395968
570259691579809792
570259700937134080
570265780186710017
570267037911670784
570267287883616256
570271064141352960
570274750821486592
570274815736549376
570279118438182913
570279368766959616
570290034009636865
570291699731308545
570296986827694080
570298744723415040
570304912468402177
570305051819941889
570305063052283904
570305078470557697
570305098557091840
570308309682675712
