567663136082513920
567719005713334276
567723431513575424
567723534344933376
567729325810917377
567730833998757890
567734357839056896
567738680945958913
567738715657609216
567738743491411968
567741655587905537
567742912579272704
567748702781992960
567749206236880896
567752478309875714
567753747283988481
567753757702647810
567753815634370560
567759774016868352
567761790357209088
567768330624372736
567768830265401344
567768878613536769
567769337256484864
567778236026077185
567783802492420096
567783892711526400
567783978955993088
567785191901376512
567786199415136256
567789974717747200
567798973008994304
567802808876158976
567812369902133248
567812370690605056
567814001212809216
567814010914222080
567814094678675458
567814095626575873
567814121870348289
567816651900583936
567831245260005376
567844362601697280
567848107456749569
567853644420423680
567858173282906112
567859338615865344
567867483622748160
567872267910262784
567872769049825280
567874505881845760
567876794788872192
567880317345771520
567889601869668352
567889613714522113
567889710129029121
567897182545686528
567898186414710784
567919829589442560
567919849088770048
567922347669262336
567923103080275968
567924107183915009
567930900731854848
567950122245623808
567972174398689280
567972426027565056
568010412798509056
568011684067078144
568011935347838977
568030057769410560
568035844088590336
568036095088160768
568055631065653250
568055678201438208
568055724078706689
568055766130827264
568078627687890946
568079633998086144
568085949663584256
568085962049216514
568085970983251968
568094548141977600
568100935769006080
568100973966569472
568100987887427584
568105051622756352
568107816923340800
568108322924191744
568116088631791616
568116146899169280
568121659988824064
568134243177463815
568146404784209920
568152863962238976
568156641339805697
568161284249796608
568161313274404864
568161493981794304
568168460468895745
568176390325075968
568176529584173056
568177022712676353
568180799838801920
568191654986792960
568196150718824448
568198666613338112
568204705861652480
568206634758983681
568221761898209280
568228614275260416
568243964983308289
568248245563969536
568265355115814913
568266994069295105
568286497796812800
568303606710956032
568342540837105664
568372767810125825
568416602728890370
568418165853540352
568433145437138944
568433301880479746
568433716206436353
568448242804871168
568448265441554432
568448282239713280
568448300325605377
568462402875863041
568463331251634176
568465174702772226
568478510538493952
568478536715120640
568491094327078912
568495877003857920
568503174413225984
568510973469855745
568523834980057088
568525573175136256
568525820764897280
568533371602608128
568533372709908480
568533876873633793
568538790244909056
568538872637816832
568554107952177152
568571242627903488
568573387817291776
568573889359556608
568574897988874240
568584104641368064
568587228353585154
568599168949886977
568599227342852096
568603081274986496
568605600273141760
568606101412962304
568615916730056704
568629385105793024
568629558716592128
568639824145584128
568659661861175297
568749045528842240
568752061682208768
568763889506082816
568780552964145152
568795462125428736
568795484283736064
568795549211738113
568802396907835393
568810642523725824
568810681279111168
568810700828741633
568821268239089664
568825686472953856
568825730718666754
568825791644966912
568825797613645824
568828064152424448
568848699960332288
568848952768000000
568855933360607232
568870342443184128
568871143022731265
568873612524032000
568880408701435904
568887455044259842
568894248457646080
568916345506566145
568916446710857728
568925709189705728
568930740127326209
568931356287365120
568931575980814336
568946502615179264
568946686896132096
568946700791861248
568951377231114240
568961737715789824
568961738596462593
569007103542587392
569022042349051905
569097525690568704
569126026938335232
569134333166002177
569152201278525440
569153207148150785
569158030404800513
569161513056935936
569173103009525760
569174847374233600
569177868221202432
569179631409958912
569188266089381888
569196241252282368
569202278298755072
569208067243401217
569221156504530944
569221909231104000
569232480181489665
569233400592257024
569233434423353344
569233440463155201
569233531483918337
569233554242080768
569238014418944000
569242798953594880
569247579692781569
569248672606597121
569259404589191168
569263677234388993
569263732280451072
569267207324246019
569273247252008961
569274001173979137
569276518305820672
569278644943757312
569278858123300864
569290361870426112
569293965448458240
569298163632373761
569308881438052352
569311498301870080
569318043702177793
569324035835711489
569325844906115072
569325844931448832
569328773876871168
569329921740427264
569337170210607105
569339072805797888
569339181136113664
569348995136376833
569354267854704641
569365604832047104
569369243965362176
569369331173363712
569369390178799616
569369416963633152
569371393294344192
569397314240049152
569414739694104576
569439089063280640
569444898660691968
569475000660422656
569475092582789120
569483885404413952
569484387055734784
569487156399378434
569490072975876097
569490427625086976
569494958006263809
569503512968572928
569516852805808129
569520425312632832
569520477351383040
569526164575924225
569535503827017730
569535507815903233
569535527227150336
569539000312188928
569550230376423424
569550487474712576
569550676784578562
569558377178603520
569564666013163520
569565598772043776
569565776010567680
569578005430984704
569580648505020416
569580671112388608
569580805036453888
569588073438121984
569589079710380032
569595745126494208
569595791355981825
569595899204255745
569597885446270976
569601913832022016
569604176960827392
569610871934205954
569610889214754816
569610893052518400
569611065820110848
569615753885970432
569625953602834433
569626122578726913
569626174617485313
569627079458865153
569631860885577729
569635382834421761
569637147067551746
569640163393073152
569641125243301888
569641234769309696
569641247075213312
569641259826061312
569641676244791296
569643184067727361
569644694759714816
569644697309872128
569645701291843584
569652497947734017
569655012915322880
569656230769262592
569656281885077505
569656322154565632
569657781835460608
569664828911919104
569666840370110465
569668853849919488
569671231001092096
569671290111393792
569671332092252160
569671368788172800
569671413671591937
569671435309809664
569671454419079169
569671468369338368
569675144353828864
569676404893163520
569677660890116096
569678919307280384
569681184898162689
569682192332234752
569682194236641282
569686372124102656
569686397789057024
569686401735745536
569686415665025024
569686478046887937
569686510108344320
569688233002401792
569689239136423936
569689743061069824
569693012885770240
569693767831146497
569696881330167808
569697298768203776
569697793801134080
569699471954587648
569701550039429121
569701607144693760
569701646445326336
569710627649761282
569716558487904258
569716576850731008
569716594731044865
569716645150781440
569716646165778432
569716670689902592
569716703556444161
569716774431666176
569727743450984448
569747874952683520
569762067097501697
569766247715319808
569776946365620224
569782352223666176
569784114309693440
569813808987787264
569816326744776705
567663136082513920
567719005713334276
567723431513575424
567723534344933376
567729325810917377
567730833998757890
567734357839056896
567738680945958913
567738715657609216
567738743491411968
567741655587905537
567742912579272704
567748702781992960
567749206236880896
567752478309875714
567753747283988481
567753757702647810
567753815634370560
567759774016868352
567761790357209088
567768330624372736
567768830265401344
567768878613536769
567769337256484864
567778236026077185
567783802492420096
567783892711526400
567783978955993088
567785191901376512
567786199415136256
567789974717747200
567798973008994304
567802808876158976
567812369902133248
567812370690605056
567814001212809216
567814010914222080
567814094678675458
567814095626575873
567814121870348289
567816651900583936
567831245260005376
567844362601697280
567848107456749569
567853644420423680
567858173282906112
567859338615865344
567867483622748160
567872267910262784
567872769049825280
567874505881845760
567876794788872192
567880317345771520
567889601869668352
567889613714522113
567889710129029121
567897182545686528
567898186414710784
567919829589442560
567919849088770048
567922347669262336
567923103080275968
567924107183915009
567930900731854848
567950122245623808
567972174398689280
567972426027565056
568010412798509056
568011684067078144
568011935347838977
568030057769410560
568035844088590336
568036095088160768
568055631065653250
568055678201438208
568055724078706689
568055766130827264
568078627687890946
568079633998086144
568085949663584256
568085962049216514
568085970983251968
568094548141977600
568100935769006080
568100973966569472
568100987887427584
568105051622756352
568107816923340800
568108322924191744
568116088631791616
568116146899169280
568121659988824064
568134243177463815
568146404784209920
568152863962238976
568156641339805697
568161284249796608
568161313274404864
568161493981794304
568168460468895745
568176390325075968
568176529584173056
568177022712676353
568180799838801920
568191654986792960
568196150718824448
568198666613338112
568204705861652480
568206634758983681
568221761898209280
568228614275260416
568243964983308289
568248245563969536
568265355115814913
568266994069295105
568286497796812800
568303606710956032
568342540837105664
568372767810125825
568416602728890370
568418165853540352
568433145437138944
568433301880479746
568433716206436353
568448242804871168
568448265441554432
568448282239713280
568448300325605377
568462402875863041
568463331251634176
568465174702772226
568478510538493952
568478536715120640
568491094327078912
568495877003857920
568503174413225984
568510973469855745
568523834980057088
568525573175136256
568525820764897280
568533371602608128
568533372709908480
568533876873633793
568538790244909056
568538872637816832
568554107952177152
568571242627903488
568573387817291776
568573889359556608
568574897988874240
568584104641368064
568587228353585154
568599168949886977
568599227342852096
568603081274986496
568605600273141760
568606101412962304
568615916730056704
568629385105793024
568629558716592128
568639824145584128
568659661861175297
568749045528842240
568752061682208768
568763889506082816
568780552964145152
568795462125428736
568795484283736064
568795549211738113
568802396907835393
568810642523725824
568810681279111168
568810700828741633
568821268239089664
568825686472953856
568825730718666754
568825791644966912
568825797613645824
568828064152424448
568848699960332288
568848952768000000
568855933360607232
568870342443184128
568871143022731265
568873612524032000
568880408701435904
568887455044259842
568894248457646080
568916345506566145
568916446710857728
568925709189705728
568930740127326209
568931356287365120
568931575980814336
568946502615179264
568946686896132096
568946700791861248
568951377231114240
568961737715789824
568961738596462593
569007103542587392
569022042349051905
569097525690568704
569126026938335232
569134333166002177
569152201278525440
569153207148150785
569158030404800513
569161513056935936
569173103009525760
569174847374233600
569177868221202432
569179631409958912
569188266089381888
569196241252282368
569202278298755072
569208067243401217
569221156504530944
569221909231104000
569232480181489665
569233400592257024
569233434423353344
569233440463155201
569233531483918337
569233554242080768
569238014418944000
569242798953594880
569247579692781569
569248672606597121
569259404589191168
569263677234388993
569263732280451072
569267207324246019
569273247252008961
569274001173979137
569276518305820672
569278644943757312
569278858123300864
569290361870426112
569293965448458240
569298163632373761
569308881438052352
569311498301870080
569318043702177793
569324035835711489
569325844906115072
569325844931448832
569328773876871168
569329921740427264
569337170210607105
569339072805797888
569339181136113664
569348995136376833
569354267854704641
569365604832047104
569369243965362176
569369331173363712
569369390178799616
569369416963633152
569371393294344192
569397314240049152
569414739694104576
569439089063280640
569444898660691968
569475000660422656
569475092582789120
569483885404413952
569484387055734784
569487156399378434
569490072975876097
569490427625086976
569494958006263809
569503512968572928
569516852805808129
569520425312632832
569520477351383040
569526164575924225
569535503827017730
569535507815903233
569535527227150336
569539000312188928
569550230376423424
569550487474712576
569550676784578562
569558377178603520
569564666013163520
569565598772043776
569565776010567680
569578005430984704
569580648505020416
569580671112388608
569580805036453888
569588073438121984
569589079710380032
569595745126494208
569595791355981825
569595899204255745
569597885446270976
569601913832022016
569604176960827392
569610871934205954
569610889214754816
569610893052518400
569611065820110848
569615753885970432
569625953602834433
569626122578726913
569626174617485313
569627079458865153
569631860885577729
569635382834421761
569637147067551746
569640163393073152
569641125243301888
569641234769309696
569641247075213312
569641259826061312
569641676244791296
569643184067727361
569644694759714816
569644697309872128
569645701291843584
569652497947734017
569655012915322880
569656230769262592
569656281885077505
569656322154565632
569657781835460608
569664828911919104
569666840370110465
569668853849919488
569671231001092096
569671290111393792
569671332092252160
569671368788172800
569671413671591937
569671435309809664
569671454419079169
569671468369338368
569675144353828864
569676404893163520
569677660890116096
569678919307280384
569681184898162689
569682192332234752
569682194236641282
569686372124102656
569686397789057024
569686401735745536
569686415665025024
569686478046887937
569686510108344320
569688233002401792
569689239136423936
569689743061069824
569693012885770240
569693767831146497
569696881330167808
569697298768203776
569697793801134080
569699471954587648
569701550039429121
569701607144693760
569701646445326336
569710627649761282
569716558487904258
569716576850731008
569716594731044865
569716645150781440
569716646165778432
569716670689902592
569716703556444161
569716774431666176
569727743450984448
569747874952683520
569762067097501697
569766247715319808
569776946365620224
569782352223666176
569784114309693440
569813808987787264
569816326744776705
569821862873726976
569822277145133056
569825133705216001
569830923597955073
569837381261533185
569837569392967680
569838973490765824
567663136082513920
567719005713334276
567723431513575424
567723534344933376
567729325810917377
567730833998757890
567734357839056896
567738680945958913
567738715657609216
567738743491411968
567741655587905537
567742912579272704
567748702781992960
567749206236880896
567752478309875714
567753747283988481
567753757702647810
567753815634370560
567759774016868352
567761790357209088
567768330624372736
567768830265401344
567768878613536769
567769337256484864
567778236026077185
567783802492420096
567783892711526400
567783978955993088
567785191901376512
567786199415136256
567789974717747200
567798973008994304
567802808876158976
567812369902133248
567812370690605056
567814001212809216
567814010914222080
567814094678675458
567814095626575873
567814121870348289
567816651900583936
567831245260005376
567844362601697280
567848107456749569
567853644420423680
567858173282906112
567859338615865344
567867483622748160
567872267910262784
567872769049825280
567874505881845760
567876794788872192
567880317345771520
567889601869668352
567889613714522113
567889710129029121
567897182545686528
567898186414710784
567919829589442560
567919849088770048
567922347669262336
567923103080275968
567924107183915009
567930900731854848
567950122245623808
567972174398689280
567972426027565056
568010412798509056
568011684067078144
568011935347838977
568030057769410560
568035844088590336
568036095088160768
568055631065653250
568055678201438208
568055724078706689
568055766130827264
568078627687890946
568079633998086144
568085949663584256
568085962049216514
568085970983251968
568094548141977600
568100935769006080
568100973966569472
568100987887427584
568105051622756352
568107816923340800
568108322924191744
568116088631791616
568116146899169280
568121659988824064
568134243177463815
568146404784209920
568152863962238976
568156641339805697
568161284249796608
568161313274404864
568161493981794304
568168460468895745
568176390325075968
568176529584173056
568177022712676353
568180799838801920
568191654986792960
568196150718824448
568198666613338112
568204705861652480
568206634758983681
568221761898209280
568228614275260416
568243964983308289
568248245563969536
568265355115814913
568266994069295105
568286497796812800
568303606710956032
568342540837105664
568372767810125825
568416602728890370
568418165853540352
568433145437138944
568433301880479746
568433716206436353
568448242804871168
568448265441554432
568448282239713280
568448300325605377
568462402875863041
568463331251634176
568465174702772226
568478510538493952
568478536715120640
568491094327078912
568495877003857920
568503174413225984
568510973469855745
568523834980057088
568525573175136256
568525820764897280
568533371602608128
568533372709908480
568533876873633793
568538790244909056
568538872637816832
568554107952177152
568571242627903488
568573387817291776
568573889359556608
568574897988874240
568584104641368064
568587228353585154
568599168949886977
568599227342852096
568603081274986496
568605600273141760
568606101412962304
568615916730056704
568629385105793024
568629558716592128
568639824145584128
568659661861175297
568749045528842240
568752061682208768
568763889506082816
568780552964145152
568795462125428736
568795484283736064
568795549211738113
568802396907835393
568810642523725824
568810681279111168
568810700828741633
568821268239089664
568825686472953856
568825730718666754
568825791644966912
568825797613645824
568828064152424448
568848699960332288
568848952768000000
568855933360607232
568870342443184128
568871143022731265
568873612524032000
568880408701435904
568887455044259842
568894248457646080
568916345506566145
568916446710857728
568925709189705728
568930740127326209
568931356287365120
568931575980814336
568946502615179264
568946686896132096
568946700791861248
568951377231114240
568961737715789824
568961738596462593
569007103542587392
569022042349051905
569097525690568704
569126026938335232
569134333166002177
569152201278525440
569153207148150785
569158030404800513
569161513056935936
569173103009525760
569174847374233600
569177868221202432
569179631409958912
569188266089381888
569196241252282368
569202278298755072
569208067243401217
569221156504530944
569221909231104000
569232480181489665
569233400592257024
569233434423353344
569233440463155201
569233531483918337
569233554242080768
569238014418944000
569242798953594880
569247579692781569
569248672606597121
569259404589191168
569263677234388993
569263732280451072
569267207324246019
569273247252008961
569274001173979137
569276518305820672
569278644943757312
569278858123300864
569290361870426112
569293965448458240
569298163632373761
569308881438052352
569311498301870080
569318043702177793
569324035835711489
569325844906115072
569325844931448832
569328773876871168
569329921740427264
569337170210607105
569339072805797888
569339181136113664
569348995136376833
569354267854704641
569365604832047104
569369243965362176
569369331173363712
569369390178799616
569369416963633152
569371393294344192
569397314240049152
569414739694104576
569439089063280640
569444898660691968
569475000660422656
569475092582789120
569483885404413952
569484387055734784
569487156399378434
569490072975876097
569490427625086976
569494958006263809
569503512968572928
569516852805808129
569520425312632832
569520477351383040
569526164575924225
569535503827017730
569535507815903233
569535527227150336
569539000312188928
569550230376423424
569550487474712576
569550676784578562
569558377178603520
569564666013163520
569565598772043776
569565776010567680
569578005430984704
569580648505020416
569580671112388608
569580805036453888
569588073438121984
569589079710380032
569595745126494208
569595791355981825
569595899204255745
569597885446270976
569601913832022016
569604176960827392
569610871934205954
569610889214754816
569610893052518400
569611065820110848
569615753885970432
569625953602834433
569626122578726913
569626174617485313
569627079458865153
569631860885577729
569635382834421761
569637147067551746
569640163393073152
569641125243301888
569641234769309696
569641247075213312
569641259826061312
569641676244791296
569643184067727361
569644694759714816
569644697309872128
569645701291843584
569652497947734017
569655012915322880
569656230769262592
569656281885077505
569656322154565632
569657781835460608
569664828911919104
569666840370110465
569668853849919488
569671231001092096
569671290111393792
569671332092252160
569671368788172800
569671413671591937
569671435309809664
569671454419079169
569671468369338368
569675144353828864
569676404893163520
569677660890116096
569678919307280384
569681184898162689
569682192332234752
569682194236641282
569686372124102656
569686397789057024
569686401735745536
569686415665025024
569686478046887937
569686510108344320
569688233002401792
569689239136423936
569689743061069824
569693012885770240
569693767831146497
569696881330167808
569697298768203776
569697793801134080
569699471954587648
569701550039429121
569701607144693760
569701646445326336
569710627649761282
569716558487904258
569716576850731008
569716594731044865
569716645150781440
569716646165778432
569716670689902592
569716703556444161
569716774431666176
569727743450984448
569747874952683520
569762067097501697
569766247715319808
569776946365620224
569782352223666176
569784114309693440
569813808987787264
569816326744776705
569821862873726976
569822277145133056
569825133705216001
569830923597955073
569837381261533185
569837569392967680
569838973490765824
569846023553720321
569846853350457344
569852657327738880
569867582070591488
569867607341436928
569867719874650112
569872444590129152
569878990841901056
569881004262989824
569882830328569856
569886288691773440
569886537128632320
569894088209596416
569897733466628097
569897748859744257
569897798692286465
569897809731854337
569904406285516800
569906167947898880
569912710848057344
569912835871879168
569912888866906112
569912963273879552
569921267601580032
569927965007417344
569928034171498496
569928060587233280
569930577643769856
569934354241212417
569938559836299264
569943022474956802
569943090766721024
569958127258497025
569958189862486016
569958224968982528
569958232162222082
569958247412723712
569958295919730688
569958301443739650
569958349514485760
569960024455454721
569961785509478400
569966060926947329
569973278699352064
569973337050341376
569973352837853184
569987452334690305
569988207489777664
569988479540695040
569989971156860928
569990222609412097
569992234801737728
569993494715977728
570000287080951808
570002051108769792
570002805295095808
570006830405046272
570014884651380736
570017905879986176
570018532727103489
570033624306708481
570033627939131392
570033719609827328
570033764044304385
570033778300620801
570043574097555456
570045585149063168
570048726380765184
570048804550004737
570048844702076930
570048851295383552
570048890466111488
570048915518533634
570054647689322496
570057416718491649
570060184908910592
570060687164067840
570063826508320769
570063869596475394
570064017022181376
570064025918115840
570076792993611776
570078049779081216
570079030029848579
570079041547472896
570083761582428160
570093652120178689
570094120993054720
570109219078152193
570121588487663616
570128633957736448
570132410588917760
570139364178530304
570169567374401536
570178966725767168
570186514178519041
570195827341312000
570197589280366592
570199956704919552
570202621123780608
570213946348560388
570214946815868929
570214968622239744
570217971815211008
570229936285331457
570230059170004994
570245402982785024
570245656972894208
570249680535339009
570250940290342914
570260118043914240
570260294846451712
570260325611630592
570271574462369793
570275218515726337
570275248052039680
570275314036649984
570275384714862592
570275450200711168
570284660510433280
570286925556424705
570290334158225408
570290337169739776
570290421336813568
570290540274688001
570290552169734144
570292715444965377
570300767074181121
570304544128815104
570305603056349184
570305647759265793
570307312675651585
567663136082513920
567719005713334276
567723431513575424
567723534344933376
567729325810917377
567730833998757890
567734357839056896
567738680945958913
567738715657609216
567738743491411968
567741655587905537
567742912579272704
567748702781992960
567749206236880896
567752478309875714
567753747283988481
567753757702647810
567753815634370560
567759774016868352
567761790357209088
567768330624372736
567768830265401344
567768878613536769
567769337256484864
567778236026077185
567783802492420096
567783892711526400
567783978955993088
567785191901376512
567786199415136256
567789974717747200
567798973008994304
567802808876158976
567812369902133248
567812370690605056
567814001212809216
567814010914222080
567814094678675458
567814095626575873
567814121870348289
567816651900583936
567831245260005376
567844362601697280
567848107456749569
567853644420423680
567858173282906112
567859338615865344
567867483622748160
567872267910262784
567872769049825280
567874505881845760
567876794788872192
567880317345771520
567889601869668352
567889613714522113
567889710129029121
567897182545686528
567898186414710784
567919829589442560
567919849088770048
567922347669262336
567923103080275968
567924107183915009
567930900731854848
567950122245623808
567972174398689280
567972426027565056
568010412798509056
568011684067078144
568011935347838977
568030057769410560
568035844088590336
568036095088160768
568055631065653250
568055678201438208
568055724078706689
568055766130827264
568078627687890946
568079633998086144
568085949663584256
568085962049216514
568085970983251968
568094548141977600
568100935769006080
568100973966569472
568100987887427584
568105051622756352
568107816923340800
568108322924191744
568116088631791616
568116146899169280
568121659988824064
568134243177463815
568146404784209920
568152863962238976
568156641339805697
568161284249796608
568161313274404864
568161493981794304
568168460468895745
568176390325075968
568176529584173056
568177022712676353
568180799838801920
568191654986792960
568196150718824448
568198666613338112
568204705861652480
568206634758983681
568221761898209280
568228614275260416
568243964983308289
568248245563969536
568265355115814913
568266994069295105
568286497796812800
568303606710956032
568342540837105664
568372767810125825
568416602728890370
568418165853540352
568433145437138944
568433301880479746
568433716206436353
568448242804871168
568448265441554432
568448282239713280
568448300325605377
568462402875863041
568463331251634176
568465174702772226
568478510538493952
568478536715120640
568491094327078912
568495877003857920
568503174413225984
568510973469855745
568523834980057088
568525573175136256
568525820764897280
568533371602608128
568533372709908480
568533876873633793
568538790244909056
568538872637816832
568554107952177152
568571242627903488
568573387817291776
568573889359556608
568574897988874240
568584104641368064
568587228353585154
568599168949886977
568599227342852096
568603081274986496
568605600273141760
568606101412962304
568615916730056704
568629385105793024
568629558716592128
568639824145584128
568659661861175297
568749045528842240
568752061682208768
568763889506082816
568780552964145152
568795462125428736
568795484283736064
568795549211738113
568802396907835393
568810642523725824
568810681279111168
568810700828741633
568821268239089664
568825686472953856
568825730718666754
568825791644966912
568825797613645824
568828064152424448
568848699960332288
568848952768000000
568855933360607232
568870342443184128
568871143022731265
568873612524032000
568880408701435904
568887455044259842
568894248457646080
568916345506566145
568916446710857728
568925709189705728
568930740127326209
568931356287365120
568931575980814336
568946502615179264
568946686896132096
568946700791861248
568951377231114240
568961737715789824
568961738596462593
569007103542587392
569022042349051905
569097525690568704
569126026938335232
569134333166002177
569152201278525440
569153207148150785
569158030404800513
569161513056935936
569173103009525760
569174847374233600
569177868221202432
569179631409958912
569188266089381888
569196241252282368
569202278298755072
569208067243401217
569221156504530944
569221909231104000
569232480181489665
569233400592257024
569233434423353344
569233440463155201
569233531483918337
569233554242080768
569238014418944000
569242798953594880
569247579692781569
569248672606597121
569259404589191168
569263677234388993
569263732280451072
569267207324246019
569273247252008961
569274001173979137
569276518305820672
569278644943757312
569278858123300864
569290361870426112
569293965448458240
569298163632373761
569308881438052352
569311498301870080
569318043702177793
569324035835711489
569325844906115072
569325844931448832
569328773876871168
569329921740427264
569337170210607105
569339072805797888
569339181136113664
569348995136376833
569354267854704641
569365604832047104
569369243965362176
569369331173363712
569369390178799616
569369416963633152
569371393294344192
569397314240049152
569414739694104576
569439089063280640
569444898660691968
569475000660422656
569475092582789120
569483885404413952
569484387055734784
569487156399378434
569490072975876097
569490427625086976
569494958006263809
569503512968572928
569516852805808129
569520425312632832
569520477351383040
569526164575924225
569535503827017730
569535507815903233
569535527227150336
569539000312188928
569550230376423424
569550487474712576
569550676784578562
569558377178603520
569564666013163520
569565598772043776
569565776010567680
569578005430984704
569580648505020416
569580671112388608
569580805036453888
569588073438121984
569589079710380032
569595745126494208
569595791355981825
569595899204255745
569597885446270976
569601913832022016
569604176960827392
569610871934205954
569610889214754816
569610893052518400
569611065820110848
569615753885970432
569625953602834433
569626122578726913
569626174617485313
569627079458865153
569631860885577729
569635382834421761
569637147067551746
569640163393073152
569641125243301888
569641234769309696
569641247075213312
569641259826061312
569641676244791296
569643184067727361
569644694759714816
569644697309872128
569645701291843584
569652497947734017
569655012915322880
569656230769262592
569656281885077505
569656322154565632
569657781835460608
569664828911919104
569666840370110465
569668853849919488
569671231001092096
569671290111393792
569671332092252160
569671368788172800
569671413671591937
569671435309809664
569671454419079169
569671468369338368
569675144353828864
569676404893163520
569677660890116096
569678919307280384
569681184898162689
569682192332234752
569682194236641282
569686372124102656
569686397789057024
569686401735745536
569686415665025024
569686478046887937
569686510108344320
569688233002401792
569689239136423936
569689743061069824
569693012885770240
569693767831146497
569696881330167808
569697298768203776
569697793801134080
569699471954587648
569701550039429121
569701607144693760
569701646445326336
569710627649761282
569716558487904258
569716576850731008
569716594731044865
569716645150781440
569716646165778432
569716670689902592
569716703556444161
569716774431666176
569727743450984448
569747874952683520
569762067097501697
569766247715319808
569776946365620224
569782352223666176
569784114309693440
569813808987787264
569816326744776705
569821862873726976
569822277145133056
569825133705216001
569830923597955073
569837381261533185
569837569392967680
569838973490765824
569846023553720321
569846853350457344
569852657327738880
569867582070591488
569867607341436928
569867719874650112
569872444590129152
569878990841901056
569881004262989824
569882830328569856
569886288691773440
569886537128632320
569894088209596416
569897733466628097
569897748859744257
569897798692286465
569897809731854337
569904406285516800
569906167947898880
569912710848057344
569912835871879168
569912888866906112
569912963273879552
569921267601580032
569927965007417344
569928034171498496
569928060587233280
569930577643769856
569934354241212417
569938559836299264
569943022474956802
569943090766721024
569958127258497025
569958189862486016
569958224968982528
569958232162222082
569958247412723712
569958295919730688
569958301443739650
569958349514485760
569960024455454721
569961785509478400
569966060926947329
569973278699352064
569973337050341376
569973352837853184
569987452334690305
569988207489777664
569988479540695040
569989971156860928
569990222609412097
569992234801737728
569993494715977728
570000287080951808
570002051108769792
570002805295095808
570006830405046272
570014884651380736
570017905879986176
570018532727103489
570033624306708481
570033627939131392
570033719609827328
570033764044304385
570033778300620801
570043574097555456
570045585149063168
570048726380765184
570048804550004737
570048844702076930
570048851295383552
570048890466111488
570048915518533634
570054647689322496
570057416718491649
570060184908910592
570060687164067840
570063826508320769
570063869596475394
570064017022181376
570064025918115840
570076792993611776
570078049779081216
570079030029848579
570079041547472896
570083761582428160
570093652120178689
570094120993054720
570109219078152193
570121588487663616
570128633957736448
570132410588917760
570139364178530304
570169567374401536
570178966725767168
570186514178519041
570195827341312000
570197589280366592
570199956704919552
570202621123780608
570213946348560388
570214946815868929
570214968622239744
570217971815211008
570229936285331457
570230059170004994
570245402982785024
570245656972894208
570249680535339009
570250940290342914
570260118043914240
570260294846451712
570260325611630592
570271574462369793
570275218515726337
570275248052039680
570275314036649984
570275384714862592
570275450200711168
570284660510433280
570286925556424705
570290334158225408
570290337169739776
570290421336813568
570290540274688001
570290552169734144
570292715444965377
570300767074181121
570304544128815104
570305603056349184
570305647759265793
570307312675651585
567663136082513920
567719005713334276
567723431513575424
567723534344933376
567729325810917377
567730833998757890
567734357839056896
567738680945958913
567738715657609216
567738743491411968
567741655587905537
567742912579272704
567748702781992960
567749206236880896
567752478309875714
567753747283988481
567753757702647810
567753815634370560
567759774016868352
567761790357209088
567768330624372736
567768830265401344
567768878613536769
567769337256484864
567778236026077185
567783802492420096
567783892711526400
567783978955993088
567785191901376512
567786199415136256
567789974717747200
567798973008994304
567802808876158976
567812369902133248
567812370690605056
567814001212809216
567814010914222080
567814094678675458
567814095626575873
567814121870348289
567816651900583936
567831245260005376
567844362601697280
567848107456749569
567853644420423680
567858173282906112
567859338615865344
567867483622748160
567872267910262784
567872769049825280
567874505881845760
567876794788872192
567880317345771520
567889601869668352
567889613714522113
567889710129029121
567897182545686528
567898186414710784
567919829589442560
567919849088770048
567922347669262336
567923103080275968
567924107183915009
567930900731854848
567950122245623808
567972174398689280
567972426027565056
568010412798509056
568011684067078144
568011935347838977
568030057769410560
568035844088590336
568036095088160768
568055631065653250
568055678201438208
568055724078706689
568055766130827264
568078627687890946
568079633998086144
568085949663584256
568085962049216514
568085970983251968
568094548141977600
568100935769006080
568100973966569472
568100987887427584
568105051622756352
568107816923340800
568108322924191744
568116088631791616
568116146899169280
568121659988824064
568134243177463815
568146404784209920
568152863962238976
568156641339805697
568161284249796608
568161313274404864
568161493981794304
568168460468895745
568176390325075968
568176529584173056
568177022712676353
568180799838801920
568191654986792960
568196150718824448
568198666613338112
568204705861652480
568206634758983681
568221761898209280
568228614275260416
568243964983308289
568248245563969536
568265355115814913
568266994069295105
568286497796812800
568303606710956032
568342540837105664
568372767810125825
568416602728890370
568418165853540352
568433145437138944
568433301880479746
568433716206436353
568448242804871168
568448265441554432
568448282239713280
568448300325605377
568462402875863041
568463331251634176
568465174702772226
568478510538493952
568478536715120640
568491094327078912
568495877003857920
568503174413225984
568510973469855745
568523834980057088
568525573175136256
568525820764897280
568533371602608128
568533372709908480
568533876873633793
568538790244909056
568538872637816832
568554107952177152
568571242627903488
568573387817291776
568573889359556608
568574897988874240
568584104641368064
568587228353585154
568599168949886977
568599227342852096
568603081274986496
568605600273141760
568606101412962304
568615916730056704
568629385105793024
568629558716592128
568639824145584128
568659661861175297
568749045528842240
568752061682208768
568763889506082816
568780552964145152
568795462125428736
568795484283736064
568795549211738113
568802396907835393
568810642523725824
568810681279111168
568810700828741633
568821268239089664
568825686472953856
568825730718666754
568825791644966912
568825797613645824
568828064152424448
568848699960332288
568848952768000000
568855933360607232
568870342443184128
568871143022731265
568873612524032000
568880408701435904
568887455044259842
568894248457646080
568916345506566145
568916446710857728
568925709189705728
568930740127326209
568931356287365120
568931575980814336
568946502615179264
568946686896132096
568946700791861248
568951377231114240
568961737715789824
568961738596462593
569007103542587392
569022042349051905
569097525690568704
569126026938335232
569134333166002177
569152201278525440
569153207148150785
569158030404800513
569161513056935936
569173103009525760
569174847374233600
569177868221202432
569179631409958912
569188266089381888
569196241252282368
569202278298755072
569208067243401217
569221156504530944
569221909231104000
569232480181489665
569233400592257024
569233434423353344
569233440463155201
569233531483918337
569233554242080768
569238014418944000
569242798953594880
569247579692781569
569248672606597121
569259404589191168
569263677234388993
569263732280451072
569267207324246019
569273247252008961
569274001173979137
569276518305820672
569278644943757312
569278858123300864
569290361870426112
569293965448458240
569298163632373761
569308881438052352
569311498301870080
569318043702177793
569324035835711489
569325844906115072
569325844931448832
569328773876871168
569329921740427264
569337170210607105
569339072805797888
569339181136113664
569348995136376833
569354267854704641
569365604832047104
569369243965362176
569369331173363712
569369390178799616
569369416963633152
569371393294344192
569397314240049152
569414739694104576
569439089063280640
569444898660691968
569475000660422656
569475092582789120
569483885404413952
569484387055734784
569487156399378434
569490072975876097
569490427625086976
569494958006263809
569503512968572928
569516852805808129
569520425312632832
569520477351383040
569526164575924225
569535503827017730
569535507815903233
569535527227150336
569539000312188928
569550230376423424
569550487474712576
569550676784578562
569558377178603520
569564666013163520
569565598772043776
569565776010567680
569578005430984704
569580648505020416
569580671112388608
569580805036453888
569588073438121984
569589079710380032
569595745126494208
569595791355981825
569595899204255745
569597885446270976
569601913832022016
569604176960827392
569610871934205954
569610889214754816
569610893052518400
569611065820110848
569615753885970432
569625953602834433
569626122578726913
569626174617485313
569627079458865153
569631860885577729
569635382834421761
569637147067551746
569640163393073152
569641125243301888
569641234769309696
569641247075213312
569641259826061312
569641676244791296
569643184067727361
569644694759714816
569644697309872128
569645701291843584
569652497947734017
569655012915322880
569656230769262592
569656281885077505
569656322154565632
569657781835460608
569664828911919104
569666840370110465
569668853849919488
569671231001092096
569671290111393792
569671332092252160
569671368788172800
569671413671591937
569671435309809664
569671454419079169
569671468369338368
569675144353828864
569676404893163520
569677660890116096
569678919307280384
569681184898162689
569682192332234752
569682194236641282
569686372124102656
569686397789057024
569686401735745536
569686415665025024
569686478046887937
569686510108344320
569688233002401792
569689239136423936
569689743061069824
569693012885770240
569693767831146497
569696881330167808
569697298768203776
569697793801134080
569699471954587648
569701550039429121
569701607144693760
569701646445326336
569710627649761282
569716558487904258
569716576850731008
569716594731044865
569716645150781440
569716646165778432
569716670689902592
569716703556444161
569716774431666176
569727743450984448
569747874952683520
569762067097501697
569766247715319808
569776946365620224
569782352223666176
569784114309693440
569813808987787264
569816326744776705
569821862873726976
569822277145133056
569825133705216001
569830923597955073
569837381261533185
569837569392967680
569838973490765824
569846023553720321
569846853350457344
569852657327738880
569867582070591488
569867607341436928
569867719874650112
569872444590129152
569878990841901056
569881004262989824
569882830328569856
569886288691773440
569886537128632320
569894088209596416
569897733466628097
569897748859744257
569897798692286465
569897809731854337
569904406285516800
569906167947898880
569912710848057344
569912835871879168
569912888866906112
569912963273879552
569921267601580032
569927965007417344
569928034171498496
569928060587233280
569930577643769856
569934354241212417
569938559836299264
569943022474956802
569943090766721024
569958127258497025
569958189862486016
569958224968982528
569958232162222082
569958247412723712
569958295919730688
569958301443739650
569958349514485760
569960024455454721
569961785509478400
569966060926947329
569973278699352064
569973337050341376
569973352837853184
569987452334690305
569988207489777664
569988479540695040
569989971156860928
569990222609412097
569992234801737728
569993494715977728
570000287080951808
570002051108769792
570002805295095808
570006830405046272
570014884651380736
570017905879986176
570018532727103489
570033624306708481
570033627939131392
570033719609827328
570033764044304385
570033778300620801
570043574097555456
570045585149063168
570048726380765184
570048804550004737
570048844702076930
570048851295383552
570048890466111488
570048915518533634
570054647689322496
570057416718491649
570060184908910592
570060687164067840
570063826508320769
570063869596475394
570064017022181376
570064025918115840
570076792993611776
570078049779081216
570079030029848579
570079041547472896
570083761582428160
570093652120178689
570094120993054720
570109219078152193
570121588487663616
570128633957736448
570132410588917760
570139364178530304
570169567374401536
570178966725767168
570186514178519041
570195827341312000
570197589280366592
570199956704919552
570202621123780608
570213946348560388
570214946815868929
570214968622239744
570217971815211008
570229936285331457
570230059170004994
570245402982785024
570245656972894208
570249680535339009
570250940290342914
570260118043914240
570260294846451712
570260325611630592
570271574462369793
570275218515726337
570275248052039680
570275314036649984
570275384714862592
570275450200711168
570284660510433280
570286925556424705
570290334158225408
570290337169739776
570290421336813568
570290540274688001
570290552169734144
570292715444965377
570300767074181121
570304544128815104
570305603056349184
570305647759265793
570307312675651585
567663136082513920
567719005713334276
567723431513575424
567723534344933376
567729325810917377
567730833998757890
567734357839056896
567738680945958913
567738715657609216
567738743491411968
567741655587905537
567742912579272704
567748702781992960
567749206236880896
567752478309875714
567753747283988481
567753757702647810
567753815634370560
567759774016868352
567761790357209088
567768330624372736
567768830265401344
567768878613536769
567769337256484864
567778236026077185
567783802492420096
567783892711526400
567783978955993088
567785191901376512
567786199415136256
567789974717747200
567798973008994304
567802808876158976
567812369902133248
567812370690605056
567814001212809216
567814010914222080
567814094678675458
567814095626575873
567814121870348289
567816651900583936
567831245260005376
567844362601697280
567848107456749569
567853644420423680
567858173282906112
567859338615865344
567867483622748160
567872267910262784
567872769049825280
567874505881845760
567876794788872192
567880317345771520
567889601869668352
567889613714522113
567889710129029121
567897182545686528
567898186414710784
567919829589442560
567919849088770048
567922347669262336
567923103080275968
567924107183915009
567930900731854848
567950122245623808
567972174398689280
567972426027565056
568010412798509056
568011684067078144
568011935347838977
568030057769410560
568035844088590336
568036095088160768
568055631065653250
568055678201438208
568055724078706689
568055766130827264
568078627687890946
568079633998086144
568085949663584256
568085962049216514
568085970983251968
568094548141977600
568100935769006080
568100973966569472
568100987887427584
568105051622756352
568107816923340800
568108322924191744
568116088631791616
568116146899169280
568121659988824064
568134243177463815
568146404784209920
568152863962238976
568156641339805697
568161284249796608
568161313274404864
568161493981794304
568168460468895745
568176390325075968
568176529584173056
568177022712676353
568180799838801920
568191654986792960
568196150718824448
568198666613338112
568204705861652480
568206634758983681
568221761898209280
568228614275260416
568243964983308289
568248245563969536
568265355115814913
568266994069295105
568286497796812800
568303606710956032
568342540837105664
568372767810125825
568416602728890370
568418165853540352
568433145437138944
568433301880479746
568433716206436353
568448242804871168
568448265441554432
568448282239713280
568448300325605377
568462402875863041
568463331251634176
568465174702772226
568478510538493952
568478536715120640
568491094327078912
568495877003857920
568503174413225984
568510973469855745
568523834980057088
568525573175136256
568525820764897280
568533371602608128
568533372709908480
568533876873633793
568538790244909056
568538872637816832
568554107952177152
568571242627903488
568573387817291776
568573889359556608
568574897988874240
568584104641368064
568587228353585154
568599168949886977
568599227342852096
568603081274986496
568605600273141760
568606101412962304
568615916730056704
568629385105793024
568629558716592128
568639824145584128
568659661861175297
568749045528842240
568752061682208768
568763889506082816
568780552964145152
568795462125428736
568795484283736064
568795549211738113
568802396907835393
568810642523725824
568810681279111168
568810700828741633
568821268239089664
568825686472953856
568825730718666754
568825791644966912
568825797613645824
568828064152424448
568848699960332288
568848952768000000
568855933360607232
568870342443184128
568871143022731265
568873612524032000
568880408701435904
568887455044259842
568894248457646080
568916345506566145
568916446710857728
568925709189705728
568930740127326209
568931356287365120
568931575980814336
568946502615179264
568946686896132096
568946700791861248
568951377231114240
568961737715789824
568961738596462593
569007103542587392
569022042349051905
569097525690568704
569126026938335232
569134333166002177
569152201278525440
569153207148150785
569158030404800513
569161513056935936
569173103009525760
569174847374233600
569177868221202432
569179631409958912
569188266089381888
569196241252282368
569202278298755072
569208067243401217
569221156504530944
569221909231104000
569232480181489665
569233400592257024
569233434423353344
569233440463155201
569233531483918337
569233554242080768
569238014418944000
569242798953594880
569247579692781569
569248672606597121
569259404589191168
569263677234388993
569263732280451072
569267207324246019
569273247252008961
569274001173979137
569276518305820672
569278644943757312
569278858123300864
569290361870426112
569293965448458240
569298163632373761
569308881438052352
569311498301870080
569318043702177793
569324035835711489
569325844906115072
569325844931448832
569328773876871168
569329921740427264
569337170210607105
569339072805797888
569339181136113664
569348995136376833
569354267854704641
569365604832047104
569369243965362176
569369331173363712
569369390178799616
569369416963633152
569371393294344192
569397314240049152
569414739694104576
569439089063280640
569444898660691968
569475000660422656
569475092582789120
569483885404413952
569484387055734784
569487156399378434
569490072975876097
569490427625086976
569494958006263809
569503512968572928
569516852805808129
569520425312632832
569520477351383040
569526164575924225
569535503827017730
569535507815903233
569535527227150336
569539000312188928
569550230376423424
569550487474712576
569550676784578562
569558377178603520
569564666013163520
569565598772043776
569565776010567680
569578005430984704
569580648505020416
569580671112388608
569580805036453888
569588073438121984
569589079710380032
569595745126494208
569595791355981825
569595899204255745
569597885446270976
569601913832022016
569604176960827392
569610871934205954
569610889214754816
569610893052518400
569611065820110848
569615753885970432
569625953602834433
569626122578726913
569626174617485313
569627079458865153
569631860885577729
569635382834421761
569637147067551746
569640163393073152
569641125243301888
569641234769309696
569641247075213312
569641259826061312
569641676244791296
569643184067727361
569644694759714816
569644697309872128
569645701291843584
569652497947734017
569655012915322880
569656230769262592
569656281885077505
569656322154565632
569657781835460608
569664828911919104
569666840370110465
569668853849919488
569671231001092096
569671290111393792
569671332092252160
569671368788172800
569671413671591937
569671435309809664
569671454419079169
569671468369338368
569675144353828864
569676404893163520
569677660890116096
569678919307280384
569681184898162689
569682192332234752
569682194236641282
569686372124102656
569686397789057024
569686401735745536
569686415665025024
569686478046887937
569686510108344320
569688233002401792
569689239136423936
569689743061069824
569693012885770240
569693767831146497
569696881330167808
569697298768203776
569697793801134080
569699471954587648
569701550039429121
569701607144693760
569701646445326336
569710627649761282
569716558487904258
569716576850731008
569716594731044865
569716645150781440
569716646165778432
569716670689902592
569716703556444161
569716774431666176
569727743450984448
569747874952683520
569762067097501697
569766247715319808
569776946365620224
569782352223666176
569784114309693440
569813808987787264
569816326744776705
569821862873726976
569822277145133056
569825133705216001
569830923597955073
569837381261533185
569837569392967680
569838973490765824
569846023553720321
569846853350457344
569852657327738880
569867582070591488
569867607341436928
569867719874650112
569872444590129152
569878990841901056
569881004262989824
569882830328569856
569886288691773440
569886537128632320
569894088209596416
569897733466628097
569897748859744257
569897798692286465
569897809731854337
569904406285516800
569906167947898880
569912710848057344
569912835871879168
569912888866906112
569912963273879552
569921267601580032
569927965007417344
569928034171498496
569928060587233280
569930577643769856
569934354241212417
569938559836299264
569943022474956802
569943090766721024
569958127258497025
569958189862486016
569958224968982528
569958232162222082
569958247412723712
569958295919730688
569958301443739650
569958349514485760
569960024455454721
569961785509478400
569966060926947329
569973278699352064
569973337050341376
569973352837853184
569987452334690305
569988207489777664
569988479540695040
569989971156860928
569990222609412097
569992234801737728
569993494715977728
570000287080951808
570002051108769792
570002805295095808
570006830405046272
570014884651380736
570017905879986176
570018532727103489
570033624306708481
570033627939131392
570033719609827328
570033764044304385
570033778300620801
570043574097555456
570045585149063168
570048726380765184
570048804550004737
570048844702076930
570048851295383552
570048890466111488
570048915518533634
570054647689322496
570057416718491649
570060184908910592
570060687164067840
570063826508320769
570063869596475394
570064017022181376
570064025918115840
570076792993611776
570078049779081216
570079030029848579
570079041547472896
570083761582428160
570093652120178689
570094120993054720
570109219078152193
570121588487663616
570128633957736448
570132410588917760
570139364178530304
570169567374401536
570178966725767168
570186514178519041
570195827341312000
570197589280366592
570199956704919552
570202621123780608
570213946348560388
570214946815868929
570214968622239744
570217971815211008
570229936285331457
570230059170004994
570245402982785024
570245656972894208
570249680535339009
570250940290342914
570260118043914240
570260294846451712
570260325611630592
570271574462369793
570275218515726337
570275248052039680
570275314036649984
570275384714862592
570275450200711168
570284660510433280
570286925556424705
570290334158225408
570290337169739776
570290421336813568
570290540274688001
570290552169734144
570292715444965377
570300767074181121
570304544128815104
570305603056349184
570305647759265793
570307312675651585
567663136082513920
567719005713334276
567723431513575424
567723534344933376
567729325810917377
567730833998757890
567734357839056896
567738680945958913
567738715657609216
567738743491411968
567741655587905537
567742912579272704
567748702781992960
567749206236880896
567752478309875714
567753747283988481
567753757702647810
567753815634370560
567759774016868352
567761790357209088
567768330624372736
567768830265401344
567768878613536769
567769337256484864
567778236026077185
567783802492420096
567783892711526400
567783978955993088
567785191901376512
567786199415136256
567789974717747200
567798973008994304
567802808876158976
567812369902133248
567812370690605056
567814001212809216
567814010914222080
567814094678675458
567814095626575873
567814121870348289
567816651900583936
567831245260005376
567844362601697280
567848107456749569
567853644420423680
567858173282906112
567859338615865344
567867483622748160
567872267910262784
567872769049825280
567874505881845760
567876794788872192
567880317345771520
567889601869668352
567889613714522113
567889710129029121
567897182545686528
567898186414710784
567919829589442560
567919849088770048
567922347669262336
567923103080275968
567924107183915009
567930900731854848
567950122245623808
567972174398689280
567972426027565056
568010412798509056
568011684067078144
568011935347838977
568030057769410560
568035844088590336
568036095088160768
568055631065653250
568055678201438208
568055724078706689
568055766130827264
568078627687890946
568079633998086144
568085949663584256
568085962049216514
568085970983251968
568094548141977600
568100935769006080
568100973966569472
568100987887427584
568105051622756352
568107816923340800
568108322924191744
568116088631791616
568116146899169280
568121659988824064
568134243177463815
568146404784209920
568152863962238976
568156641339805697
568161284249796608
568161313274404864
568161493981794304
568168460468895745
568176390325075968
568176529584173056
568177022712676353
568180799838801920
568191654986792960
568196150718824448
568198666613338112
568204705861652480
568206634758983681
568221761898209280
568228614275260416
568243964983308289
568248245563969536
568265355115814913
568266994069295105
568286497796812800
568303606710956032
568342540837105664
568372767810125825
568416602728890370
568418165853540352
568433145437138944
568433301880479746
568433716206436353
568448242804871168
568448265441554432
568448282239713280
568448300325605377
568462402875863041
568463331251634176
568465174702772226
568478510538493952
568478536715120640
568491094327078912
568495877003857920
568503174413225984
568510973469855745
568523834980057088
568525573175136256
568525820764897280
568533371602608128
568533372709908480
568533876873633793
568538790244909056
568538872637816832
568554107952177152
568571242627903488
568573387817291776
568573889359556608
568574897988874240
568584104641368064
568587228353585154
568599168949886977
568599227342852096
568603081274986496
568605600273141760
568606101412962304
568615916730056704
568629385105793024
568629558716592128
568639824145584128
568659661861175297
568749045528842240
568752061682208768
568763889506082816
568780552964145152
568795462125428736
568795484283736064
568795549211738113
568802396907835393
568810642523725824
568810681279111168
568810700828741633
568821268239089664
568825686472953856
568825730718666754
568825791644966912
568825797613645824
568828064152424448
568848699960332288
568848952768000000
568855933360607232
568870342443184128
568871143022731265
568873612524032000
568880408701435904
568887455044259842
568894248457646080
568916345506566145
568916446710857728
568925709189705728
568930740127326209
568931356287365120
568931575980814336
568946502615179264
568946686896132096
568946700791861248
568951377231114240
568961737715789824
568961738596462593
569007103542587392
569022042349051905
569097525690568704
569126026938335232
569134333166002177
569152201278525440
569153207148150785
569158030404800513
569161513056935936
569173103009525760
569174847374233600
569177868221202432
569179631409958912
569188266089381888
569196241252282368
569202278298755072
569208067243401217
569221156504530944
569221909231104000
569232480181489665
569233400592257024
569233434423353344
569233440463155201
569233531483918337
569233554242080768
569238014418944000
569242798953594880
569247579692781569
569248672606597121
569259404589191168
569263677234388993
569263732280451072
569267207324246019
569273247252008961
569274001173979137
569276518305820672
569278644943757312
569278858123300864
569290361870426112
569293965448458240
569298163632373761
569308881438052352
569311498301870080
569318043702177793
569324035835711489
569325844906115072
569325844931448832
569328773876871168
569329921740427264
569337170210607105
569339072805797888
569339181136113664
569348995136376833
569354267854704641
569365604832047104
569369243965362176
569369331173363712
569369390178799616
569369416963633152
569371393294344192
569397314240049152
569414739694104576
569439089063280640
569444898660691968
569475000660422656
569475092582789120
569483885404413952
569484387055734784
569487156399378434
569490072975876097
569490427625086976
569494958006263809
569503512968572928
569516852805808129
569520425312632832
569520477351383040
569526164575924225
569535503827017730
569535507815903233
569535527227150336
569539000312188928
569550230376423424
569550487474712576
569550676784578562
569558377178603520
569564666013163520
569565598772043776
569565776010567680
569578005430984704
569580648505020416
569580671112388608
569580805036453888
569588073438121984
569589079710380032
569595745126494208
569595791355981825
569595899204255745
569597885446270976
569601913832022016
569604176960827392
569610871934205954
569610889214754816
569610893052518400
569611065820110848
569615753885970432
569625953602834433
569626122578726913
569626174617485313
569627079458865153
569631860885577729
569635382834421761
569637147067551746
569640163393073152
569641125243301888
569641234769309696
569641247075213312
569641259826061312
569641676244791296
569643184067727361
569644694759714816
569644697309872128
569645701291843584
569652497947734017
569655012915322880
569656230769262592
569656281885077505
569656322154565632
569657781835460608
569664828911919104
569666840370110465
569668853849919488
569671231001092096
569671290111393792
569671332092252160
569671368788172800
569671413671591937
569671435309809664
569671454419079169
569671468369338368
569675144353828864
569676404893163520
569677660890116096
569678919307280384
569681184898162689
569682192332234752
569682194236641282
569686372124102656
569686397789057024
569686401735745536
569686415665025024
569686478046887937
569686510108344320
569688233002401792
569689239136423936
569689743061069824
569693012885770240
569693767831146497
569696881330167808
569697298768203776
569697793801134080
569699471954587648
569701550039429121
569701607144693760
569701646445326336
569710627649761282
569716558487904258
569716576850731008
569716594731044865
569716645150781440
569716646165778432
569716670689902592
569716703556444161
569716774431666176
569727743450984448
569747874952683520
569762067097501697
569766247715319808
569776946365620224
569782352223666176
569784114309693440
569813808987787264
569816326744776705
569821862873726976
569822277145133056
569825133705216001
569830923597955073
569837381261533185
569837569392967680
569838973490765824
569846023553720321
569846853350457344
569852657327738880
569867582070591488
569867607341436928
569867719874650112
569872444590129152
569878990841901056
569881004262989824
569882830328569856
569886288691773440
569886537128632320
569894088209596416
569897733466628097
569897748859744257
569897798692286465
569897809731854337
569904406285516800
569906167947898880
569912710848057344
569912835871879168
569912888866906112
569912963273879552
569921267601580032
569927965007417344
569928034171498496
569928060587233280
569930577643769856
569934354241212417
569938559836299264
569943022474956802
569943090766721024
569958127258497025
569958189862486016
569958224968982528
569958232162222082
569958247412723712
569958295919730688
569958301443739650
569958349514485760
569960024455454721
569961785509478400
569966060926947329
569973278699352064
569973337050341376
569973352837853184
569987452334690305
569988207489777664
569988479540695040
569989971156860928
569990222609412097
569992234801737728
569993494715977728
570000287080951808
570002051108769792
570002805295095808
570006830405046272
570014884651380736
570017905879986176
570018532727103489
570033624306708481
570033627939131392
570033719609827328
570033764044304385
570033778300620801
570043574097555456
570045585149063168
570048726380765184
570048804550004737
570048844702076930
570048851295383552
570048890466111488
570048915518533634
570054647689322496
570057416718491649
570060184908910592
570060687164067840
570063826508320769
570063869596475394
570064017022181376
570064025918115840
570076792993611776
570078049779081216
570079030029848579
570079041547472896
570083761582428160
570093652120178689
570094120993054720
570109219078152193
570121588487663616
570128633957736448
570132410588917760
570139364178530304
570169567374401536
570178966725767168
570186514178519041
570195827341312000
570197589280366592
570199956704919552
570202621123780608
570213946348560388
570214946815868929
570214968622239744
570217971815211008
570229936285331457
570230059170004994
570245402982785024
570245656972894208
570249680535339009
570250940290342914
570260118043914240
570260294846451712
570260325611630592
570271574462369793
570275218515726337
570275248052039680
570275314036649984
570275384714862592
570275450200711168
570284660510433280
570286925556424705
570290334158225408
570290337169739776
570290421336813568
570290540274688001
570290552169734144
570292715444965377
570300767074181121
570304544128815104
570305603056349184
570305647759265793
570307312675651585
567663136082513920
567719005713334276
567723431513575424
567723534344933376
567729325810917377
567730833998757890
567734357839056896
567738680945958913
567738715657609216
567738743491411968
567741655587905537
567742912579272704
567748702781992960
567749206236880896
567752478309875714
567753747283988481
567753757702647810
567753815634370560
567759774016868352
567761790357209088
567768330624372736
567768830265401344
567768878613536769
567769337256484864
567778236026077185
567783802492420096
567783892711526400
567783978955993088
567785191901376512
567786199415136256
567789974717747200
567798973008994304
567802808876158976
567812369902133248
567812370690605056
567814001212809216
567814010914222080
567814094678675458
567814095626575873
567814121870348289
567816651900583936
567831245260005376
567844362601697280
567848107456749569
567853644420423680
567858173282906112
567859338615865344
567867483622748160
567872267910262784
567872769049825280
567874505881845760
567876794788872192
567880317345771520
567889601869668352
567889613714522113
567889710129029121
567897182545686528
567898186414710784
567919829589442560
567919849088770048
567922347669262336
567923103080275968
567924107183915009
567930900731854848
567950122245623808
567972174398689280
567972426027565056
568010412798509056
568011684067078144
568011935347838977
568030057769410560
568035844088590336
568036095088160768
568055631065653250
568055678201438208
568055724078706689
568055766130827264
568078627687890946
568079633998086144
568085949663584256
568085962049216514
568085970983251968
568094548141977600
568100935769006080
568100973966569472
568100987887427584
568105051622756352
568107816923340800
568108322924191744
568116088631791616
568116146899169280
568121659988824064
568134243177463815
568146404784209920
568152863962238976
568156641339805697
568161284249796608
568161313274404864
568161493981794304
568168460468895745
568176390325075968
568176529584173056
568177022712676353
568180799838801920
568191654986792960
568196150718824448
568198666613338112
568204705861652480
568206634758983681
568221761898209280
568228614275260416
568243964983308289
568248245563969536
568265355115814913
568266994069295105
568286497796812800
568303606710956032
568342540837105664
568372767810125825
568416602728890370
568418165853540352
568433145437138944
568433301880479746
568433716206436353
568448242804871168
568448265441554432
568448282239713280
568448300325605377
568462402875863041
568463331251634176
568465174702772226
568478510538493952
568478536715120640
568491094327078912
568495877003857920
568503174413225984
568510973469855745
568523834980057088
568525573175136256
568525820764897280
568533371602608128
568533372709908480
568533876873633793
568538790244909056
568538872637816832
568554107952177152
568571242627903488
568573387817291776
568573889359556608
568574897988874240
568584104641368064
568587228353585154
568599168949886977
568599227342852096
568603081274986496
568605600273141760
568606101412962304
568615916730056704
568629385105793024
568629558716592128
568639824145584128
568659661861175297
568749045528842240
568752061682208768
568763889506082816
568780552964145152
568795462125428736
568795484283736064
568795549211738113
568802396907835393
568810642523725824
568810681279111168
568810700828741633
568821268239089664
568825686472953856
568825730718666754
568825791644966912
568825797613645824
568828064152424448
568848699960332288
568848952768000000
568855933360607232
568870342443184128
568871143022731265
568873612524032000
568880408701435904
568887455044259842
568894248457646080
568916345506566145
568916446710857728
568925709189705728
568930740127326209
568931356287365120
568931575980814336
568946502615179264
568946686896132096
568946700791861248
568951377231114240
568961737715789824
568961738596462593
569007103542587392
569022042349051905
569097525690568704
569126026938335232
569134333166002177
569152201278525440
569153207148150785
569158030404800513
569161513056935936
569173103009525760
569174847374233600
569177868221202432
569179631409958912
569188266089381888
569196241252282368
569202278298755072
569208067243401217
569221156504530944
569221909231104000
569232480181489665
569233400592257024
569233434423353344
569233440463155201
569233531483918337
569233554242080768
569238014418944000
569242798953594880
569247579692781569
569248672606597121
569259404589191168
569263677234388993
569263732280451072
569267207324246019
569273247252008961
569274001173979137
569276518305820672
569278644943757312
569278858123300864
569290361870426112
569293965448458240
569298163632373761
569308881438052352
569311498301870080
569318043702177793
569324035835711489
569325844906115072
569325844931448832
569328773876871168
569329921740427264
569337170210607105
569339072805797888
569339181136113664
569348995136376833
569354267854704641
569365604832047104
569369243965362176
569369331173363712
569369390178799616
569369416963633152
569371393294344192
569397314240049152
569414739694104576
569439089063280640
569444898660691968
569475000660422656
569475092582789120
569483885404413952
569484387055734784
569487156399378434
569490072975876097
569490427625086976
569494958006263809
569503512968572928
569516852805808129
569520425312632832
569520477351383040
569526164575924225
569535503827017730
569535507815903233
569535527227150336
569539000312188928
569550230376423424
569550487474712576
569550676784578562
569558377178603520
569564666013163520
569565598772043776
569565776010567680
569578005430984704
569580648505020416
569580671112388608
569580805036453888
569588073438121984
569589079710380032
569595745126494208
569595791355981825
569595899204255745
569597885446270976
569601913832022016
569604176960827392
569610871934205954
569610889214754816
569610893052518400
569611065820110848
569615753885970432
569625953602834433
569626122578726913
569626174617485313
569627079458865153
569631860885577729
569635382834421761
569637147067551746
569640163393073152
569641125243301888
569641234769309696
569641247075213312
569641259826061312
569641676244791296
569643184067727361
569644694759714816
569644697309872128
569645701291843584
569652497947734017
569655012915322880
569656230769262592
569656281885077505
569656322154565632
569657781835460608
569664828911919104
569666840370110465
569668853849919488
569671231001092096
569671290111393792
569671332092252160
569671368788172800
569671413671591937
569671435309809664
569671454419079169
569671468369338368
569675144353828864
569676404893163520
569677660890116096
569678919307280384
569681184898162689
569682192332234752
569682194236641282
569686372124102656
569686397789057024
569686401735745536
569686415665025024
569686478046887937
569686510108344320
569688233002401792
569689239136423936
569689743061069824
569693012885770240
569693767831146497
569696881330167808
569697298768203776
569697793801134080
569699471954587648
569701550039429121
569701607144693760
569701646445326336
569710627649761282
569716558487904258
569716576850731008
569716594731044865
569716645150781440
569716646165778432
569716670689902592
569716703556444161
569716774431666176
569727743450984448
569747874952683520
569762067097501697
569766247715319808
569776946365620224
569782352223666176
569784114309693440
569813808987787264
569816326744776705
569821862873726976
569822277145133056
569825133705216001
569830923597955073
569837381261533185
569837569392967680
569838973490765824
569846023553720321
569846853350457344
569852657327738880
569867582070591488
569867607341436928
569867719874650112
569872444590129152
569878990841901056
569881004262989824
569882830328569856
569886288691773440
569886537128632320
569894088209596416
569897733466628097
569897748859744257
569897798692286465
569897809731854337
569904406285516800
569906167947898880
569912710848057344
569912835871879168
569912888866906112
569912963273879552
569921267601580032
569927965007417344
569928034171498496
569928060587233280
569930577643769856
569934354241212417
569938559836299264
569943022474956802
569943090766721024
569958127258497025
569958189862486016
569958224968982528
569958232162222082
569958247412723712
569958295919730688
569958301443739650
569958349514485760
569960024455454721
569961785509478400
569966060926947329
569973278699352064
569973337050341376
569973352837853184
569987452334690305
569988207489777664
569988479540695040
569989971156860928
569990222609412097
569992234801737728
569993494715977728
570000287080951808
570002051108769792
570002805295095808
570006830405046272
570014884651380736
570017905879986176
570018532727103489
570033624306708481
570033627939131392
570033719609827328
570033764044304385
570033778300620801
570043574097555456
570045585149063168
570048726380765184
570048804550004737
570048844702076930
570048851295383552
570048890466111488
570048915518533634
570054647689322496
570057416718491649
570060184908910592
570060687164067840
570063826508320769
570063869596475394
570064017022181376
570064025918115840
570076792993611776
570078049779081216
570079030029848579
570079041547472896
570083761582428160
570093652120178689
570094120993054720
570109219078152193
570121588487663616
570128633957736448
570132410588917760
570139364178530304
570169567374401536
570178966725767168
570186514178519041
570195827341312000
570197589280366592
570199956704919552
570202621123780608
570213946348560388
570214946815868929
570214968622239744
570217971815211008
570229936285331457
570230059170004994
570245402982785024
570245656972894208
570249680535339009
570250940290342914
570260118043914240
570260294846451712
570260325611630592
570271574462369793
570275218515726337
570275248052039680
570275314036649984
570275384714862592
570275450200711168
570284660510433280
570286925556424705
570290334158225408
570290337169739776
570290421336813568
570290540274688001
570290552169734144
570292715444965377
570300767074181121
570304544128815104
570305603056349184
570305647759265793
570307312675651585
