567835857929035776
567963422903705601
569603127223066624
567835857929035776
567963422903705601
569603127223066624
567835857929035776
567963422903705601
569603127223066624
569938450633388032
567835857929035776
567963422903705601
569603127223066624
569938450633388032
567835857929035776
567963422903705601
569603127223066624
569938450633388032
567835857929035776
567963422903705601
569603127223066624
569938450633388032
567835857929035776
567963422903705601
569603127223066624
569938450633388032
567835857929035776
567963422903705601
569603127223066624
569938450633388032
