567663504102940672
567724091809878016
567724133434535936
567725304958160896
567726138223771649
567731598871642112
567732351774781440
567733609130233856
567734113088835585
567734115899027457
567734618095230976
567739036425805824
567739149818413056
567740403755909120
567748208844365825
567754136255725568
567754165904887810
567754223362666496
567754288055988224
567757771953561600
567758020239966208
567769337256484864
567776143273512961
567781176375803905
567782686077747200
567783187901915136
567799412538494976
567799518448848897
567801559788068864
567806843310907392
567814633047728128
567814641918832640
567814896965124096
567816155369570304
567816909816635392
567817558418804737
567818765888557056
567829689600892928
567829834618904576
567829997668470785
567830500095688704
567834021293596672
567840815331991552
567844774994014208
567844852135645186
567851387641597952
567856422030942208
567859888480772096
567871270014025728
567873467401371648
567874970463780864
567875130824658946
567887623953457152
567890395322920960
567899634833690624
567903480993558528
567905158346207233
567905184040382464
567905194563997696
567905220828606466
567905267033055233
567906248852533248
567908764650774529
567923361256460288
567935527481188352
567953560362733568
568011010029838336
568041051182616576
568041161652342784
568041225174953985
568045665185452032
568055480226066434
568056298937430016
568056741885288448
568057241435303936
568066302818058240
568069616003629057
568081401053974528
568086184888561664
568101393111891968
568101444391276544
568101513605681152
568101606585020416
568101609894342656
568110846057975808
568116534855503872
568116602186502144
568134503987851264
568145575452876800
568149600403660800
568161901089132544
568161997935607808
568169732895051777
568172001300340736
568176529584173056
568176902801735680
568176925845237760
568177022712676353
568177098038349825
568185339245756416
568192010789777408
568192024026996736
568192038040006656
568195153464143872
568203709802532864
568207206023360512
568207228412542976
568208488335331329
568215031608815617
568237684277141504
568239444500865025
568255550070362113
568264293478744064
568279456780980226
568282478076669952
568282656590282754
568282692845842432
568341364951388160
568358096290111489
568380876855353344
568384147464568834
568388502431395840
568418531777355776
568418629236219904
568425421240455168
568433610765815808
568433716206436353
568433759919452160
568434729684307970
568438000843034624
568438759466934272
568438860390244353
568444042851323904
568447062976524288
568448902011224064
568453351479721986
568463892453724160
568478881063276545
568485564112117760
568494200163074048
568509134276050945
568509302505377792
568516267440631808
568524186185961473
568524265663803395
568524407850688512
568529856977199104
568539290344402944
568551937185951744
568554411078889473
568554542897307648
568555022209847296
568569646389067776
568569662717313024
568570374335524865
568592520659267584
568619699212140544
568621210986090497
568629979719675904
568632534117908480
568641342869544960
568643357108531200
568646628795666432
568648390738706432
568738229274464256
568770442292551680
568780964677201920
568796018348724226
568796113081376768
568796187299606528
568797120410619904
568800389903962112
568802906280845312
568803508784275457
568804416662454272
568811069575204864
568826215089475584
568826225621405696
568826247809273856
568826365878730753
568827568973066240
568828574641328128
568833608460283904
568841355226517504
568847199460835328
568854243097976832
568855251123449856
568863304975839233
568864815654899712
568869594531651584
568871357007704064
568872365146251264
568901675903119360
568901823215448064
568901828055707648
568901905910521856
568903820283158528
568911873438920705
568916807815438336
568924206152306688
568927727627202560
568927730160549888
568928486188032000
568929490929377281
568931924166574080
568931996891807744
568932061882552320
568932070447140864
568942578026086401
568947358349701120
568947860424642560
568951922734055424
568957173692108800
568957488021827585
568962249177436160
568964974611193858
568967744076410880
568977167410802688
568977175149293570
568981079278751744
568984098909237248
568992290833899520
568992314296819712
568993159419535360
569007580925677568
569031663520489472
569124024426618881
569128289178152960
569143406724837376
569143443512897536
569143454434926592
569158546404864001
569162276403609600
569188447157661696
569188782492266496
569188792541818880
569203705750237184
569206566035042305
569208480793567233
569209084144005120
569215124562554880
569218762907324416
569218789834821632
569218838190907393
569231984334995456
569232738655412225
569233861651144704
569233955951480832
569248843532886016
569264118219214848
569264951401054208
569280553574277120
569294326259253248
569297162795937792
569299428068233217
569300435091251200
569304208534597632
569310249859080192
569322078819766272
569323082701275138
569324558999691264
569324647906480128
569339717990400000
569343970360348672
569354882370572289
569356553977012225
569361587032748032
569369390178799616
569370900568502272
569385087424458752
569385496675295232
569387005131546624
569400188491730945
569415076400242688
569415109933531136
569433059168260096
569460417954746368
569460591644925952
569470053348823040
569474081202032641
569483390581383168
569483642931691520
569484900828491776
569487167191425024
569490688569679872
569496729755652098
569520929128251392
569526172335222784
569535230996045825
569535962604310529
569538002025779200
569548316700254208
569550676784578562
569566232803803136
569566252450107392
569566981835218944
569571654998888448
569580279251255296
569581303785328640
569588082284101633
569596325076955137
569596357381644289
569596364197199873
569596394819883008
569596420761604096
569596445680115712
569596469105299456
569611341394264064
569611482234687488
569611549960044544
569611581920808960
569611735696580611
569617019257151488
569617776509378560
569617777075625986
569621047353450496
569622053214507008
569626585365671938
569626613664653312
569626655527981058
569626673034850304
569626683139104768
569629100114989056
569630106940895233
569633630978310145
569634385823182852
569635391965405184
569639923080404994
569641551116177409
569641587766009856
569641607584206850
569641615721140224
569641676244791296
569641686101585921
569641693726842880
569641735086858240
569641785347059712
569644957188939777
569651499422375936
569656281885077505
569656727995600896
569656756764217345
569656858400694272
569656873315487746
569656884262793216
569660306298945537
569660558112239616
569663325383979008
569663577226915840
569671871634935809
569671908251213824
569671981852798976
569683456990580736
569686478046887937
569687056542244864
569690252450799616
569695286907551745
569696039914971136
569697298768203776
569698811708370944
569700068476866560
569702009751916544
569702019797286913
569704597922557952
569715419851796482
569717037464838144
569717188468334593
569720452987252736
569732355067244545
569732365968404480
569733539899568128
569745365940830210
569747280552538112
569747390758047745
569747411779735552
569749896095358977
569758956941234176
569759459632750592
569762365572558848
569762394169221121
569762463811383297
569769525744250880
569777329330884608
569777607371128834
567663504102940672
567724091809878016
567724133434535936
567725304958160896
567726138223771649
567731598871642112
567732351774781440
567733609130233856
567734113088835585
567734115899027457
567734618095230976
567739036425805824
567739149818413056
567740403755909120
567748208844365825
567754136255725568
567754165904887810
567754223362666496
567754288055988224
567757771953561600
567758020239966208
567769337256484864
567776143273512961
567781176375803905
567782686077747200
567783187901915136
567799412538494976
567799518448848897
567801559788068864
567806843310907392
567814633047728128
567814641918832640
567814896965124096
567816155369570304
567816909816635392
567817558418804737
567818765888557056
567829689600892928
567829834618904576
567829997668470785
567830500095688704
567834021293596672
567840815331991552
567844774994014208
567844852135645186
567851387641597952
567856422030942208
567859888480772096
567871270014025728
567873467401371648
567874970463780864
567875130824658946
567887623953457152
567890395322920960
567899634833690624
567903480993558528
567905158346207233
567905184040382464
567905194563997696
567905220828606466
567905267033055233
567906248852533248
567908764650774529
567923361256460288
567935527481188352
567953560362733568
568011010029838336
568041051182616576
568041161652342784
568041225174953985
568045665185452032
568055480226066434
568056298937430016
568056741885288448
568057241435303936
568066302818058240
568069616003629057
568081401053974528
568086184888561664
568101393111891968
568101444391276544
568101513605681152
568101606585020416
568101609894342656
568110846057975808
568116534855503872
568116602186502144
568134503987851264
568145575452876800
568149600403660800
568161901089132544
568161997935607808
568169732895051777
568172001300340736
568176529584173056
568176902801735680
568176925845237760
568177022712676353
568177098038349825
568185339245756416
568192010789777408
568192024026996736
568192038040006656
568195153464143872
568203709802532864
568207206023360512
568207228412542976
568208488335331329
568215031608815617
568237684277141504
568239444500865025
568255550070362113
568264293478744064
568279456780980226
568282478076669952
568282656590282754
568282692845842432
568341364951388160
568358096290111489
568380876855353344
568384147464568834
568388502431395840
568418531777355776
568418629236219904
568425421240455168
568433610765815808
568433716206436353
568433759919452160
568434729684307970
568438000843034624
568438759466934272
568438860390244353
568444042851323904
568447062976524288
568448902011224064
568453351479721986
568463892453724160
568478881063276545
568485564112117760
568494200163074048
568509134276050945
568509302505377792
568516267440631808
568524186185961473
568524265663803395
568524407850688512
568529856977199104
568539290344402944
568551937185951744
568554411078889473
568554542897307648
568555022209847296
568569646389067776
568569662717313024
568570374335524865
568592520659267584
568619699212140544
568621210986090497
568629979719675904
568632534117908480
568641342869544960
568643357108531200
568646628795666432
568648390738706432
568738229274464256
568770442292551680
568780964677201920
568796018348724226
568796113081376768
568796187299606528
568797120410619904
568800389903962112
568802906280845312
568803508784275457
568804416662454272
568811069575204864
568826215089475584
568826225621405696
568826247809273856
568826365878730753
568827568973066240
568828574641328128
568833608460283904
568841355226517504
568847199460835328
568854243097976832
568855251123449856
568863304975839233
568864815654899712
568869594531651584
568871357007704064
568872365146251264
568901675903119360
568901823215448064
568901828055707648
568901905910521856
568903820283158528
568911873438920705
568916807815438336
568924206152306688
568927727627202560
568927730160549888
568928486188032000
568929490929377281
568931924166574080
568931996891807744
568932061882552320
568932070447140864
568942578026086401
568947358349701120
568947860424642560
568951922734055424
568957173692108800
568957488021827585
568962249177436160
568964974611193858
568967744076410880
568977167410802688
568977175149293570
568981079278751744
568984098909237248
568992290833899520
568992314296819712
568993159419535360
569007580925677568
569031663520489472
569124024426618881
569128289178152960
569143406724837376
569143443512897536
569143454434926592
569158546404864001
569162276403609600
569188447157661696
569188782492266496
569188792541818880
569203705750237184
569206566035042305
569208480793567233
569209084144005120
569215124562554880
569218762907324416
569218789834821632
569218838190907393
569231984334995456
569232738655412225
569233861651144704
569233955951480832
569248843532886016
569264118219214848
569264951401054208
569280553574277120
569294326259253248
569297162795937792
569299428068233217
569300435091251200
569304208534597632
569310249859080192
569322078819766272
569323082701275138
569324558999691264
569324647906480128
569339717990400000
569343970360348672
569354882370572289
569356553977012225
569361587032748032
569369390178799616
569370900568502272
569385087424458752
569385496675295232
569387005131546624
569400188491730945
569415076400242688
569415109933531136
569433059168260096
569460417954746368
569460591644925952
569470053348823040
569474081202032641
569483390581383168
569483642931691520
569484900828491776
569487167191425024
569490688569679872
569496729755652098
569520929128251392
569526172335222784
569535230996045825
569535962604310529
569538002025779200
569548316700254208
569550676784578562
569566232803803136
569566252450107392
569566981835218944
569571654998888448
569580279251255296
569581303785328640
569588082284101633
569596325076955137
569596357381644289
569596364197199873
569596394819883008
569596420761604096
569596445680115712
569596469105299456
569611341394264064
569611482234687488
569611549960044544
569611581920808960
569611735696580611
569617019257151488
569617776509378560
569617777075625986
569621047353450496
569622053214507008
569626585365671938
569626613664653312
569626655527981058
569626673034850304
569626683139104768
569629100114989056
569630106940895233
569633630978310145
569634385823182852
569635391965405184
569639923080404994
569641551116177409
569641587766009856
569641607584206850
569641615721140224
569641676244791296
569641686101585921
569641693726842880
569641735086858240
569641785347059712
569644957188939777
569651499422375936
569656281885077505
569656727995600896
569656756764217345
569656858400694272
569656873315487746
569656884262793216
569660306298945537
569660558112239616
569663325383979008
569663577226915840
569671871634935809
569671908251213824
569671981852798976
569683456990580736
569686478046887937
569687056542244864
569690252450799616
569695286907551745
569696039914971136
569697298768203776
569698811708370944
569700068476866560
569702009751916544
569702019797286913
569704597922557952
569715419851796482
569717037464838144
569717188468334593
569720452987252736
569732355067244545
569732365968404480
569733539899568128
569745365940830210
569747280552538112
569747390758047745
569747411779735552
569749896095358977
569758956941234176
569759459632750592
569762365572558848
569762394169221121
569762463811383297
569769525744250880
569777329330884608
569777607371128834
569836467876470784
569842758967386112
567663504102940672
567724091809878016
567724133434535936
567725304958160896
567726138223771649
567731598871642112
567732351774781440
567733609130233856
567734113088835585
567734115899027457
567734618095230976
567739036425805824
567739149818413056
567740403755909120
567748208844365825
567754136255725568
567754165904887810
567754223362666496
567754288055988224
567757771953561600
567758020239966208
567769337256484864
567776143273512961
567781176375803905
567782686077747200
567783187901915136
567799412538494976
567799518448848897
567801559788068864
567806843310907392
567814633047728128
567814641918832640
567814896965124096
567816155369570304
567816909816635392
567817558418804737
567818765888557056
567829689600892928
567829834618904576
567829997668470785
567830500095688704
567834021293596672
567840815331991552
567844774994014208
567844852135645186
567851387641597952
567856422030942208
567859888480772096
567871270014025728
567873467401371648
567874970463780864
567875130824658946
567887623953457152
567890395322920960
567899634833690624
567903480993558528
567905158346207233
567905184040382464
567905194563997696
567905220828606466
567905267033055233
567906248852533248
567908764650774529
567923361256460288
567935527481188352
567953560362733568
568011010029838336
568041051182616576
568041161652342784
568041225174953985
568045665185452032
568055480226066434
568056298937430016
568056741885288448
568057241435303936
568066302818058240
568069616003629057
568081401053974528
568086184888561664
568101393111891968
568101444391276544
568101513605681152
568101606585020416
568101609894342656
568110846057975808
568116534855503872
568116602186502144
568134503987851264
568145575452876800
568149600403660800
568161901089132544
568161997935607808
568169732895051777
568172001300340736
568176529584173056
568176902801735680
568176925845237760
568177022712676353
568177098038349825
568185339245756416
568192010789777408
568192024026996736
568192038040006656
568195153464143872
568203709802532864
568207206023360512
568207228412542976
568208488335331329
568215031608815617
568237684277141504
568239444500865025
568255550070362113
568264293478744064
568279456780980226
568282478076669952
568282656590282754
568282692845842432
568341364951388160
568358096290111489
568380876855353344
568384147464568834
568388502431395840
568418531777355776
568418629236219904
568425421240455168
568433610765815808
568433716206436353
568433759919452160
568434729684307970
568438000843034624
568438759466934272
568438860390244353
568444042851323904
568447062976524288
568448902011224064
568453351479721986
568463892453724160
568478881063276545
568485564112117760
568494200163074048
568509134276050945
568509302505377792
568516267440631808
568524186185961473
568524265663803395
568524407850688512
568529856977199104
568539290344402944
568551937185951744
568554411078889473
568554542897307648
568555022209847296
568569646389067776
568569662717313024
568570374335524865
568592520659267584
568619699212140544
568621210986090497
568629979719675904
568632534117908480
568641342869544960
568643357108531200
568646628795666432
568648390738706432
568738229274464256
568770442292551680
568780964677201920
568796018348724226
568796113081376768
568796187299606528
568797120410619904
568800389903962112
568802906280845312
568803508784275457
568804416662454272
568811069575204864
568826215089475584
568826225621405696
568826247809273856
568826365878730753
568827568973066240
568828574641328128
568833608460283904
568841355226517504
568847199460835328
568854243097976832
568855251123449856
568863304975839233
568864815654899712
568869594531651584
568871357007704064
568872365146251264
568901675903119360
568901823215448064
568901828055707648
568901905910521856
568903820283158528
568911873438920705
568916807815438336
568924206152306688
568927727627202560
568927730160549888
568928486188032000
568929490929377281
568931924166574080
568931996891807744
568932061882552320
568932070447140864
568942578026086401
568947358349701120
568947860424642560
568951922734055424
568957173692108800
568957488021827585
568962249177436160
568964974611193858
568967744076410880
568977167410802688
568977175149293570
568981079278751744
568984098909237248
568992290833899520
568992314296819712
568993159419535360
569007580925677568
569031663520489472
569124024426618881
569128289178152960
569143406724837376
569143443512897536
569143454434926592
569158546404864001
569162276403609600
569188447157661696
569188782492266496
569188792541818880
569203705750237184
569206566035042305
569208480793567233
569209084144005120
569215124562554880
569218762907324416
569218789834821632
569218838190907393
569231984334995456
569232738655412225
569233861651144704
569233955951480832
569248843532886016
569264118219214848
569264951401054208
569280553574277120
569294326259253248
569297162795937792
569299428068233217
569300435091251200
569304208534597632
569310249859080192
569322078819766272
569323082701275138
569324558999691264
569324647906480128
569339717990400000
569343970360348672
569354882370572289
569356553977012225
569361587032748032
569369390178799616
569370900568502272
569385087424458752
569385496675295232
569387005131546624
569400188491730945
569415076400242688
569415109933531136
569433059168260096
569460417954746368
569460591644925952
569470053348823040
569474081202032641
569483390581383168
569483642931691520
569484900828491776
569487167191425024
569490688569679872
569496729755652098
569520929128251392
569526172335222784
569535230996045825
569535962604310529
569538002025779200
569548316700254208
569550676784578562
569566232803803136
569566252450107392
569566981835218944
569571654998888448
569580279251255296
569581303785328640
569588082284101633
569596325076955137
569596357381644289
569596364197199873
569596394819883008
569596420761604096
569596445680115712
569596469105299456
569611341394264064
569611482234687488
569611549960044544
569611581920808960
569611735696580611
569617019257151488
569617776509378560
569617777075625986
569621047353450496
569622053214507008
569626585365671938
569626613664653312
569626655527981058
569626673034850304
569626683139104768
569629100114989056
569630106940895233
569633630978310145
569634385823182852
569635391965405184
569639923080404994
569641551116177409
569641587766009856
569641607584206850
569641615721140224
569641676244791296
569641686101585921
569641693726842880
569641735086858240
569641785347059712
569644957188939777
569651499422375936
569656281885077505
569656727995600896
569656756764217345
569656858400694272
569656873315487746
569656884262793216
569660306298945537
569660558112239616
569663325383979008
569663577226915840
569671871634935809
569671908251213824
569671981852798976
569683456990580736
569686478046887937
569687056542244864
569690252450799616
569695286907551745
569696039914971136
569697298768203776
569698811708370944
569700068476866560
569702009751916544
569702019797286913
569704597922557952
569715419851796482
569717037464838144
569717188468334593
569720452987252736
569732355067244545
569732365968404480
569733539899568128
569745365940830210
569747280552538112
569747390758047745
569747411779735552
569749896095358977
569758956941234176
569759459632750592
569762365572558848
569762394169221121
569762463811383297
569769525744250880
569777329330884608
569777607371128834
569836467876470784
569842758967386112
569849299850305536
569852965315584000
569853327359516672
569868055502696449
569868115481395201
569868201720287232
569868207940603904
569870442388983808
569872455377879040
569874973021622272
569880005729067008
569880508181696513
569883152493240320
569883153231257601
569883285989531649
569883376041250816
569887049446076416
569898346036404224
569898392647811072
569911713459408896
569913339427434496
569915992303730689
569915992777687041
569920773105840128
569926559982751744
569928501966450689
569928540004753409
569928552621182976
569929075894194176
569933357515026432
569940834994401280
569943647103406080
569943700010172416
569943774253621248
569947699471974400
569950215513497601
569951222515539968
569952984257294336
569956726318850048
569957516748066817
569958642411122688
569958873819279360
569966073304522752
569966826639110147
569967834203189248
569970599377788928
569970853334650880
569973821396152323
569973945270546432
569978876861902848
569980415919853569
569988839919394816
569988842335244289
569988849608364032
569988987420434432
569989007532142592
569989023478841345
569989034501500928
569989039874404352
569989043456380928
569990229576196098
569990481452539904
569995513623408641
569995514558550016
570016052895092736
570019099268358144
570019234505474049
570026470741032961
570034301774884865
570034368086827008
570042828983820288
570049295040307200
570049623697461248
570050881879568384
570051381534396416
570064381410734080
570064443159089153
570064554232688640
570066231757180928
570079508797243392
570079536815034368
570079549914005504
570085859132878848
570094701371469825
570094749933289473
570095172303900672
570109851709218816
570109867031191552
570114536448995328
570115302991777792
570173690475728896
570185347453329409
570185364746461184
570189291990728704
570200237622611968
570205399619661824
570215343530102784
570215359963406337
570215386102292480
570215492838920193
570215548589453313
570229557740969984
570230059170004994
570230527032229889
570230559693078528
570244910563110912
570245555064074240
570245576815546368
570245603118211072
570245656972894208
570249440176570368
570250443034640384
570254368538173440
570259502685151232
570260735294607360
570270651996463104
570272172679282688
570275106724782080
570275726483542016
570275944012783616
570287651137445888
570288445156941824
570290993339244547
570291213007491076
570292976603295744
570295576446808065
570303797605617665
570306086475075585
570306133677760513
567663504102940672
567724091809878016
567724133434535936
567725304958160896
567726138223771649
567731598871642112
567732351774781440
567733609130233856
567734113088835585
567734115899027457
567734618095230976
567739036425805824
567739149818413056
567740403755909120
567748208844365825
567754136255725568
567754165904887810
567754223362666496
567754288055988224
567757771953561600
567758020239966208
567769337256484864
567776143273512961
567781176375803905
567782686077747200
567783187901915136
567799412538494976
567799518448848897
567801559788068864
567806843310907392
567814633047728128
567814641918832640
567814896965124096
567816155369570304
567816909816635392
567817558418804737
567818765888557056
567829689600892928
567829834618904576
567829997668470785
567830500095688704
567834021293596672
567840815331991552
567844774994014208
567844852135645186
567851387641597952
567856422030942208
567859888480772096
567871270014025728
567873467401371648
567874970463780864
567875130824658946
567887623953457152
567890395322920960
567899634833690624
567903480993558528
567905158346207233
567905184040382464
567905194563997696
567905220828606466
567905267033055233
567906248852533248
567908764650774529
567923361256460288
567935527481188352
567953560362733568
568011010029838336
568041051182616576
568041161652342784
568041225174953985
568045665185452032
568055480226066434
568056298937430016
568056741885288448
568057241435303936
568066302818058240
568069616003629057
568081401053974528
568086184888561664
568101393111891968
568101444391276544
568101513605681152
568101606585020416
568101609894342656
568110846057975808
568116534855503872
568116602186502144
568134503987851264
568145575452876800
568149600403660800
568161901089132544
568161997935607808
568169732895051777
568172001300340736
568176529584173056
568176902801735680
568176925845237760
568177022712676353
568177098038349825
568185339245756416
568192010789777408
568192024026996736
568192038040006656
568195153464143872
568203709802532864
568207206023360512
568207228412542976
568208488335331329
568215031608815617
568237684277141504
568239444500865025
568255550070362113
568264293478744064
568279456780980226
568282478076669952
568282656590282754
568282692845842432
568341364951388160
568358096290111489
568380876855353344
568384147464568834
568388502431395840
568418531777355776
568418629236219904
568425421240455168
568433610765815808
568433716206436353
568433759919452160
568434729684307970
568438000843034624
568438759466934272
568438860390244353
568444042851323904
568447062976524288
568448902011224064
568453351479721986
568463892453724160
568478881063276545
568485564112117760
568494200163074048
568509134276050945
568509302505377792
568516267440631808
568524186185961473
568524265663803395
568524407850688512
568529856977199104
568539290344402944
568551937185951744
568554411078889473
568554542897307648
568555022209847296
568569646389067776
568569662717313024
568570374335524865
568592520659267584
568619699212140544
568621210986090497
568629979719675904
568632534117908480
568641342869544960
568643357108531200
568646628795666432
568648390738706432
568738229274464256
568770442292551680
568780964677201920
568796018348724226
568796113081376768
568796187299606528
568797120410619904
568800389903962112
568802906280845312
568803508784275457
568804416662454272
568811069575204864
568826215089475584
568826225621405696
568826247809273856
568826365878730753
568827568973066240
568828574641328128
568833608460283904
568841355226517504
568847199460835328
568854243097976832
568855251123449856
568863304975839233
568864815654899712
568869594531651584
568871357007704064
568872365146251264
568901675903119360
568901823215448064
568901828055707648
568901905910521856
568903820283158528
568911873438920705
568916807815438336
568924206152306688
568927727627202560
568927730160549888
568928486188032000
568929490929377281
568931924166574080
568931996891807744
568932061882552320
568932070447140864
568942578026086401
568947358349701120
568947860424642560
568951922734055424
568957173692108800
568957488021827585
568962249177436160
568964974611193858
568967744076410880
568977167410802688
568977175149293570
568981079278751744
568984098909237248
568992290833899520
568992314296819712
568993159419535360
569007580925677568
569031663520489472
569124024426618881
569128289178152960
569143406724837376
569143443512897536
569143454434926592
569158546404864001
569162276403609600
569188447157661696
569188782492266496
569188792541818880
569203705750237184
569206566035042305
569208480793567233
569209084144005120
569215124562554880
569218762907324416
569218789834821632
569218838190907393
569231984334995456
569232738655412225
569233861651144704
569233955951480832
569248843532886016
569264118219214848
569264951401054208
569280553574277120
569294326259253248
569297162795937792
569299428068233217
569300435091251200
569304208534597632
569310249859080192
569322078819766272
569323082701275138
569324558999691264
569324647906480128
569339717990400000
569343970360348672
569354882370572289
569356553977012225
569361587032748032
569369390178799616
569370900568502272
569385087424458752
569385496675295232
569387005131546624
569400188491730945
569415076400242688
569415109933531136
569433059168260096
569460417954746368
569460591644925952
569470053348823040
569474081202032641
569483390581383168
569483642931691520
569484900828491776
569487167191425024
569490688569679872
569496729755652098
569520929128251392
569526172335222784
569535230996045825
569535962604310529
569538002025779200
569548316700254208
569550676784578562
569566232803803136
569566252450107392
569566981835218944
569571654998888448
569580279251255296
569581303785328640
569588082284101633
569596325076955137
569596357381644289
569596364197199873
569596394819883008
569596420761604096
569596445680115712
569596469105299456
569611341394264064
569611482234687488
569611549960044544
569611581920808960
569611735696580611
569617019257151488
569617776509378560
569617777075625986
569621047353450496
569622053214507008
569626585365671938
569626613664653312
569626655527981058
569626673034850304
569626683139104768
569629100114989056
569630106940895233
569633630978310145
569634385823182852
569635391965405184
569639923080404994
569641551116177409
569641587766009856
569641607584206850
569641615721140224
569641676244791296
569641686101585921
569641693726842880
569641735086858240
569641785347059712
569644957188939777
569651499422375936
569656281885077505
569656727995600896
569656756764217345
569656858400694272
569656873315487746
569656884262793216
569660306298945537
569660558112239616
569663325383979008
569663577226915840
569671871634935809
569671908251213824
569671981852798976
569683456990580736
569686478046887937
569687056542244864
569690252450799616
569695286907551745
569696039914971136
569697298768203776
569698811708370944
569700068476866560
569702009751916544
569702019797286913
569704597922557952
569715419851796482
569717037464838144
569717188468334593
569720452987252736
569732355067244545
569732365968404480
569733539899568128
569745365940830210
569747280552538112
569747390758047745
569747411779735552
569749896095358977
569758956941234176
569759459632750592
569762365572558848
569762394169221121
569762463811383297
569769525744250880
569777329330884608
569777607371128834
569836467876470784
569842758967386112
569849299850305536
569852965315584000
569853327359516672
569868055502696449
569868115481395201
569868201720287232
569868207940603904
569870442388983808
569872455377879040
569874973021622272
569880005729067008
569880508181696513
569883152493240320
569883153231257601
569883285989531649
569883376041250816
569887049446076416
569898346036404224
569898392647811072
569911713459408896
569913339427434496
569915992303730689
569915992777687041
569920773105840128
569926559982751744
569928501966450689
569928540004753409
569928552621182976
569929075894194176
569933357515026432
569940834994401280
569943647103406080
569943700010172416
569943774253621248
569947699471974400
569950215513497601
569951222515539968
569952984257294336
569956726318850048
569957516748066817
569958642411122688
569958873819279360
569966073304522752
569966826639110147
569967834203189248
569970599377788928
569970853334650880
569973821396152323
569973945270546432
569978876861902848
569980415919853569
569988839919394816
569988842335244289
569988849608364032
569988987420434432
569989007532142592
569989023478841345
569989034501500928
569989039874404352
569989043456380928
569990229576196098
569990481452539904
569995513623408641
569995514558550016
570016052895092736
570019099268358144
570019234505474049
570026470741032961
570034301774884865
570034368086827008
570042828983820288
570049295040307200
570049623697461248
570050881879568384
570051381534396416
570064381410734080
570064443159089153
570064554232688640
570066231757180928
570079508797243392
570079536815034368
570079549914005504
570085859132878848
570094701371469825
570094749933289473
570095172303900672
570109851709218816
570109867031191552
570114536448995328
570115302991777792
570173690475728896
570185347453329409
570185364746461184
570189291990728704
570200237622611968
570205399619661824
570215343530102784
570215359963406337
570215386102292480
570215492838920193
570215548589453313
570229557740969984
570230059170004994
570230527032229889
570230559693078528
570244910563110912
570245555064074240
570245576815546368
570245603118211072
570245656972894208
570249440176570368
570250443034640384
570254368538173440
570259502685151232
570260735294607360
570270651996463104
570272172679282688
570275106724782080
570275726483542016
570275944012783616
570287651137445888
570288445156941824
570290993339244547
570291213007491076
570292976603295744
570295576446808065
570303797605617665
570306086475075585
570306133677760513
567663504102940672
567724091809878016
567724133434535936
567725304958160896
567726138223771649
567731598871642112
567732351774781440
567733609130233856
567734113088835585
567734115899027457
567734618095230976
567739036425805824
567739149818413056
567740403755909120
567748208844365825
567754136255725568
567754165904887810
567754223362666496
567754288055988224
567757771953561600
567758020239966208
567769337256484864
567776143273512961
567781176375803905
567782686077747200
567783187901915136
567799412538494976
567799518448848897
567801559788068864
567806843310907392
567814633047728128
567814641918832640
567814896965124096
567816155369570304
567816909816635392
567817558418804737
567818765888557056
567829689600892928
567829834618904576
567829997668470785
567830500095688704
567834021293596672
567840815331991552
567844774994014208
567844852135645186
567851387641597952
567856422030942208
567859888480772096
567871270014025728
567873467401371648
567874970463780864
567875130824658946
567887623953457152
567890395322920960
567899634833690624
567903480993558528
567905158346207233
567905184040382464
567905194563997696
567905220828606466
567905267033055233
567906248852533248
567908764650774529
567923361256460288
567935527481188352
567953560362733568
568011010029838336
568041051182616576
568041161652342784
568041225174953985
568045665185452032
568055480226066434
568056298937430016
568056741885288448
568057241435303936
568066302818058240
568069616003629057
568081401053974528
568086184888561664
568101393111891968
568101444391276544
568101513605681152
568101606585020416
568101609894342656
568110846057975808
568116534855503872
568116602186502144
568134503987851264
568145575452876800
568149600403660800
568161901089132544
568161997935607808
568169732895051777
568172001300340736
568176529584173056
568176902801735680
568176925845237760
568177022712676353
568177098038349825
568185339245756416
568192010789777408
568192024026996736
568192038040006656
568195153464143872
568203709802532864
568207206023360512
568207228412542976
568208488335331329
568215031608815617
568237684277141504
568239444500865025
568255550070362113
568264293478744064
568279456780980226
568282478076669952
568282656590282754
568282692845842432
568341364951388160
568358096290111489
568380876855353344
568384147464568834
568388502431395840
568418531777355776
568418629236219904
568425421240455168
568433610765815808
568433716206436353
568433759919452160
568434729684307970
568438000843034624
568438759466934272
568438860390244353
568444042851323904
568447062976524288
568448902011224064
568453351479721986
568463892453724160
568478881063276545
568485564112117760
568494200163074048
568509134276050945
568509302505377792
568516267440631808
568524186185961473
568524265663803395
568524407850688512
568529856977199104
568539290344402944
568551937185951744
568554411078889473
568554542897307648
568555022209847296
568569646389067776
568569662717313024
568570374335524865
568592520659267584
568619699212140544
568621210986090497
568629979719675904
568632534117908480
568641342869544960
568643357108531200
568646628795666432
568648390738706432
568738229274464256
568770442292551680
568780964677201920
568796018348724226
568796113081376768
568796187299606528
568797120410619904
568800389903962112
568802906280845312
568803508784275457
568804416662454272
568811069575204864
568826215089475584
568826225621405696
568826247809273856
568826365878730753
568827568973066240
568828574641328128
568833608460283904
568841355226517504
568847199460835328
568854243097976832
568855251123449856
568863304975839233
568864815654899712
568869594531651584
568871357007704064
568872365146251264
568901675903119360
568901823215448064
568901828055707648
568901905910521856
568903820283158528
568911873438920705
568916807815438336
568924206152306688
568927727627202560
568927730160549888
568928486188032000
568929490929377281
568931924166574080
568931996891807744
568932061882552320
568932070447140864
568942578026086401
568947358349701120
568947860424642560
568951922734055424
568957173692108800
568957488021827585
568962249177436160
568964974611193858
568967744076410880
568977167410802688
568977175149293570
568981079278751744
568984098909237248
568992290833899520
568992314296819712
568993159419535360
569007580925677568
569031663520489472
569124024426618881
569128289178152960
569143406724837376
569143443512897536
569143454434926592
569158546404864001
569162276403609600
569188447157661696
569188782492266496
569188792541818880
569203705750237184
569206566035042305
569208480793567233
569209084144005120
569215124562554880
569218762907324416
569218789834821632
569218838190907393
569231984334995456
569232738655412225
569233861651144704
569233955951480832
569248843532886016
569264118219214848
569264951401054208
569280553574277120
569294326259253248
569297162795937792
569299428068233217
569300435091251200
569304208534597632
569310249859080192
569322078819766272
569323082701275138
569324558999691264
569324647906480128
569339717990400000
569343970360348672
569354882370572289
569356553977012225
569361587032748032
569369390178799616
569370900568502272
569385087424458752
569385496675295232
569387005131546624
569400188491730945
569415076400242688
569415109933531136
569433059168260096
569460417954746368
569460591644925952
569470053348823040
569474081202032641
569483390581383168
569483642931691520
569484900828491776
569487167191425024
569490688569679872
569496729755652098
569520929128251392
569526172335222784
569535230996045825
569535962604310529
569538002025779200
569548316700254208
569550676784578562
569566232803803136
569566252450107392
569566981835218944
569571654998888448
569580279251255296
569581303785328640
569588082284101633
569596325076955137
569596357381644289
569596364197199873
569596394819883008
569596420761604096
569596445680115712
569596469105299456
569611341394264064
569611482234687488
569611549960044544
569611581920808960
569611735696580611
569617019257151488
569617776509378560
569617777075625986
569621047353450496
569622053214507008
569626585365671938
569626613664653312
569626655527981058
569626673034850304
569626683139104768
569629100114989056
569630106940895233
569633630978310145
569634385823182852
569635391965405184
569639923080404994
569641551116177409
569641587766009856
569641607584206850
569641615721140224
569641676244791296
569641686101585921
569641693726842880
569641735086858240
569641785347059712
569644957188939777
569651499422375936
569656281885077505
569656727995600896
569656756764217345
569656858400694272
569656873315487746
569656884262793216
569660306298945537
569660558112239616
569663325383979008
569663577226915840
569671871634935809
569671908251213824
569671981852798976
569683456990580736
569686478046887937
569687056542244864
569690252450799616
569695286907551745
569696039914971136
569697298768203776
569698811708370944
569700068476866560
569702009751916544
569702019797286913
569704597922557952
569715419851796482
569717037464838144
569717188468334593
569720452987252736
569732355067244545
569732365968404480
569733539899568128
569745365940830210
569747280552538112
569747390758047745
569747411779735552
569749896095358977
569758956941234176
569759459632750592
569762365572558848
569762394169221121
569762463811383297
569769525744250880
569777329330884608
569777607371128834
569836467876470784
569842758967386112
569849299850305536
569852965315584000
569853327359516672
569868055502696449
569868115481395201
569868201720287232
569868207940603904
569870442388983808
569872455377879040
569874973021622272
569880005729067008
569880508181696513
569883152493240320
569883153231257601
569883285989531649
569883376041250816
569887049446076416
569898346036404224
569898392647811072
569911713459408896
569913339427434496
569915992303730689
569915992777687041
569920773105840128
569926559982751744
569928501966450689
569928540004753409
569928552621182976
569929075894194176
569933357515026432
569940834994401280
569943647103406080
569943700010172416
569943774253621248
569947699471974400
569950215513497601
569951222515539968
569952984257294336
569956726318850048
569957516748066817
569958642411122688
569958873819279360
569966073304522752
569966826639110147
569967834203189248
569970599377788928
569970853334650880
569973821396152323
569973945270546432
569978876861902848
569980415919853569
569988839919394816
569988842335244289
569988849608364032
569988987420434432
569989007532142592
569989023478841345
569989034501500928
569989039874404352
569989043456380928
569990229576196098
569990481452539904
569995513623408641
569995514558550016
570016052895092736
570019099268358144
570019234505474049
570026470741032961
570034301774884865
570034368086827008
570042828983820288
570049295040307200
570049623697461248
570050881879568384
570051381534396416
570064381410734080
570064443159089153
570064554232688640
570066231757180928
570079508797243392
570079536815034368
570079549914005504
570085859132878848
570094701371469825
570094749933289473
570095172303900672
570109851709218816
570109867031191552
570114536448995328
570115302991777792
570173690475728896
570185347453329409
570185364746461184
570189291990728704
570200237622611968
570205399619661824
570215343530102784
570215359963406337
570215386102292480
570215492838920193
570215548589453313
570229557740969984
570230059170004994
570230527032229889
570230559693078528
570244910563110912
570245555064074240
570245576815546368
570245603118211072
570245656972894208
570249440176570368
570250443034640384
570254368538173440
570259502685151232
570260735294607360
570270651996463104
570272172679282688
570275106724782080
570275726483542016
570275944012783616
570287651137445888
570288445156941824
570290993339244547
570291213007491076
570292976603295744
570295576446808065
570303797605617665
570306086475075585
570306133677760513
567663504102940672
567724091809878016
567724133434535936
567725304958160896
567726138223771649
567731598871642112
567732351774781440
567733609130233856
567734113088835585
567734115899027457
567734618095230976
567739036425805824
567739149818413056
567740403755909120
567748208844365825
567754136255725568
567754165904887810
567754223362666496
567754288055988224
567757771953561600
567758020239966208
567769337256484864
567776143273512961
567781176375803905
567782686077747200
567783187901915136
567799412538494976
567799518448848897
567801559788068864
567806843310907392
567814633047728128
567814641918832640
567814896965124096
567816155369570304
567816909816635392
567817558418804737
567818765888557056
567829689600892928
567829834618904576
567829997668470785
567830500095688704
567834021293596672
567840815331991552
567844774994014208
567844852135645186
567851387641597952
567856422030942208
567859888480772096
567871270014025728
567873467401371648
567874970463780864
567875130824658946
567887623953457152
567890395322920960
567899634833690624
567903480993558528
567905158346207233
567905184040382464
567905194563997696
567905220828606466
567905267033055233
567906248852533248
567908764650774529
567923361256460288
567935527481188352
567953560362733568
568011010029838336
568041051182616576
568041161652342784
568041225174953985
568045665185452032
568055480226066434
568056298937430016
568056741885288448
568057241435303936
568066302818058240
568069616003629057
568081401053974528
568086184888561664
568101393111891968
568101444391276544
568101513605681152
568101606585020416
568101609894342656
568110846057975808
568116534855503872
568116602186502144
568134503987851264
568145575452876800
568149600403660800
568161901089132544
568161997935607808
568169732895051777
568172001300340736
568176529584173056
568176902801735680
568176925845237760
568177022712676353
568177098038349825
568185339245756416
568192010789777408
568192024026996736
568192038040006656
568195153464143872
568203709802532864
568207206023360512
568207228412542976
568208488335331329
568215031608815617
568237684277141504
568239444500865025
568255550070362113
568264293478744064
568279456780980226
568282478076669952
568282656590282754
568282692845842432
568341364951388160
568358096290111489
568380876855353344
568384147464568834
568388502431395840
568418531777355776
568418629236219904
568425421240455168
568433610765815808
568433716206436353
568433759919452160
568434729684307970
568438000843034624
568438759466934272
568438860390244353
568444042851323904
568447062976524288
568448902011224064
568453351479721986
568463892453724160
568478881063276545
568485564112117760
568494200163074048
568509134276050945
568509302505377792
568516267440631808
568524186185961473
568524265663803395
568524407850688512
568529856977199104
568539290344402944
568551937185951744
568554411078889473
568554542897307648
568555022209847296
568569646389067776
568569662717313024
568570374335524865
568592520659267584
568619699212140544
568621210986090497
568629979719675904
568632534117908480
568641342869544960
568643357108531200
568646628795666432
568648390738706432
568738229274464256
568770442292551680
568780964677201920
568796018348724226
568796113081376768
568796187299606528
568797120410619904
568800389903962112
568802906280845312
568803508784275457
568804416662454272
568811069575204864
568826215089475584
568826225621405696
568826247809273856
568826365878730753
568827568973066240
568828574641328128
568833608460283904
568841355226517504
568847199460835328
568854243097976832
568855251123449856
568863304975839233
568864815654899712
568869594531651584
568871357007704064
568872365146251264
568901675903119360
568901823215448064
568901828055707648
568901905910521856
568903820283158528
568911873438920705
568916807815438336
568924206152306688
568927727627202560
568927730160549888
568928486188032000
568929490929377281
568931924166574080
568931996891807744
568932061882552320
568932070447140864
568942578026086401
568947358349701120
568947860424642560
568951922734055424
568957173692108800
568957488021827585
568962249177436160
568964974611193858
568967744076410880
568977167410802688
568977175149293570
568981079278751744
568984098909237248
568992290833899520
568992314296819712
568993159419535360
569007580925677568
569031663520489472
569124024426618881
569128289178152960
569143406724837376
569143443512897536
569143454434926592
569158546404864001
569162276403609600
569188447157661696
569188782492266496
569188792541818880
569203705750237184
569206566035042305
569208480793567233
569209084144005120
569215124562554880
569218762907324416
569218789834821632
569218838190907393
569231984334995456
569232738655412225
569233861651144704
569233955951480832
569248843532886016
569264118219214848
569264951401054208
569280553574277120
569294326259253248
569297162795937792
569299428068233217
569300435091251200
569304208534597632
569310249859080192
569322078819766272
569323082701275138
569324558999691264
569324647906480128
569339717990400000
569343970360348672
569354882370572289
569356553977012225
569361587032748032
569369390178799616
569370900568502272
569385087424458752
569385496675295232
569387005131546624
569400188491730945
569415076400242688
569415109933531136
569433059168260096
569460417954746368
569460591644925952
569470053348823040
569474081202032641
569483390581383168
569483642931691520
569484900828491776
569487167191425024
569490688569679872
569496729755652098
569520929128251392
569526172335222784
569535230996045825
569535962604310529
569538002025779200
569548316700254208
569550676784578562
569566232803803136
569566252450107392
569566981835218944
569571654998888448
569580279251255296
569581303785328640
569588082284101633
569596325076955137
569596357381644289
569596364197199873
569596394819883008
569596420761604096
569596445680115712
569596469105299456
569611341394264064
569611482234687488
569611549960044544
569611581920808960
569611735696580611
569617019257151488
569617776509378560
569617777075625986
569621047353450496
569622053214507008
569626585365671938
569626613664653312
569626655527981058
569626673034850304
569626683139104768
569629100114989056
569630106940895233
569633630978310145
569634385823182852
569635391965405184
569639923080404994
569641551116177409
569641587766009856
569641607584206850
569641615721140224
569641676244791296
569641686101585921
569641693726842880
569641735086858240
569641785347059712
569644957188939777
569651499422375936
569656281885077505
569656727995600896
569656756764217345
569656858400694272
569656873315487746
569656884262793216
569660306298945537
569660558112239616
569663325383979008
569663577226915840
569671871634935809
569671908251213824
569671981852798976
569683456990580736
569686478046887937
569687056542244864
569690252450799616
569695286907551745
569696039914971136
569697298768203776
569698811708370944
569700068476866560
569702009751916544
569702019797286913
569704597922557952
569715419851796482
569717037464838144
569717188468334593
569720452987252736
569732355067244545
569732365968404480
569733539899568128
569745365940830210
569747280552538112
569747390758047745
569747411779735552
569749896095358977
569758956941234176
569759459632750592
569762365572558848
569762394169221121
569762463811383297
569769525744250880
569777329330884608
569777607371128834
569836467876470784
569842758967386112
569849299850305536
569852965315584000
569853327359516672
569868055502696449
569868115481395201
569868201720287232
569868207940603904
569870442388983808
569872455377879040
569874973021622272
569880005729067008
569880508181696513
569883152493240320
569883153231257601
569883285989531649
569883376041250816
569887049446076416
569898346036404224
569898392647811072
569911713459408896
569913339427434496
569915992303730689
569915992777687041
569920773105840128
569926559982751744
569928501966450689
569928540004753409
569928552621182976
569929075894194176
569933357515026432
569940834994401280
569943647103406080
569943700010172416
569943774253621248
569947699471974400
569950215513497601
569951222515539968
569952984257294336
569956726318850048
569957516748066817
569958642411122688
569958873819279360
569966073304522752
569966826639110147
569967834203189248
569970599377788928
569970853334650880
569973821396152323
569973945270546432
569978876861902848
569980415919853569
569988839919394816
569988842335244289
569988849608364032
569988987420434432
569989007532142592
569989023478841345
569989034501500928
569989039874404352
569989043456380928
569990229576196098
569990481452539904
569995513623408641
569995514558550016
570016052895092736
570019099268358144
570019234505474049
570026470741032961
570034301774884865
570034368086827008
570042828983820288
570049295040307200
570049623697461248
570050881879568384
570051381534396416
570064381410734080
570064443159089153
570064554232688640
570066231757180928
570079508797243392
570079536815034368
570079549914005504
570085859132878848
570094701371469825
570094749933289473
570095172303900672
570109851709218816
570109867031191552
570114536448995328
570115302991777792
570173690475728896
570185347453329409
570185364746461184
570189291990728704
570200237622611968
570205399619661824
570215343530102784
570215359963406337
570215386102292480
570215492838920193
570215548589453313
570229557740969984
570230059170004994
570230527032229889
570230559693078528
570244910563110912
570245555064074240
570245576815546368
570245603118211072
570245656972894208
570249440176570368
570250443034640384
570254368538173440
570259502685151232
570260735294607360
570270651996463104
570272172679282688
570275106724782080
570275726483542016
570275944012783616
570287651137445888
570288445156941824
570290993339244547
570291213007491076
570292976603295744
570295576446808065
570303797605617665
570306086475075585
570306133677760513
567663504102940672
567724091809878016
567724133434535936
567725304958160896
567726138223771649
567731598871642112
567732351774781440
567733609130233856
567734113088835585
567734115899027457
567734618095230976
567739036425805824
567739149818413056
567740403755909120
567748208844365825
567754136255725568
567754165904887810
567754223362666496
567754288055988224
567757771953561600
567758020239966208
567769337256484864
567776143273512961
567781176375803905
567782686077747200
567783187901915136
567799412538494976
567799518448848897
567801559788068864
567806843310907392
567814633047728128
567814641918832640
567814896965124096
567816155369570304
567816909816635392
567817558418804737
567818765888557056
567829689600892928
567829834618904576
567829997668470785
567830500095688704
567834021293596672
567840815331991552
567844774994014208
567844852135645186
567851387641597952
567856422030942208
567859888480772096
567871270014025728
567873467401371648
567874970463780864
567875130824658946
567887623953457152
567890395322920960
567899634833690624
567903480993558528
567905158346207233
567905184040382464
567905194563997696
567905220828606466
567905267033055233
567906248852533248
567908764650774529
567923361256460288
567935527481188352
567953560362733568
568011010029838336
568041051182616576
568041161652342784
568041225174953985
568045665185452032
568055480226066434
568056298937430016
568056741885288448
568057241435303936
568066302818058240
568069616003629057
568081401053974528
568086184888561664
568101393111891968
568101444391276544
568101513605681152
568101606585020416
568101609894342656
568110846057975808
568116534855503872
568116602186502144
568134503987851264
568145575452876800
568149600403660800
568161901089132544
568161997935607808
568169732895051777
568172001300340736
568176529584173056
568176902801735680
568176925845237760
568177022712676353
568177098038349825
568185339245756416
568192010789777408
568192024026996736
568192038040006656
568195153464143872
568203709802532864
568207206023360512
568207228412542976
568208488335331329
568215031608815617
568237684277141504
568239444500865025
568255550070362113
568264293478744064
568279456780980226
568282478076669952
568282656590282754
568282692845842432
568341364951388160
568358096290111489
568380876855353344
568384147464568834
568388502431395840
568418531777355776
568418629236219904
568425421240455168
568433610765815808
568433716206436353
568433759919452160
568434729684307970
568438000843034624
568438759466934272
568438860390244353
568444042851323904
568447062976524288
568448902011224064
568453351479721986
568463892453724160
568478881063276545
568485564112117760
568494200163074048
568509134276050945
568509302505377792
568516267440631808
568524186185961473
568524265663803395
568524407850688512
568529856977199104
568539290344402944
568551937185951744
568554411078889473
568554542897307648
568555022209847296
568569646389067776
568569662717313024
568570374335524865
568592520659267584
568619699212140544
568621210986090497
568629979719675904
568632534117908480
568641342869544960
568643357108531200
568646628795666432
568648390738706432
568738229274464256
568770442292551680
568780964677201920
568796018348724226
568796113081376768
568796187299606528
568797120410619904
568800389903962112
568802906280845312
568803508784275457
568804416662454272
568811069575204864
568826215089475584
568826225621405696
568826247809273856
568826365878730753
568827568973066240
568828574641328128
568833608460283904
568841355226517504
568847199460835328
568854243097976832
568855251123449856
568863304975839233
568864815654899712
568869594531651584
568871357007704064
568872365146251264
568901675903119360
568901823215448064
568901828055707648
568901905910521856
568903820283158528
568911873438920705
568916807815438336
568924206152306688
568927727627202560
568927730160549888
568928486188032000
568929490929377281
568931924166574080
568931996891807744
568932061882552320
568932070447140864
568942578026086401
568947358349701120
568947860424642560
568951922734055424
568957173692108800
568957488021827585
568962249177436160
568964974611193858
568967744076410880
568977167410802688
568977175149293570
568981079278751744
568984098909237248
568992290833899520
568992314296819712
568993159419535360
569007580925677568
569031663520489472
569124024426618881
569128289178152960
569143406724837376
569143443512897536
569143454434926592
569158546404864001
569162276403609600
569188447157661696
569188782492266496
569188792541818880
569203705750237184
569206566035042305
569208480793567233
569209084144005120
569215124562554880
569218762907324416
569218789834821632
569218838190907393
569231984334995456
569232738655412225
569233861651144704
569233955951480832
569248843532886016
569264118219214848
569264951401054208
569280553574277120
569294326259253248
569297162795937792
569299428068233217
569300435091251200
569304208534597632
569310249859080192
569322078819766272
569323082701275138
569324558999691264
569324647906480128
569339717990400000
569343970360348672
569354882370572289
569356553977012225
569361587032748032
569369390178799616
569370900568502272
569385087424458752
569385496675295232
569387005131546624
569400188491730945
569415076400242688
569415109933531136
569433059168260096
569460417954746368
569460591644925952
569470053348823040
569474081202032641
569483390581383168
569483642931691520
569484900828491776
569487167191425024
569490688569679872
569496729755652098
569520929128251392
569526172335222784
569535230996045825
569535962604310529
569538002025779200
569548316700254208
569550676784578562
569566232803803136
569566252450107392
569566981835218944
569571654998888448
569580279251255296
569581303785328640
569588082284101633
569596325076955137
569596357381644289
569596364197199873
569596394819883008
569596420761604096
569596445680115712
569596469105299456
569611341394264064
569611482234687488
569611549960044544
569611581920808960
569611735696580611
569617019257151488
569617776509378560
569617777075625986
569621047353450496
569622053214507008
569626585365671938
569626613664653312
569626655527981058
569626673034850304
569626683139104768
569629100114989056
569630106940895233
569633630978310145
569634385823182852
569635391965405184
569639923080404994
569641551116177409
569641587766009856
569641607584206850
569641615721140224
569641676244791296
569641686101585921
569641693726842880
569641735086858240
569641785347059712
569644957188939777
569651499422375936
569656281885077505
569656727995600896
569656756764217345
569656858400694272
569656873315487746
569656884262793216
569660306298945537
569660558112239616
569663325383979008
569663577226915840
569671871634935809
569671908251213824
569671981852798976
569683456990580736
569686478046887937
569687056542244864
569690252450799616
569695286907551745
569696039914971136
569697298768203776
569698811708370944
569700068476866560
569702009751916544
569702019797286913
569704597922557952
569715419851796482
569717037464838144
569717188468334593
569720452987252736
569732355067244545
569732365968404480
569733539899568128
569745365940830210
569747280552538112
569747390758047745
569747411779735552
569749896095358977
569758956941234176
569759459632750592
569762365572558848
569762394169221121
569762463811383297
569769525744250880
569777329330884608
569777607371128834
569836467876470784
569842758967386112
569849299850305536
569852965315584000
569853327359516672
569868055502696449
569868115481395201
569868201720287232
569868207940603904
569870442388983808
569872455377879040
569874973021622272
569880005729067008
569880508181696513
569883152493240320
569883153231257601
569883285989531649
569883376041250816
569887049446076416
569898346036404224
569898392647811072
569911713459408896
569913339427434496
569915992303730689
569915992777687041
569920773105840128
569926559982751744
569928501966450689
569928540004753409
569928552621182976
569929075894194176
569933357515026432
569940834994401280
569943647103406080
569943700010172416
569943774253621248
569947699471974400
569950215513497601
569951222515539968
569952984257294336
569956726318850048
569957516748066817
569958642411122688
569958873819279360
569966073304522752
569966826639110147
569967834203189248
569970599377788928
569970853334650880
569973821396152323
569973945270546432
569978876861902848
569980415919853569
569988839919394816
569988842335244289
569988849608364032
569988987420434432
569989007532142592
569989023478841345
569989034501500928
569989039874404352
569989043456380928
569990229576196098
569990481452539904
569995513623408641
569995514558550016
570016052895092736
570019099268358144
570019234505474049
570026470741032961
570034301774884865
570034368086827008
570042828983820288
570049295040307200
570049623697461248
570050881879568384
570051381534396416
570064381410734080
570064443159089153
570064554232688640
570066231757180928
570079508797243392
570079536815034368
570079549914005504
570085859132878848
570094701371469825
570094749933289473
570095172303900672
570109851709218816
570109867031191552
570114536448995328
570115302991777792
570173690475728896
570185347453329409
570185364746461184
570189291990728704
570200237622611968
570205399619661824
570215343530102784
570215359963406337
570215386102292480
570215492838920193
570215548589453313
570229557740969984
570230059170004994
570230527032229889
570230559693078528
570244910563110912
570245555064074240
570245576815546368
570245603118211072
570245656972894208
570249440176570368
570250443034640384
570254368538173440
570259502685151232
570260735294607360
570270651996463104
570272172679282688
570275106724782080
570275726483542016
570275944012783616
570287651137445888
570288445156941824
570290993339244547
570291213007491076
570292976603295744
570295576446808065
570303797605617665
570306086475075585
570306133677760513
567663504102940672
567724091809878016
567724133434535936
567725304958160896
567726138223771649
567731598871642112
567732351774781440
567733609130233856
567734113088835585
567734115899027457
567734618095230976
567739036425805824
567739149818413056
567740403755909120
567748208844365825
567754136255725568
567754165904887810
567754223362666496
567754288055988224
567757771953561600
567758020239966208
567769337256484864
567776143273512961
567781176375803905
567782686077747200
567783187901915136
567799412538494976
567799518448848897
567801559788068864
567806843310907392
567814633047728128
567814641918832640
567814896965124096
567816155369570304
567816909816635392
567817558418804737
567818765888557056
567829689600892928
567829834618904576
567829997668470785
567830500095688704
567834021293596672
567840815331991552
567844774994014208
567844852135645186
567851387641597952
567856422030942208
567859888480772096
567871270014025728
567873467401371648
567874970463780864
567875130824658946
567887623953457152
567890395322920960
567899634833690624
567903480993558528
567905158346207233
567905184040382464
567905194563997696
567905220828606466
567905267033055233
567906248852533248
567908764650774529
567923361256460288
567935527481188352
567953560362733568
568011010029838336
568041051182616576
568041161652342784
568041225174953985
568045665185452032
568055480226066434
568056298937430016
568056741885288448
568057241435303936
568066302818058240
568069616003629057
568081401053974528
568086184888561664
568101393111891968
568101444391276544
568101513605681152
568101606585020416
568101609894342656
568110846057975808
568116534855503872
568116602186502144
568134503987851264
568145575452876800
568149600403660800
568161901089132544
568161997935607808
568169732895051777
568172001300340736
568176529584173056
568176902801735680
568176925845237760
568177022712676353
568177098038349825
568185339245756416
568192010789777408
568192024026996736
568192038040006656
568195153464143872
568203709802532864
568207206023360512
568207228412542976
568208488335331329
568215031608815617
568237684277141504
568239444500865025
568255550070362113
568264293478744064
568279456780980226
568282478076669952
568282656590282754
568282692845842432
568341364951388160
568358096290111489
568380876855353344
568384147464568834
568388502431395840
568418531777355776
568418629236219904
568425421240455168
568433610765815808
568433716206436353
568433759919452160
568434729684307970
568438000843034624
568438759466934272
568438860390244353
568444042851323904
568447062976524288
568448902011224064
568453351479721986
568463892453724160
568478881063276545
568485564112117760
568494200163074048
568509134276050945
568509302505377792
568516267440631808
568524186185961473
568524265663803395
568524407850688512
568529856977199104
568539290344402944
568551937185951744
568554411078889473
568554542897307648
568555022209847296
568569646389067776
568569662717313024
568570374335524865
568592520659267584
568619699212140544
568621210986090497
568629979719675904
568632534117908480
568641342869544960
568643357108531200
568646628795666432
568648390738706432
568738229274464256
568770442292551680
568780964677201920
568796018348724226
568796113081376768
568796187299606528
568797120410619904
568800389903962112
568802906280845312
568803508784275457
568804416662454272
568811069575204864
568826215089475584
568826225621405696
568826247809273856
568826365878730753
568827568973066240
568828574641328128
568833608460283904
568841355226517504
568847199460835328
568854243097976832
568855251123449856
568863304975839233
568864815654899712
568869594531651584
568871357007704064
568872365146251264
568901675903119360
568901823215448064
568901828055707648
568901905910521856
568903820283158528
568911873438920705
568916807815438336
568924206152306688
568927727627202560
568927730160549888
568928486188032000
568929490929377281
568931924166574080
568931996891807744
568932061882552320
568932070447140864
568942578026086401
568947358349701120
568947860424642560
568951922734055424
568957173692108800
568957488021827585
568962249177436160
568964974611193858
568967744076410880
568977167410802688
568977175149293570
568981079278751744
568984098909237248
568992290833899520
568992314296819712
568993159419535360
569007580925677568
569031663520489472
569124024426618881
569128289178152960
569143406724837376
569143443512897536
569143454434926592
569158546404864001
569162276403609600
569188447157661696
569188782492266496
569188792541818880
569203705750237184
569206566035042305
569208480793567233
569209084144005120
569215124562554880
569218762907324416
569218789834821632
569218838190907393
569231984334995456
569232738655412225
569233861651144704
569233955951480832
569248843532886016
569264118219214848
569264951401054208
569280553574277120
569294326259253248
569297162795937792
569299428068233217
569300435091251200
569304208534597632
569310249859080192
569322078819766272
569323082701275138
569324558999691264
569324647906480128
569339717990400000
569343970360348672
569354882370572289
569356553977012225
569361587032748032
569369390178799616
569370900568502272
569385087424458752
569385496675295232
569387005131546624
569400188491730945
569415076400242688
569415109933531136
569433059168260096
569460417954746368
569460591644925952
569470053348823040
569474081202032641
569483390581383168
569483642931691520
569484900828491776
569487167191425024
569490688569679872
569496729755652098
569520929128251392
569526172335222784
569535230996045825
569535962604310529
569538002025779200
569548316700254208
569550676784578562
569566232803803136
569566252450107392
569566981835218944
569571654998888448
569580279251255296
569581303785328640
569588082284101633
569596325076955137
569596357381644289
569596364197199873
569596394819883008
569596420761604096
569596445680115712
569596469105299456
569611341394264064
569611482234687488
569611549960044544
569611581920808960
569611735696580611
569617019257151488
569617776509378560
569617777075625986
569621047353450496
569622053214507008
569626585365671938
569626613664653312
569626655527981058
569626673034850304
569626683139104768
569629100114989056
569630106940895233
569633630978310145
569634385823182852
569635391965405184
569639923080404994
569641551116177409
569641587766009856
569641607584206850
569641615721140224
569641676244791296
569641686101585921
569641693726842880
569641735086858240
569641785347059712
569644957188939777
569651499422375936
569656281885077505
569656727995600896
569656756764217345
569656858400694272
569656873315487746
569656884262793216
569660306298945537
569660558112239616
569663325383979008
569663577226915840
569671871634935809
569671908251213824
569671981852798976
569683456990580736
569686478046887937
569687056542244864
569690252450799616
569695286907551745
569696039914971136
569697298768203776
569698811708370944
569700068476866560
569702009751916544
569702019797286913
569704597922557952
569715419851796482
569717037464838144
569717188468334593
569720452987252736
569732355067244545
569732365968404480
569733539899568128
569745365940830210
569747280552538112
569747390758047745
569747411779735552
569749896095358977
569758956941234176
569759459632750592
569762365572558848
569762394169221121
569762463811383297
569769525744250880
569777329330884608
569777607371128834
569836467876470784
569842758967386112
569849299850305536
569852965315584000
569853327359516672
569868055502696449
569868115481395201
569868201720287232
569868207940603904
569870442388983808
569872455377879040
569874973021622272
569880005729067008
569880508181696513
569883152493240320
569883153231257601
569883285989531649
569883376041250816
569887049446076416
569898346036404224
569898392647811072
569911713459408896
569913339427434496
569915992303730689
569915992777687041
569920773105840128
569926559982751744
569928501966450689
569928540004753409
569928552621182976
569929075894194176
569933357515026432
569940834994401280
569943647103406080
569943700010172416
569943774253621248
569947699471974400
569950215513497601
569951222515539968
569952984257294336
569956726318850048
569957516748066817
569958642411122688
569958873819279360
569966073304522752
569966826639110147
569967834203189248
569970599377788928
569970853334650880
569973821396152323
569973945270546432
569978876861902848
569980415919853569
569988839919394816
569988842335244289
569988849608364032
569988987420434432
569989007532142592
569989023478841345
569989034501500928
569989039874404352
569989043456380928
569990229576196098
569990481452539904
569995513623408641
569995514558550016
570016052895092736
570019099268358144
570019234505474049
570026470741032961
570034301774884865
570034368086827008
570042828983820288
570049295040307200
570049623697461248
570050881879568384
570051381534396416
570064381410734080
570064443159089153
570064554232688640
570066231757180928
570079508797243392
570079536815034368
570079549914005504
570085859132878848
570094701371469825
570094749933289473
570095172303900672
570109851709218816
570109867031191552
570114536448995328
570115302991777792
570173690475728896
570185347453329409
570185364746461184
570189291990728704
570200237622611968
570205399619661824
570215343530102784
570215359963406337
570215386102292480
570215492838920193
570215548589453313
570229557740969984
570230059170004994
570230527032229889
570230559693078528
570244910563110912
570245555064074240
570245576815546368
570245603118211072
570245656972894208
570249440176570368
570250443034640384
570254368538173440
570259502685151232
570260735294607360
570270651996463104
570272172679282688
570275106724782080
570275726483542016
570275944012783616
570287651137445888
570288445156941824
570290993339244547
570291213007491076
570292976603295744
570295576446808065
570303797605617665
570306086475075585
570306133677760513
