570220267462529024
570222495145406465
570223806322581504
570226471941251072
570229557740969984
570230559693078528
570220267462529024
570222495145406465
570223806322581504
570226471941251072
570229557740969984
570230559693078528
570220267462529024
570222495145406465
570223806322581504
570226471941251072
570229557740969984
570230559693078528
570220267462529024
570222495145406465
570223806322581504
570226471941251072
570229557740969984
570230559693078528
570220267462529024
570222495145406465
570223806322581504
570226471941251072
570229557740969984
570230559693078528
570220267462529024
570222495145406465
570223806322581504
570226471941251072
570229557740969984
570230559693078528
