569359793800024064
569456923663151104
569603273033945090
569604507405037569
569359793800024064
569456923663151104
569603273033945090
569604507405037569
569359793800024064
569456923663151104
569603273033945090
569604507405037569
569359793800024064
569456923663151104
569603273033945090
569604507405037569
569359793800024064
569456923663151104
569603273033945090
569604507405037569
569359793800024064
569456923663151104
569603273033945090
569604507405037569
569359793800024064
569456923663151104
569603273033945090
569604507405037569
569359793800024064
569456923663151104
569603273033945090
569604507405037569
