569623368711991296
569627624617611264
569627675557384192
569630310779854848
569633562879619073
569623368711991296
569627624617611264
569627675557384192
569630310779854848
569633562879619073
569623368711991296
569627624617611264
569627675557384192
569630310779854848
569633562879619073
569623368711991296
569627624617611264
569627675557384192
569630310779854848
569633562879619073
569623368711991296
569627624617611264
569627675557384192
569630310779854848
569633562879619073
569623368711991296
569627624617611264
569627675557384192
569630310779854848
569633562879619073
569623368711991296
569627624617611264
569627675557384192
569630310779854848
569633562879619073
569623368711991296
569627624617611264
569627675557384192
569630310779854848
569633562879619073
