568094839063089153
568166195758829568
568288672627318784
568448282239713280
569033988855037952
569302780013355008
569756967935148032
568094839063089153
568166195758829568
568288672627318784
568448282239713280
569033988855037952
569302780013355008
569756967935148032
568094839063089153
568166195758829568
568288672627318784
568448282239713280
569033988855037952
569302780013355008
569756967935148032
569940889591795712
569974287286845441
570057416718491649
570097596913623040
570261418387353601
570286882623369217
