567591480085463040
567722844319404033
567723096186945538
567727292739092480
567727329783582720
567727403964055552
567729135733465088
567730143536226304
567739453884465152
567742500366872576
567749045524131841
567761790357209088
567766130907832322
567766633637502976
567770910107897856
567772565956222976
567772568833503233
567772685472915456
567773176031145984
567781227537915906
567781731156377600
567787583138230272
567790793197629440
567802723127803905
567802752677457920
567802781877407744
567802808876158976
567802829567467520
567802900480585728
567803627714138112
567806898549051392
567810419672268800
567811428779868160
567812687893262336
567813189334790144
567817897893982208
567821242029359104
567830303121870848
567835334572130304
567843889748418560
567847163465764864
567847966989508608
567848084572532736
567848107456749569
567848171155496960
567848201505476608
567855470142197760
567863082346627072
567863121479536641
567863197341847552
567866540424560640
567872077899763712
567876860647833600
567878205157281793
567878239156338688
567886422826307585
567892715603652608
567892966980870144
567907813126582272
567908391256875008
568020304510869504
568029222574407680
568034650477580289
568036157482602497
568044275910512640
568055034296049664
568055537952284672
568057046303576065
568059376474439680
568059390135304193
568059610969604096
568096554638159872
568104744025268224
568104783061520384
568104907384832000
568109390026448896
568112409841238016
568118452965085184
568119831519739904
568134930137550848
568134973728755712
568140092453179394
568140595580919808
568145883679875072
568150150289461249
568153430776287233
568154689449168896
568165058229997569
568165260605014016
568170794670551040
568180264914051072
568184134666981376
568192942088843264
568193698284118016
568195292803129345
568196466503770112
568199988255330304
568202255205335041
568210483959836672
568210512405790720
568210563991363584
568220625648672768
568225650760413184
568254094739148800
568255102567518208
568255867751165952
568270768989081600
568272715519561728
568391639158226944
568422454609219584
568435290722975745
568436943131951104
568436966628261889
568437004045672448
568437028205035520
568452051740413952
568452186977361921
568454161962049536
568466243210108928
568467055747313664
568467150475812864
568467286333513728
568474546275287040
568476562376531969
568482168021917697
568482252168019968
568482353254928384
568510973469855745
568526136017342464
568527393754738688
568527517910319104
568527545097805824
568527605063757824
568539224770637825
568542661684015105
568542766860541952
568553063935557632
568572753403650049
568572835666522112
568574960035360768
568578230933979136
568583014176960513
568587875702476800
568602941940043776
568603024320434176
568603081274986496
568611700674584576
568613712858198016
568618050745864192
568629820306952192
568633361595412481
568634603885502464
568648390738706432
568663431433187328
568677633682214912
568716388866629632
568754053083222016
568769111561527297
568769216662282240
568775278505414656
568780060720701440
568784239841431552
568784261064622080
568784295759777797
568785094430883840
568793902267936769
568799336097656836
568799486392143872
568801701378928641
568811771315814401
568814284680994816
568826365878730753
568829465788350464
568829494556897280
568829652233428992
568832907525152769
568839199773732864
568844772191940608
568845241526038528
568846499431337984
568848259008962560
568859651980156928
568859726315827200
568874741249007616
568883744246878208
568884751022624768
568890017365561344
568890062286385153
568890074164809728
568892047559503873
568904127834558464
568904934495629312
568905087608881152
568905143883849728
568920221882257408
568920244691070976
568927281747505152
568932061882552320
568948170060746752
568995608238772224
568995644276383744
569108474233270273
569116333998256129
569116399039344640
569130620963696640
569135148660342784
569143454434926592
569155784988164098
569159814426853376
569161748286083073
569172396680175616
569176746735632384
569176777056079874
569176969872605184
569191270654070784
569191838579429377
569191845219209217
569191875271372801
569192778468626432
569206925046493184
569207022597509120
569210394046275586
569219456506814464
569222108200476672
569222729125253121
569223482791366656
569234806543929344
569237160886276096
569237252154372097
569237356622024704
569248898071580672
569250912784519168
569252439548952576
569253430100946944
569263496560422912
569267323330129920
569277895224516608
569284887955558401
569287656607100929
569301244948324353
569308292893290496
569309296023998464
569311060903268352
569312688272052224
569312734896136193
569312745306382336
569314329276715010
569316342769291264
569324647906480128
569327949553520640
569334462292434944
569337230935724032
569342888615620609
569342909205647360
569343003476819969
569347549858934784
569367682811715585
569373258010660864
569386555107733505
569388156031799297
569388260633542657
569394918675783681
569418351295926273
569418497694035969
569428333500375040
569431884217909248
569447456896917505
569448465991737345
569478901166055424
569493813884030976
569493923451834369
569497791623512065
569512132494159872
569514902748061696
569524026294571008
569524116769914882
569525974284558338
569531010167250944
569539111222190081
569539287118692352
569541328289165312
569554300495462400
569554916064284672
569570013964689410
569584431544971264
569584561312681984
569586372866150400
569586373042278400
569589643487928321
569599532268449792
569599590355173376
569599713499963394
569599725240000513
569603991551782913
569604243226652672
569604994825105408
569614651400585216
569614672061575168
569614679154143232
569616573905936384
569618838767181825
569620597543739392
569620598307074048
569620850820956160
569623368711991296
569626388610859008
569629819559747585
569629822789365761
569629882323496961
569630160233873411
569636454869151744
569640733466103808
569641234769309696
569642742852268032
569644759024852992
569644902637813761
569644957188939777
569645048696053761
569646269221773312
569648534569361408
569650294746820609
569650547562811393
569654319391354880
569659952681361408
569659956384788480
569660029093203968
569660111976689664
569660864653099009
569671435309809664
569675144353828864
569675178227081216
569676217432977408
569680242194980864
569681499928158208
569687540644642817
569690131235340288
569690252450799616
569690272830922752
569690317869330432
569690347183480832
569705212274995201
569705220088795136
569705276481282048
569705380282019841
569717739113320448
569718492108230657
569720325165830144
569720366198759424
569720394782875649
569720452987252736
569720491830878208
569721410542645248
569724281334034432
569735461033213952
569738877969129472
569750540302680064
569760267485122560
569780773194113025
569780939280093185
569788202174713856
569795913788428288
569810928449003521
569810990189191168
569811013786312704
567591480085463040
567722844319404033
567723096186945538
567727292739092480
567727329783582720
567727403964055552
567729135733465088
567730143536226304
567739453884465152
567742500366872576
567749045524131841
567761790357209088
567766130907832322
567766633637502976
567770910107897856
567772565956222976
567772568833503233
567772685472915456
567773176031145984
567781227537915906
567781731156377600
567787583138230272
567790793197629440
567802723127803905
567802752677457920
567802781877407744
567802808876158976
567802829567467520
567802900480585728
567803627714138112
567806898549051392
567810419672268800
567811428779868160
567812687893262336
567813189334790144
567817897893982208
567821242029359104
567830303121870848
567835334572130304
567843889748418560
567847163465764864
567847966989508608
567848084572532736
567848107456749569
567848171155496960
567848201505476608
567855470142197760
567863082346627072
567863121479536641
567863197341847552
567866540424560640
567872077899763712
567876860647833600
567878205157281793
567878239156338688
567886422826307585
567892715603652608
567892966980870144
567907813126582272
567908391256875008
568020304510869504
568029222574407680
568034650477580289
568036157482602497
568044275910512640
568055034296049664
568055537952284672
568057046303576065
568059376474439680
568059390135304193
568059610969604096
568096554638159872
568104744025268224
568104783061520384
568104907384832000
568109390026448896
568112409841238016
568118452965085184
568119831519739904
568134930137550848
568134973728755712
568140092453179394
568140595580919808
568145883679875072
568150150289461249
568153430776287233
568154689449168896
568165058229997569
568165260605014016
568170794670551040
568180264914051072
568184134666981376
568192942088843264
568193698284118016
568195292803129345
568196466503770112
568199988255330304
568202255205335041
568210483959836672
568210512405790720
568210563991363584
568220625648672768
568225650760413184
568254094739148800
568255102567518208
568255867751165952
568270768989081600
568272715519561728
568391639158226944
568422454609219584
568435290722975745
568436943131951104
568436966628261889
568437004045672448
568437028205035520
568452051740413952
568452186977361921
568454161962049536
568466243210108928
568467055747313664
568467150475812864
568467286333513728
568474546275287040
568476562376531969
568482168021917697
568482252168019968
568482353254928384
568510973469855745
568526136017342464
568527393754738688
568527517910319104
568527545097805824
568527605063757824
568539224770637825
568542661684015105
568542766860541952
568553063935557632
568572753403650049
568572835666522112
568574960035360768
568578230933979136
568583014176960513
568587875702476800
568602941940043776
568603024320434176
568603081274986496
568611700674584576
568613712858198016
568618050745864192
568629820306952192
568633361595412481
568634603885502464
568648390738706432
568663431433187328
568677633682214912
568716388866629632
568754053083222016
568769111561527297
568769216662282240
568775278505414656
568780060720701440
568784239841431552
568784261064622080
568784295759777797
568785094430883840
568793902267936769
568799336097656836
568799486392143872
568801701378928641
568811771315814401
568814284680994816
568826365878730753
568829465788350464
568829494556897280
568829652233428992
568832907525152769
568839199773732864
568844772191940608
568845241526038528
568846499431337984
568848259008962560
568859651980156928
568859726315827200
568874741249007616
568883744246878208
568884751022624768
568890017365561344
568890062286385153
568890074164809728
568892047559503873
568904127834558464
568904934495629312
568905087608881152
568905143883849728
568920221882257408
568920244691070976
568927281747505152
568932061882552320
568948170060746752
568995608238772224
568995644276383744
569108474233270273
569116333998256129
569116399039344640
569130620963696640
569135148660342784
569143454434926592
569155784988164098
569159814426853376
569161748286083073
569172396680175616
569176746735632384
569176777056079874
569176969872605184
569191270654070784
569191838579429377
569191845219209217
569191875271372801
569192778468626432
569206925046493184
569207022597509120
569210394046275586
569219456506814464
569222108200476672
569222729125253121
569223482791366656
569234806543929344
569237160886276096
569237252154372097
569237356622024704
569248898071580672
569250912784519168
569252439548952576
569253430100946944
569263496560422912
569267323330129920
569277895224516608
569284887955558401
569287656607100929
569301244948324353
569308292893290496
569309296023998464
569311060903268352
569312688272052224
569312734896136193
569312745306382336
569314329276715010
569316342769291264
569324647906480128
569327949553520640
569334462292434944
569337230935724032
569342888615620609
569342909205647360
569343003476819969
569347549858934784
569367682811715585
569373258010660864
569386555107733505
569388156031799297
569388260633542657
569394918675783681
569418351295926273
569418497694035969
569428333500375040
569431884217909248
569447456896917505
569448465991737345
569478901166055424
569493813884030976
569493923451834369
569497791623512065
569512132494159872
569514902748061696
569524026294571008
569524116769914882
569525974284558338
569531010167250944
569539111222190081
569539287118692352
569541328289165312
569554300495462400
569554916064284672
569570013964689410
569584431544971264
569584561312681984
569586372866150400
569586373042278400
569589643487928321
569599532268449792
569599590355173376
569599713499963394
569599725240000513
569603991551782913
569604243226652672
569604994825105408
569614651400585216
569614672061575168
569614679154143232
569616573905936384
569618838767181825
569620597543739392
569620598307074048
569620850820956160
569623368711991296
569626388610859008
569629819559747585
569629822789365761
569629882323496961
569630160233873411
569636454869151744
569640733466103808
569641234769309696
569642742852268032
569644759024852992
569644902637813761
569644957188939777
569645048696053761
569646269221773312
569648534569361408
569650294746820609
569650547562811393
569654319391354880
569659952681361408
569659956384788480
569660029093203968
569660111976689664
569660864653099009
569671435309809664
569675144353828864
569675178227081216
569676217432977408
569680242194980864
569681499928158208
569687540644642817
569690131235340288
569690252450799616
569690272830922752
569690317869330432
569690347183480832
569705212274995201
569705220088795136
569705276481282048
569705380282019841
569717739113320448
569718492108230657
569720325165830144
569720366198759424
569720394782875649
569720452987252736
569720491830878208
569721410542645248
569724281334034432
569735461033213952
569738877969129472
569750540302680064
569760267485122560
569780773194113025
569780939280093185
569788202174713856
569795913788428288
569810928449003521
569810990189191168
569811013786312704
569835766416867328
569841119783202817
569841224221392897
569841254655270912
567591480085463040
567722844319404033
567723096186945538
567727292739092480
567727329783582720
567727403964055552
567729135733465088
567730143536226304
567739453884465152
567742500366872576
567749045524131841
567761790357209088
567766130907832322
567766633637502976
567770910107897856
567772565956222976
567772568833503233
567772685472915456
567773176031145984
567781227537915906
567781731156377600
567787583138230272
567790793197629440
567802723127803905
567802752677457920
567802781877407744
567802808876158976
567802829567467520
567802900480585728
567803627714138112
567806898549051392
567810419672268800
567811428779868160
567812687893262336
567813189334790144
567817897893982208
567821242029359104
567830303121870848
567835334572130304
567843889748418560
567847163465764864
567847966989508608
567848084572532736
567848107456749569
567848171155496960
567848201505476608
567855470142197760
567863082346627072
567863121479536641
567863197341847552
567866540424560640
567872077899763712
567876860647833600
567878205157281793
567878239156338688
567886422826307585
567892715603652608
567892966980870144
567907813126582272
567908391256875008
568020304510869504
568029222574407680
568034650477580289
568036157482602497
568044275910512640
568055034296049664
568055537952284672
568057046303576065
568059376474439680
568059390135304193
568059610969604096
568096554638159872
568104744025268224
568104783061520384
568104907384832000
568109390026448896
568112409841238016
568118452965085184
568119831519739904
568134930137550848
568134973728755712
568140092453179394
568140595580919808
568145883679875072
568150150289461249
568153430776287233
568154689449168896
568165058229997569
568165260605014016
568170794670551040
568180264914051072
568184134666981376
568192942088843264
568193698284118016
568195292803129345
568196466503770112
568199988255330304
568202255205335041
568210483959836672
568210512405790720
568210563991363584
568220625648672768
568225650760413184
568254094739148800
568255102567518208
568255867751165952
568270768989081600
568272715519561728
568391639158226944
568422454609219584
568435290722975745
568436943131951104
568436966628261889
568437004045672448
568437028205035520
568452051740413952
568452186977361921
568454161962049536
568466243210108928
568467055747313664
568467150475812864
568467286333513728
568474546275287040
568476562376531969
568482168021917697
568482252168019968
568482353254928384
568510973469855745
568526136017342464
568527393754738688
568527517910319104
568527545097805824
568527605063757824
568539224770637825
568542661684015105
568542766860541952
568553063935557632
568572753403650049
568572835666522112
568574960035360768
568578230933979136
568583014176960513
568587875702476800
568602941940043776
568603024320434176
568603081274986496
568611700674584576
568613712858198016
568618050745864192
568629820306952192
568633361595412481
568634603885502464
568648390738706432
568663431433187328
568677633682214912
568716388866629632
568754053083222016
568769111561527297
568769216662282240
568775278505414656
568780060720701440
568784239841431552
568784261064622080
568784295759777797
568785094430883840
568793902267936769
568799336097656836
568799486392143872
568801701378928641
568811771315814401
568814284680994816
568826365878730753
568829465788350464
568829494556897280
568829652233428992
568832907525152769
568839199773732864
568844772191940608
568845241526038528
568846499431337984
568848259008962560
568859651980156928
568859726315827200
568874741249007616
568883744246878208
568884751022624768
568890017365561344
568890062286385153
568890074164809728
568892047559503873
568904127834558464
568904934495629312
568905087608881152
568905143883849728
568920221882257408
568920244691070976
568927281747505152
568932061882552320
568948170060746752
568995608238772224
568995644276383744
569108474233270273
569116333998256129
569116399039344640
569130620963696640
569135148660342784
569143454434926592
569155784988164098
569159814426853376
569161748286083073
569172396680175616
569176746735632384
569176777056079874
569176969872605184
569191270654070784
569191838579429377
569191845219209217
569191875271372801
569192778468626432
569206925046493184
569207022597509120
569210394046275586
569219456506814464
569222108200476672
569222729125253121
569223482791366656
569234806543929344
569237160886276096
569237252154372097
569237356622024704
569248898071580672
569250912784519168
569252439548952576
569253430100946944
569263496560422912
569267323330129920
569277895224516608
569284887955558401
569287656607100929
569301244948324353
569308292893290496
569309296023998464
569311060903268352
569312688272052224
569312734896136193
569312745306382336
569314329276715010
569316342769291264
569324647906480128
569327949553520640
569334462292434944
569337230935724032
569342888615620609
569342909205647360
569343003476819969
569347549858934784
569367682811715585
569373258010660864
569386555107733505
569388156031799297
569388260633542657
569394918675783681
569418351295926273
569418497694035969
569428333500375040
569431884217909248
569447456896917505
569448465991737345
569478901166055424
569493813884030976
569493923451834369
569497791623512065
569512132494159872
569514902748061696
569524026294571008
569524116769914882
569525974284558338
569531010167250944
569539111222190081
569539287118692352
569541328289165312
569554300495462400
569554916064284672
569570013964689410
569584431544971264
569584561312681984
569586372866150400
569586373042278400
569589643487928321
569599532268449792
569599590355173376
569599713499963394
569599725240000513
569603991551782913
569604243226652672
569604994825105408
569614651400585216
569614672061575168
569614679154143232
569616573905936384
569618838767181825
569620597543739392
569620598307074048
569620850820956160
569623368711991296
569626388610859008
569629819559747585
569629822789365761
569629882323496961
569630160233873411
569636454869151744
569640733466103808
569641234769309696
569642742852268032
569644759024852992
569644902637813761
569644957188939777
569645048696053761
569646269221773312
569648534569361408
569650294746820609
569650547562811393
569654319391354880
569659952681361408
569659956384788480
569660029093203968
569660111976689664
569660864653099009
569671435309809664
569675144353828864
569675178227081216
569676217432977408
569680242194980864
569681499928158208
569687540644642817
569690131235340288
569690252450799616
569690272830922752
569690317869330432
569690347183480832
569705212274995201
569705220088795136
569705276481282048
569705380282019841
569717739113320448
569718492108230657
569720325165830144
569720366198759424
569720394782875649
569720452987252736
569720491830878208
569721410542645248
569724281334034432
569735461033213952
569738877969129472
569750540302680064
569760267485122560
569780773194113025
569780939280093185
569788202174713856
569795913788428288
569810928449003521
569810990189191168
569811013786312704
569835766416867328
569841119783202817
569841224221392897
569841254655270912
569850867899170816
569856654394720256
569857157778132993
569871364603031553
569871411843461121
569871433662271488
569875024045314048
569877540698894336
569878547197616128
569882324713783296
569883077289181184
569886516505407488
569886537128632320
569886575720574976
569886612538023936
569896666465087488
569899437662863360
569901512190767105
569901679975522304
569911515106582528
569912776199704578
569915039114661888
569916606064828416
569916664130637825
569916731595972608
569931705022164992
569931716049154051
569931753768382464
569931787398303744
569938945871626240
569945237025648640
569946921265184768
569947001456070656
569947033857069057
569952285024915456
569960085654364160
569961977231106048
569962078791979009
569962134328778752
569965873752104960
569969506740674560
569977008077148161
569977129728749568
569977223198822400
569979211722596353
569990034444689408
569992234801737728
569992310563450880
569998842579566592
569999091028983808
570000101654925312
570007297927221249
570007324380631040
570012934287568898
570014190498287616
570019476235788288
570022345424834560
570022372901847042
570037613899481088
570044138302808064
570052545298759680
570052723409874947
570053952856854528
570058986025672704
570068045500194816
570072578540347393
570082819025838080
570083397873373184
570084406204997632
570099506135437312
570128126480674816
570143097809707008
570143200935063552
570153610870456321
570160153493774337
570187080426397696
570188405541175297
570192366272970752
570196895383080960
570197146894520320
570201172985974784
570203943671865345
570208992439312384
570212246053220352
570218794414673921
570218829546024960
570220053142097920
570220301465681921
570233809129467905
570233869212856320
570244711388065793
570248954572619776
570248991704788992
570263889696305152
570264011574415360
570264106059624448
570270630660218881
570278432417972224
570279036582109184
570279050276704257
570279106090274817
570279118438182913
570279220502511617
570281958556610560
570284725740285952
570294189143031808
570294205999939584
570294237348143104
570295795985080320
570299824760860672
570300325917270018
570301083672813571
570307876897628160
570309308937842688
570309340952993796
570309345281486848
570310144459972608
