568862320442662912
568893092927029249
568947860424642560
569358701317869571
568862320442662912
568893092927029249
568947860424642560
569358701317869571
568862320442662912
568893092927029249
568947860424642560
569358701317869571
570219815941615616
570221955976187904
568862320442662912
568893092927029249
568947860424642560
569358701317869571
570219815941615616
570221955976187904
568862320442662912
568893092927029249
568947860424642560
569358701317869571
570219815941615616
570221955976187904
568862320442662912
568893092927029249
568947860424642560
569358701317869571
570219815941615616
570221955976187904
568862320442662912
568893092927029249
568947860424642560
569358701317869571
570219815941615616
570221955976187904
568862320442662912
568893092927029249
568947860424642560
569358701317869571
570219815941615616
570221955976187904
