567592368451248130
567698031081160704
567725125194493953
567728227465310208
567728229340172288
567728285174743041
567728357555437568
567728386014183424
567733177590874114
567733682879086592
567737962541375490
567738715657609216
567742238562975745
567752558207586304
567753815634370560
567758478371196928
567761113631449089
567765893355417601
567773445195583488
567773609939058688
567773611591626752
567773706707021824
567775456678912000
567776714303238144
567788578026311680
567791059393335297
567793072060276736
567808424696893440
567816475898310656
567818783616954369
567818953881419776
567818961716387840
567831075763003393
567833916196843520
567834021293596672
567845165781532672
567848437992984576
567849102731526144
567849200295124992
567855736665051136
567859008230563840
567864117047865344
567867311744380928
567879304593408001
567879331810246656
567880900358311936
567889710129029121
567894427244589056
567917894144770049
567939727023673344
567984939221852160
568011010029838336
568037433503145984
568045397408661504
568056811401703424
568066878192508928
568069392422051841
568075679008468992
568084495078785024
568092044964421632
568101606585020416
568103618500530176
568105722413649920
568105765442945024
568105844174397440
568151138421207040
568158732930191360
568166099184783360
568166195758829568
568166220706418688
568166268546748416
568177609281896449
568179117851578369
568181167054196736
568196466503770112
568204029517553665
568211517398786048
568256684642213888
568392783922372608
568422817601097728
568424482764931072
568436061959028736
568438000843034624
568438018572300289
568438094652956673
568447131431931904
568449649951907840
568451916319096832
568453042816868352
568457955223453696
568468054306193408
568483338257895424
568483386580439040
568489413262610433
568492682152189952
568498446216400896
568519360953716736
568528656584146944
568528678671360000
568531187481706496
568543722943614976
568550060461408257
568558728263254017
568558819959119872
568558887290441728
568567425106628609
568573889359556608
568588896218587137
568588931379253248
568588936852799488
568589019925368833
568589571929350144
568598882613133314
568604039430033408
568606685230555136
568619178363478018
568633361595412481
568634185155358720
568643928720850944
568649338005487618
568650724399321088
568662554047696896
568724832898162688
568755032138469376
568770125114929152
568775800599801856
568785393358905345
568796240319639552
568800246433775617
568800389903962112
568802225058926592
568803231335387137
568815310016548865
568815354388078593
568815514702770176
568818328132841472
568821349688471552
568828648687591424
568829652233428992
568829906584346624
568830466830151680
568830614289252352
568834182694240256
568845545986400256
568845552114405376
568845553104068609
568845724110213120
568855071322198016
568860857326637056
568865640569806848
568875453773168640
568878979576410112
568890960358166528
568891084107087872
568893072001646592
568895587900207104
568906176353554432
568921163901984768
568924781837455360
568931575980814336
568933083472220160
568941140415803393
568951377231114240
568951462413209601
568973348840943616
568981498046623744
568996536555851776
568996575617409026
568996669167181824
569011727532032001
569011846432366592
569011849976348672
569015379021795328
569091378438746112
569117360965193728
569169897906941952
569170903948500992
569175432702107648
569177868221202432
569177940027674624
569188266089381888
569192902922006528
569197579956842496
569206387483525120
569208051145650177
569208067243401217
569215950597201921
569224755426930689
569231300843970561
569232560330555393
569238148032671744
569238252676378627
569242876909109248
569250176369471489
569252439548952576
569253236093267969
569253270356664322
569253285015752704
569253311813185537
569253382898126850
569253414971899905
569253430100946944
569256468198924288
569268455314219008
569277352129138688
569283511192051712
569283532167757826
569291447377137664
569293965448458240
569298712247312384
569298744337788928
569303779822190593
569304030847090688
569304533140185088
569310070825226241
569313734566547456
569313760864632832
569328755409326080
569328773876871168
569328854948573187
569328931905642496
569336493224955904
569343882389016577
569343970360348672
569344036256903168
569353354545008640
569358953567670272
569358956549681152
569359025655181312
569359055937908736
569359647699812353
569374127187820545
569378015429447680
569404245142855680
569434598825992192
569439674294337536
569441937826164736
569444456660750337
569471635163643905
569479822226952192
569480693782339584
569489752732274688
569489753332191232
569492269000204288
569494878968811520
569494958006263809
569506361266085888
569512656274468864
569525116725567491
569525150263214080
569539834131443712
569540173408698369
569555395339018241
569555411998613505
569555413450027011
569555455963471872
569561225488678913
569566511184125952
569567144318365696
569570444027822081
569570477410275328
569576074050473984
569592177312923650
569596357381644289
569599978722746368
569600599588630529
569600694388445184
569600720254541824
569600757516914688
569600985007558656
569608282442047488
569615636869062659
569615644448186369
569615659333627904
569615736387325952
569615753885970432
569615855505387520
569616839761743872
569619861879590912
569626655527981058
569628922431873025
569630715698151424
569630837538361344
569630885450002432
569630959718551552
569634454924357632
569640998491578369
569645815268044801
569645836109418496
569646004254998528
569646005315973120
569646045656948737
569646535215939585
569649806202642432
569650813070483457
569661069913821184
569661113593425920
569661154638872576
569662896344592385
569667173544812546
569667675603009537
569668179758350336
569671200978436096
569675979284721665
569676138253049859
569676204728389632
569676217432977408
569676227981791232
569676250312249344
569678749056294913
569683278715883523
569683780593545218
569691079471050752
569691144897953793
569691155606183937
569694350831161344
569695357858238464
569698882797641728
569704164743376896
569706320212787200
569706336268611584
569709452594524160
569714230842302464
569721379823554562
569721410542645248
569721419849797632
569721972600528897
569726059937185793
569734868344684544
569736434803978240
569740152966238208
569747702981853185
569751515461603328
569766662024630272
569772113378217984
569772867774230528
569781926162145281
569786457998680064
567592368451248130
567698031081160704
567725125194493953
567728227465310208
567728229340172288
567728285174743041
567728357555437568
567728386014183424
567733177590874114
567733682879086592
567737962541375490
567738715657609216
567742238562975745
567752558207586304
567753815634370560
567758478371196928
567761113631449089
567765893355417601
567773445195583488
567773609939058688
567773611591626752
567773706707021824
567775456678912000
567776714303238144
567788578026311680
567791059393335297
567793072060276736
567808424696893440
567816475898310656
567818783616954369
567818953881419776
567818961716387840
567831075763003393
567833916196843520
567834021293596672
567845165781532672
567848437992984576
567849102731526144
567849200295124992
567855736665051136
567859008230563840
567864117047865344
567867311744380928
567879304593408001
567879331810246656
567880900358311936
567889710129029121
567894427244589056
567917894144770049
567939727023673344
567984939221852160
568011010029838336
568037433503145984
568045397408661504
568056811401703424
568066878192508928
568069392422051841
568075679008468992
568084495078785024
568092044964421632
568101606585020416
568103618500530176
568105722413649920
568105765442945024
568105844174397440
568151138421207040
568158732930191360
568166099184783360
568166195758829568
568166220706418688
568166268546748416
568177609281896449
568179117851578369
568181167054196736
568196466503770112
568204029517553665
568211517398786048
568256684642213888
568392783922372608
568422817601097728
568424482764931072
568436061959028736
568438000843034624
568438018572300289
568438094652956673
568447131431931904
568449649951907840
568451916319096832
568453042816868352
568457955223453696
568468054306193408
568483338257895424
568483386580439040
568489413262610433
568492682152189952
568498446216400896
568519360953716736
568528656584146944
568528678671360000
568531187481706496
568543722943614976
568550060461408257
568558728263254017
568558819959119872
568558887290441728
568567425106628609
568573889359556608
568588896218587137
568588931379253248
568588936852799488
568589019925368833
568589571929350144
568598882613133314
568604039430033408
568606685230555136
568619178363478018
568633361595412481
568634185155358720
568643928720850944
568649338005487618
568650724399321088
568662554047696896
568724832898162688
568755032138469376
568770125114929152
568775800599801856
568785393358905345
568796240319639552
568800246433775617
568800389903962112
568802225058926592
568803231335387137
568815310016548865
568815354388078593
568815514702770176
568818328132841472
568821349688471552
568828648687591424
568829652233428992
568829906584346624
568830466830151680
568830614289252352
568834182694240256
568845545986400256
568845552114405376
568845553104068609
568845724110213120
568855071322198016
568860857326637056
568865640569806848
568875453773168640
568878979576410112
568890960358166528
568891084107087872
568893072001646592
568895587900207104
568906176353554432
568921163901984768
568924781837455360
568931575980814336
568933083472220160
568941140415803393
568951377231114240
568951462413209601
568973348840943616
568981498046623744
568996536555851776
568996575617409026
568996669167181824
569011727532032001
569011846432366592
569011849976348672
569015379021795328
569091378438746112
569117360965193728
569169897906941952
569170903948500992
569175432702107648
569177868221202432
569177940027674624
569188266089381888
569192902922006528
569197579956842496
569206387483525120
569208051145650177
569208067243401217
569215950597201921
569224755426930689
569231300843970561
569232560330555393
569238148032671744
569238252676378627
569242876909109248
569250176369471489
569252439548952576
569253236093267969
569253270356664322
569253285015752704
569253311813185537
569253382898126850
569253414971899905
569253430100946944
569256468198924288
569268455314219008
569277352129138688
569283511192051712
569283532167757826
569291447377137664
569293965448458240
569298712247312384
569298744337788928
569303779822190593
569304030847090688
569304533140185088
569310070825226241
569313734566547456
569313760864632832
569328755409326080
569328773876871168
569328854948573187
569328931905642496
569336493224955904
569343882389016577
569343970360348672
569344036256903168
569353354545008640
569358953567670272
569358956549681152
569359025655181312
569359055937908736
569359647699812353
569374127187820545
569378015429447680
569404245142855680
569434598825992192
569439674294337536
569441937826164736
569444456660750337
569471635163643905
569479822226952192
569480693782339584
569489752732274688
569489753332191232
569492269000204288
569494878968811520
569494958006263809
569506361266085888
569512656274468864
569525116725567491
569525150263214080
569539834131443712
569540173408698369
569555395339018241
569555411998613505
569555413450027011
569555455963471872
569561225488678913
569566511184125952
569567144318365696
569570444027822081
569570477410275328
569576074050473984
569592177312923650
569596357381644289
569599978722746368
569600599588630529
569600694388445184
569600720254541824
569600757516914688
569600985007558656
569608282442047488
569615636869062659
569615644448186369
569615659333627904
569615736387325952
569615753885970432
569615855505387520
569616839761743872
569619861879590912
569626655527981058
569628922431873025
569630715698151424
569630837538361344
569630885450002432
569630959718551552
569634454924357632
569640998491578369
569645815268044801
569645836109418496
569646004254998528
569646005315973120
569646045656948737
569646535215939585
569649806202642432
569650813070483457
569661069913821184
569661113593425920
569661154638872576
569662896344592385
569667173544812546
569667675603009537
569668179758350336
569671200978436096
569675979284721665
569676138253049859
569676204728389632
569676217432977408
569676227981791232
569676250312249344
569678749056294913
569683278715883523
569683780593545218
569691079471050752
569691144897953793
569691155606183937
569694350831161344
569695357858238464
569698882797641728
569704164743376896
569706320212787200
569706336268611584
569709452594524160
569714230842302464
569721379823554562
569721410542645248
569721419849797632
569721972600528897
569726059937185793
569734868344684544
569736434803978240
569740152966238208
569747702981853185
569751515461603328
569766662024630272
569772113378217984
569772867774230528
569781926162145281
569786457998680064
569827206928715776
569827255653941248
569839559728439296
569842196045656064
569842257588846592
569842295387791361
569843082994315264
569843331930263552
567592368451248130
567698031081160704
567725125194493953
567728227465310208
567728229340172288
567728285174743041
567728357555437568
567728386014183424
567733177590874114
567733682879086592
567737962541375490
567738715657609216
567742238562975745
567752558207586304
567753815634370560
567758478371196928
567761113631449089
567765893355417601
567773445195583488
567773609939058688
567773611591626752
567773706707021824
567775456678912000
567776714303238144
567788578026311680
567791059393335297
567793072060276736
567808424696893440
567816475898310656
567818783616954369
567818953881419776
567818961716387840
567831075763003393
567833916196843520
567834021293596672
567845165781532672
567848437992984576
567849102731526144
567849200295124992
567855736665051136
567859008230563840
567864117047865344
567867311744380928
567879304593408001
567879331810246656
567880900358311936
567889710129029121
567894427244589056
567917894144770049
567939727023673344
567984939221852160
568011010029838336
568037433503145984
568045397408661504
568056811401703424
568066878192508928
568069392422051841
568075679008468992
568084495078785024
568092044964421632
568101606585020416
568103618500530176
568105722413649920
568105765442945024
568105844174397440
568151138421207040
568158732930191360
568166099184783360
568166195758829568
568166220706418688
568166268546748416
568177609281896449
568179117851578369
568181167054196736
568196466503770112
568204029517553665
568211517398786048
568256684642213888
568392783922372608
568422817601097728
568424482764931072
568436061959028736
568438000843034624
568438018572300289
568438094652956673
568447131431931904
568449649951907840
568451916319096832
568453042816868352
568457955223453696
568468054306193408
568483338257895424
568483386580439040
568489413262610433
568492682152189952
568498446216400896
568519360953716736
568528656584146944
568528678671360000
568531187481706496
568543722943614976
568550060461408257
568558728263254017
568558819959119872
568558887290441728
568567425106628609
568573889359556608
568588896218587137
568588931379253248
568588936852799488
568589019925368833
568589571929350144
568598882613133314
568604039430033408
568606685230555136
568619178363478018
568633361595412481
568634185155358720
568643928720850944
568649338005487618
568650724399321088
568662554047696896
568724832898162688
568755032138469376
568770125114929152
568775800599801856
568785393358905345
568796240319639552
568800246433775617
568800389903962112
568802225058926592
568803231335387137
568815310016548865
568815354388078593
568815514702770176
568818328132841472
568821349688471552
568828648687591424
568829652233428992
568829906584346624
568830466830151680
568830614289252352
568834182694240256
568845545986400256
568845552114405376
568845553104068609
568845724110213120
568855071322198016
568860857326637056
568865640569806848
568875453773168640
568878979576410112
568890960358166528
568891084107087872
568893072001646592
568895587900207104
568906176353554432
568921163901984768
568924781837455360
568931575980814336
568933083472220160
568941140415803393
568951377231114240
568951462413209601
568973348840943616
568981498046623744
568996536555851776
568996575617409026
568996669167181824
569011727532032001
569011846432366592
569011849976348672
569015379021795328
569091378438746112
569117360965193728
569169897906941952
569170903948500992
569175432702107648
569177868221202432
569177940027674624
569188266089381888
569192902922006528
569197579956842496
569206387483525120
569208051145650177
569208067243401217
569215950597201921
569224755426930689
569231300843970561
569232560330555393
569238148032671744
569238252676378627
569242876909109248
569250176369471489
569252439548952576
569253236093267969
569253270356664322
569253285015752704
569253311813185537
569253382898126850
569253414971899905
569253430100946944
569256468198924288
569268455314219008
569277352129138688
569283511192051712
569283532167757826
569291447377137664
569293965448458240
569298712247312384
569298744337788928
569303779822190593
569304030847090688
569304533140185088
569310070825226241
569313734566547456
569313760864632832
569328755409326080
569328773876871168
569328854948573187
569328931905642496
569336493224955904
569343882389016577
569343970360348672
569344036256903168
569353354545008640
569358953567670272
569358956549681152
569359025655181312
569359055937908736
569359647699812353
569374127187820545
569378015429447680
569404245142855680
569434598825992192
569439674294337536
569441937826164736
569444456660750337
569471635163643905
569479822226952192
569480693782339584
569489752732274688
569489753332191232
569492269000204288
569494878968811520
569494958006263809
569506361266085888
569512656274468864
569525116725567491
569525150263214080
569539834131443712
569540173408698369
569555395339018241
569555411998613505
569555413450027011
569555455963471872
569561225488678913
569566511184125952
569567144318365696
569570444027822081
569570477410275328
569576074050473984
569592177312923650
569596357381644289
569599978722746368
569600599588630529
569600694388445184
569600720254541824
569600757516914688
569600985007558656
569608282442047488
569615636869062659
569615644448186369
569615659333627904
569615736387325952
569615753885970432
569615855505387520
569616839761743872
569619861879590912
569626655527981058
569628922431873025
569630715698151424
569630837538361344
569630885450002432
569630959718551552
569634454924357632
569640998491578369
569645815268044801
569645836109418496
569646004254998528
569646005315973120
569646045656948737
569646535215939585
569649806202642432
569650813070483457
569661069913821184
569661113593425920
569661154638872576
569662896344592385
569667173544812546
569667675603009537
569668179758350336
569671200978436096
569675979284721665
569676138253049859
569676204728389632
569676217432977408
569676227981791232
569676250312249344
569678749056294913
569683278715883523
569683780593545218
569691079471050752
569691144897953793
569691155606183937
569694350831161344
569695357858238464
569698882797641728
569704164743376896
569706320212787200
569706336268611584
569709452594524160
569714230842302464
569721379823554562
569721410542645248
569721419849797632
569721972600528897
569726059937185793
569734868344684544
569736434803978240
569740152966238208
569747702981853185
569751515461603328
569766662024630272
569772113378217984
569772867774230528
569781926162145281
569786457998680064
569827206928715776
569827255653941248
569839559728439296
569842196045656064
569842257588846592
569842295387791361
569843082994315264
569843331930263552
569844088997949440
569857209745584129
569857331284078592
569857396899606528
569857415027564545
569857446371438592
569869506560069633
569870007368331264
569872363170373632
569872444590129152
569872455377879040
569876553196285952
569883848470859776
569887452384481280
569887533267611648
569887584861749250
569887654713499648
569895176631554049
569899203339657217
569902219602100225
569902743135117314
569911783596560384
569913796875161600
569914552382418944
569916061891633153
569917319381712896
569917692758630400
569917729022586880
569917765676601344
569917791228157952
569917824078090242
569918327767879680
569920090440916994
569920593597894657
569923360982900737
569924116335108096
569924117719199744
569929653730840577
569930406591664128
569932833709527041
569935692161134592
569946008840491008
569947518655721472
569947823426441216
569947823615012864
569957081811283968
569959601011068928
569961111086362625
569961866224652288
569962905493315585
569962943980285952
569963064495366145
569963097055604736
569972935227674624
569973945270546432
569978119530029056
569978187465166848
569978197284130817
569985270415818752
569989043456380928
569993176636739584
569993218730934273
569995335893848064
569999614624927744
570000618707746816
570004899234074624
570008443626647552
570023318251642883
570023321904943105
570023530466840576
570037613899481088
570038498566283264
570038564110467074
570038580967383042
570053734639792129
570053736950685696
570065297568194560
570066554848743424
570066805810601985
570068649295241216
570068659193950208
570075866748694528
570083761582428160
570083898031513600
570086434410930176
570091216013955073
570114021854212096
570189507447775234
570192886689628160
570204649363341312
570204730745421826
570208992439312384
570210502955155456
570219815941615616
570225098189348864
570226104839090176
570234734942523393
570246490473566208
570247748286435328
570249806540451843
570249864841285632
570249871107723264
570252528245456897
570256052966395906
570257563003920384
570257564023128064
570258822297579520
570264106059624448
570264948548313088
570265133638942720
570280008557547520
570280225625362432
570281470507352064
570295174385016832
570295202616889345
570295207763316736
570295290063925249
570302358242115584
570304873620746240
570306133677760513
570307390752608257
567592368451248130
567698031081160704
567725125194493953
567728227465310208
567728229340172288
567728285174743041
567728357555437568
567728386014183424
567733177590874114
567733682879086592
567737962541375490
567738715657609216
567742238562975745
567752558207586304
567753815634370560
567758478371196928
567761113631449089
567765893355417601
567773445195583488
567773609939058688
567773611591626752
567773706707021824
567775456678912000
567776714303238144
567788578026311680
567791059393335297
567793072060276736
567808424696893440
567816475898310656
567818783616954369
567818953881419776
567818961716387840
567831075763003393
567833916196843520
567834021293596672
567845165781532672
567848437992984576
567849102731526144
567849200295124992
567855736665051136
567859008230563840
567864117047865344
567867311744380928
567879304593408001
567879331810246656
567880900358311936
567889710129029121
567894427244589056
567917894144770049
567939727023673344
567984939221852160
568011010029838336
568037433503145984
568045397408661504
568056811401703424
568066878192508928
568069392422051841
568075679008468992
568084495078785024
568092044964421632
568101606585020416
568103618500530176
568105722413649920
568105765442945024
568105844174397440
568151138421207040
568158732930191360
568166099184783360
568166195758829568
568166220706418688
568166268546748416
568177609281896449
568179117851578369
568181167054196736
568196466503770112
568204029517553665
568211517398786048
568256684642213888
568392783922372608
568422817601097728
568424482764931072
568436061959028736
568438000843034624
568438018572300289
568438094652956673
568447131431931904
568449649951907840
568451916319096832
568453042816868352
568457955223453696
568468054306193408
568483338257895424
568483386580439040
568489413262610433
568492682152189952
568498446216400896
568519360953716736
568528656584146944
568528678671360000
568531187481706496
568543722943614976
568550060461408257
568558728263254017
568558819959119872
568558887290441728
568567425106628609
568573889359556608
568588896218587137
568588931379253248
568588936852799488
568589019925368833
568589571929350144
568598882613133314
568604039430033408
568606685230555136
568619178363478018
568633361595412481
568634185155358720
568643928720850944
568649338005487618
568650724399321088
568662554047696896
568724832898162688
568755032138469376
568770125114929152
568775800599801856
568785393358905345
568796240319639552
568800246433775617
568800389903962112
568802225058926592
568803231335387137
568815310016548865
568815354388078593
568815514702770176
568818328132841472
568821349688471552
568828648687591424
568829652233428992
568829906584346624
568830466830151680
568830614289252352
568834182694240256
568845545986400256
568845552114405376
568845553104068609
568845724110213120
568855071322198016
568860857326637056
568865640569806848
568875453773168640
568878979576410112
568890960358166528
568891084107087872
568893072001646592
568895587900207104
568906176353554432
568921163901984768
568924781837455360
568931575980814336
568933083472220160
568941140415803393
568951377231114240
568951462413209601
568973348840943616
568981498046623744
568996536555851776
568996575617409026
568996669167181824
569011727532032001
569011846432366592
569011849976348672
569015379021795328
569091378438746112
569117360965193728
569169897906941952
569170903948500992
569175432702107648
569177868221202432
569177940027674624
569188266089381888
569192902922006528
569197579956842496
569206387483525120
569208051145650177
569208067243401217
569215950597201921
569224755426930689
569231300843970561
569232560330555393
569238148032671744
569238252676378627
569242876909109248
569250176369471489
569252439548952576
569253236093267969
569253270356664322
569253285015752704
569253311813185537
569253382898126850
569253414971899905
569253430100946944
569256468198924288
569268455314219008
569277352129138688
569283511192051712
569283532167757826
569291447377137664
569293965448458240
569298712247312384
569298744337788928
569303779822190593
569304030847090688
569304533140185088
569310070825226241
569313734566547456
569313760864632832
569328755409326080
569328773876871168
569328854948573187
569328931905642496
569336493224955904
569343882389016577
569343970360348672
569344036256903168
569353354545008640
569358953567670272
569358956549681152
569359025655181312
569359055937908736
569359647699812353
569374127187820545
569378015429447680
569404245142855680
569434598825992192
569439674294337536
569441937826164736
569444456660750337
569471635163643905
569479822226952192
569480693782339584
569489752732274688
569489753332191232
569492269000204288
569494878968811520
569494958006263809
569506361266085888
569512656274468864
569525116725567491
569525150263214080
569539834131443712
569540173408698369
569555395339018241
569555411998613505
569555413450027011
569555455963471872
569561225488678913
569566511184125952
569567144318365696
569570444027822081
569570477410275328
569576074050473984
569592177312923650
569596357381644289
569599978722746368
569600599588630529
569600694388445184
569600720254541824
569600757516914688
569600985007558656
569608282442047488
569615636869062659
569615644448186369
569615659333627904
569615736387325952
569615753885970432
569615855505387520
569616839761743872
569619861879590912
569626655527981058
569628922431873025
569630715698151424
569630837538361344
569630885450002432
569630959718551552
569634454924357632
569640998491578369
569645815268044801
569645836109418496
569646004254998528
569646005315973120
569646045656948737
569646535215939585
569649806202642432
569650813070483457
569661069913821184
569661113593425920
569661154638872576
569662896344592385
569667173544812546
569667675603009537
569668179758350336
569671200978436096
569675979284721665
569676138253049859
569676204728389632
569676217432977408
569676227981791232
569676250312249344
569678749056294913
569683278715883523
569683780593545218
569691079471050752
569691144897953793
569691155606183937
569694350831161344
569695357858238464
569698882797641728
569704164743376896
569706320212787200
569706336268611584
569709452594524160
569714230842302464
569721379823554562
569721410542645248
569721419849797632
569721972600528897
569726059937185793
569734868344684544
569736434803978240
569740152966238208
569747702981853185
569751515461603328
569766662024630272
569772113378217984
569772867774230528
569781926162145281
569786457998680064
569827206928715776
569827255653941248
569839559728439296
569842196045656064
569842257588846592
569842295387791361
569843082994315264
569843331930263552
569844088997949440
569857209745584129
569857331284078592
569857396899606528
569857415027564545
569857446371438592
569869506560069633
569870007368331264
569872363170373632
569872444590129152
569872455377879040
569876553196285952
569883848470859776
569887452384481280
569887533267611648
569887584861749250
569887654713499648
569895176631554049
569899203339657217
569902219602100225
569902743135117314
569911783596560384
569913796875161600
569914552382418944
569916061891633153
569917319381712896
569917692758630400
569917729022586880
569917765676601344
569917791228157952
569917824078090242
569918327767879680
569920090440916994
569920593597894657
569923360982900737
569924116335108096
569924117719199744
569929653730840577
569930406591664128
569932833709527041
569935692161134592
569946008840491008
569947518655721472
569947823426441216
569947823615012864
569957081811283968
569959601011068928
569961111086362625
569961866224652288
569962905493315585
569962943980285952
569963064495366145
569963097055604736
569972935227674624
569973945270546432
569978119530029056
569978187465166848
569978197284130817
569985270415818752
569989043456380928
569993176636739584
569993218730934273
569995335893848064
569999614624927744
570000618707746816
570004899234074624
570008443626647552
570023318251642883
570023321904943105
570023530466840576
570037613899481088
570038498566283264
570038564110467074
570038580967383042
570053734639792129
570053736950685696
570065297568194560
570066554848743424
570066805810601985
570068649295241216
570068659193950208
570075866748694528
570083761582428160
570083898031513600
570086434410930176
570091216013955073
570114021854212096
570189507447775234
570192886689628160
570204649363341312
570204730745421826
570208992439312384
570210502955155456
570219815941615616
570225098189348864
570226104839090176
570234734942523393
570246490473566208
570247748286435328
570249806540451843
570249864841285632
570249871107723264
570252528245456897
570256052966395906
570257563003920384
570257564023128064
570258822297579520
570264106059624448
570264948548313088
570265133638942720
570280008557547520
570280225625362432
570281470507352064
570295174385016832
570295202616889345
570295207763316736
570295290063925249
570302358242115584
570304873620746240
570306133677760513
570307390752608257
567592368451248130
567698031081160704
567725125194493953
567728227465310208
567728229340172288
567728285174743041
567728357555437568
567728386014183424
567733177590874114
567733682879086592
567737962541375490
567738715657609216
567742238562975745
567752558207586304
567753815634370560
567758478371196928
567761113631449089
567765893355417601
567773445195583488
567773609939058688
567773611591626752
567773706707021824
567775456678912000
567776714303238144
567788578026311680
567791059393335297
567793072060276736
567808424696893440
567816475898310656
567818783616954369
567818953881419776
567818961716387840
567831075763003393
567833916196843520
567834021293596672
567845165781532672
567848437992984576
567849102731526144
567849200295124992
567855736665051136
567859008230563840
567864117047865344
567867311744380928
567879304593408001
567879331810246656
567880900358311936
567889710129029121
567894427244589056
567917894144770049
567939727023673344
567984939221852160
568011010029838336
568037433503145984
568045397408661504
568056811401703424
568066878192508928
568069392422051841
568075679008468992
568084495078785024
568092044964421632
568101606585020416
568103618500530176
568105722413649920
568105765442945024
568105844174397440
568151138421207040
568158732930191360
568166099184783360
568166195758829568
568166220706418688
568166268546748416
568177609281896449
568179117851578369
568181167054196736
568196466503770112
568204029517553665
568211517398786048
568256684642213888
568392783922372608
568422817601097728
568424482764931072
568436061959028736
568438000843034624
568438018572300289
568438094652956673
568447131431931904
568449649951907840
568451916319096832
568453042816868352
568457955223453696
568468054306193408
568483338257895424
568483386580439040
568489413262610433
568492682152189952
568498446216400896
568519360953716736
568528656584146944
568528678671360000
568531187481706496
568543722943614976
568550060461408257
568558728263254017
568558819959119872
568558887290441728
568567425106628609
568573889359556608
568588896218587137
568588931379253248
568588936852799488
568589019925368833
568589571929350144
568598882613133314
568604039430033408
568606685230555136
568619178363478018
568633361595412481
568634185155358720
568643928720850944
568649338005487618
568650724399321088
568662554047696896
568724832898162688
568755032138469376
568770125114929152
568775800599801856
568785393358905345
568796240319639552
568800246433775617
568800389903962112
568802225058926592
568803231335387137
568815310016548865
568815354388078593
568815514702770176
568818328132841472
568821349688471552
568828648687591424
568829652233428992
568829906584346624
568830466830151680
568830614289252352
568834182694240256
568845545986400256
568845552114405376
568845553104068609
568845724110213120
568855071322198016
568860857326637056
568865640569806848
568875453773168640
568878979576410112
568890960358166528
568891084107087872
568893072001646592
568895587900207104
568906176353554432
568921163901984768
568924781837455360
568931575980814336
568933083472220160
568941140415803393
568951377231114240
568951462413209601
568973348840943616
568981498046623744
568996536555851776
568996575617409026
568996669167181824
569011727532032001
569011846432366592
569011849976348672
569015379021795328
569091378438746112
569117360965193728
569169897906941952
569170903948500992
569175432702107648
569177868221202432
569177940027674624
569188266089381888
569192902922006528
569197579956842496
569206387483525120
569208051145650177
569208067243401217
569215950597201921
569224755426930689
569231300843970561
569232560330555393
569238148032671744
569238252676378627
569242876909109248
569250176369471489
569252439548952576
569253236093267969
569253270356664322
569253285015752704
569253311813185537
569253382898126850
569253414971899905
569253430100946944
569256468198924288
569268455314219008
569277352129138688
569283511192051712
569283532167757826
569291447377137664
569293965448458240
569298712247312384
569298744337788928
569303779822190593
569304030847090688
569304533140185088
569310070825226241
569313734566547456
569313760864632832
569328755409326080
569328773876871168
569328854948573187
569328931905642496
569336493224955904
569343882389016577
569343970360348672
569344036256903168
569353354545008640
569358953567670272
569358956549681152
569359025655181312
569359055937908736
569359647699812353
569374127187820545
569378015429447680
569404245142855680
569434598825992192
569439674294337536
569441937826164736
569444456660750337
569471635163643905
569479822226952192
569480693782339584
569489752732274688
569489753332191232
569492269000204288
569494878968811520
569494958006263809
569506361266085888
569512656274468864
569525116725567491
569525150263214080
569539834131443712
569540173408698369
569555395339018241
569555411998613505
569555413450027011
569555455963471872
569561225488678913
569566511184125952
569567144318365696
569570444027822081
569570477410275328
569576074050473984
569592177312923650
569596357381644289
569599978722746368
569600599588630529
569600694388445184
569600720254541824
569600757516914688
569600985007558656
569608282442047488
569615636869062659
569615644448186369
569615659333627904
569615736387325952
569615753885970432
569615855505387520
569616839761743872
569619861879590912
569626655527981058
569628922431873025
569630715698151424
569630837538361344
569630885450002432
569630959718551552
569634454924357632
569640998491578369
569645815268044801
569645836109418496
569646004254998528
569646005315973120
569646045656948737
569646535215939585
569649806202642432
569650813070483457
569661069913821184
569661113593425920
569661154638872576
569662896344592385
569667173544812546
569667675603009537
569668179758350336
569671200978436096
569675979284721665
569676138253049859
569676204728389632
569676217432977408
569676227981791232
569676250312249344
569678749056294913
569683278715883523
569683780593545218
569691079471050752
569691144897953793
569691155606183937
569694350831161344
569695357858238464
569698882797641728
569704164743376896
569706320212787200
569706336268611584
569709452594524160
569714230842302464
569721379823554562
569721410542645248
569721419849797632
569721972600528897
569726059937185793
569734868344684544
569736434803978240
569740152966238208
569747702981853185
569751515461603328
569766662024630272
569772113378217984
569772867774230528
569781926162145281
569786457998680064
569827206928715776
569827255653941248
569839559728439296
569842196045656064
569842257588846592
569842295387791361
569843082994315264
569843331930263552
569844088997949440
569857209745584129
569857331284078592
569857396899606528
569857415027564545
569857446371438592
569869506560069633
569870007368331264
569872363170373632
569872444590129152
569872455377879040
569876553196285952
569883848470859776
569887452384481280
569887533267611648
569887584861749250
569887654713499648
569895176631554049
569899203339657217
569902219602100225
569902743135117314
569911783596560384
569913796875161600
569914552382418944
569916061891633153
569917319381712896
569917692758630400
569917729022586880
569917765676601344
569917791228157952
569917824078090242
569918327767879680
569920090440916994
569920593597894657
569923360982900737
569924116335108096
569924117719199744
569929653730840577
569930406591664128
569932833709527041
569935692161134592
569946008840491008
569947518655721472
569947823426441216
569947823615012864
569957081811283968
569959601011068928
569961111086362625
569961866224652288
569962905493315585
569962943980285952
569963064495366145
569963097055604736
569972935227674624
569973945270546432
569978119530029056
569978187465166848
569978197284130817
569985270415818752
569989043456380928
569993176636739584
569993218730934273
569995335893848064
569999614624927744
570000618707746816
570004899234074624
570008443626647552
570023318251642883
570023321904943105
570023530466840576
570037613899481088
570038498566283264
570038564110467074
570038580967383042
570053734639792129
570053736950685696
570065297568194560
570066554848743424
570066805810601985
570068649295241216
570068659193950208
570075866748694528
570083761582428160
570083898031513600
570086434410930176
570091216013955073
570114021854212096
570189507447775234
570192886689628160
570204649363341312
570204730745421826
570208992439312384
570210502955155456
570219815941615616
570225098189348864
570226104839090176
570234734942523393
570246490473566208
570247748286435328
570249806540451843
570249864841285632
570249871107723264
570252528245456897
570256052966395906
570257563003920384
570257564023128064
570258822297579520
570264106059624448
570264948548313088
570265133638942720
570280008557547520
570280225625362432
570281470507352064
570295174385016832
570295202616889345
570295207763316736
570295290063925249
570302358242115584
570304873620746240
570306133677760513
570307390752608257
567592368451248130
567698031081160704
567725125194493953
567728227465310208
567728229340172288
567728285174743041
567728357555437568
567728386014183424
567733177590874114
567733682879086592
567737962541375490
567738715657609216
567742238562975745
567752558207586304
567753815634370560
567758478371196928
567761113631449089
567765893355417601
567773445195583488
567773609939058688
567773611591626752
567773706707021824
567775456678912000
567776714303238144
567788578026311680
567791059393335297
567793072060276736
567808424696893440
567816475898310656
567818783616954369
567818953881419776
567818961716387840
567831075763003393
567833916196843520
567834021293596672
567845165781532672
567848437992984576
567849102731526144
567849200295124992
567855736665051136
567859008230563840
567864117047865344
567867311744380928
567879304593408001
567879331810246656
567880900358311936
567889710129029121
567894427244589056
567917894144770049
567939727023673344
567984939221852160
568011010029838336
568037433503145984
568045397408661504
568056811401703424
568066878192508928
568069392422051841
568075679008468992
568084495078785024
568092044964421632
568101606585020416
568103618500530176
568105722413649920
568105765442945024
568105844174397440
568151138421207040
568158732930191360
568166099184783360
568166195758829568
568166220706418688
568166268546748416
568177609281896449
568179117851578369
568181167054196736
568196466503770112
568204029517553665
568211517398786048
568256684642213888
568392783922372608
568422817601097728
568424482764931072
568436061959028736
568438000843034624
568438018572300289
568438094652956673
568447131431931904
568449649951907840
568451916319096832
568453042816868352
568457955223453696
568468054306193408
568483338257895424
568483386580439040
568489413262610433
568492682152189952
568498446216400896
568519360953716736
568528656584146944
568528678671360000
568531187481706496
568543722943614976
568550060461408257
568558728263254017
568558819959119872
568558887290441728
568567425106628609
568573889359556608
568588896218587137
568588931379253248
568588936852799488
568589019925368833
568589571929350144
568598882613133314
568604039430033408
568606685230555136
568619178363478018
568633361595412481
568634185155358720
568643928720850944
568649338005487618
568650724399321088
568662554047696896
568724832898162688
568755032138469376
568770125114929152
568775800599801856
568785393358905345
568796240319639552
568800246433775617
568800389903962112
568802225058926592
568803231335387137
568815310016548865
568815354388078593
568815514702770176
568818328132841472
568821349688471552
568828648687591424
568829652233428992
568829906584346624
568830466830151680
568830614289252352
568834182694240256
568845545986400256
568845552114405376
568845553104068609
568845724110213120
568855071322198016
568860857326637056
568865640569806848
568875453773168640
568878979576410112
568890960358166528
568891084107087872
568893072001646592
568895587900207104
568906176353554432
568921163901984768
568924781837455360
568931575980814336
568933083472220160
568941140415803393
568951377231114240
568951462413209601
568973348840943616
568981498046623744
568996536555851776
568996575617409026
568996669167181824
569011727532032001
569011846432366592
569011849976348672
569015379021795328
569091378438746112
569117360965193728
569169897906941952
569170903948500992
569175432702107648
569177868221202432
569177940027674624
569188266089381888
569192902922006528
569197579956842496
569206387483525120
569208051145650177
569208067243401217
569215950597201921
569224755426930689
569231300843970561
569232560330555393
569238148032671744
569238252676378627
569242876909109248
569250176369471489
569252439548952576
569253236093267969
569253270356664322
569253285015752704
569253311813185537
569253382898126850
569253414971899905
569253430100946944
569256468198924288
569268455314219008
569277352129138688
569283511192051712
569283532167757826
569291447377137664
569293965448458240
569298712247312384
569298744337788928
569303779822190593
569304030847090688
569304533140185088
569310070825226241
569313734566547456
569313760864632832
569328755409326080
569328773876871168
569328854948573187
569328931905642496
569336493224955904
569343882389016577
569343970360348672
569344036256903168
569353354545008640
569358953567670272
569358956549681152
569359025655181312
569359055937908736
569359647699812353
569374127187820545
569378015429447680
569404245142855680
569434598825992192
569439674294337536
569441937826164736
569444456660750337
569471635163643905
569479822226952192
569480693782339584
569489752732274688
569489753332191232
569492269000204288
569494878968811520
569494958006263809
569506361266085888
569512656274468864
569525116725567491
569525150263214080
569539834131443712
569540173408698369
569555395339018241
569555411998613505
569555413450027011
569555455963471872
569561225488678913
569566511184125952
569567144318365696
569570444027822081
569570477410275328
569576074050473984
569592177312923650
569596357381644289
569599978722746368
569600599588630529
569600694388445184
569600720254541824
569600757516914688
569600985007558656
569608282442047488
569615636869062659
569615644448186369
569615659333627904
569615736387325952
569615753885970432
569615855505387520
569616839761743872
569619861879590912
569626655527981058
569628922431873025
569630715698151424
569630837538361344
569630885450002432
569630959718551552
569634454924357632
569640998491578369
569645815268044801
569645836109418496
569646004254998528
569646005315973120
569646045656948737
569646535215939585
569649806202642432
569650813070483457
569661069913821184
569661113593425920
569661154638872576
569662896344592385
569667173544812546
569667675603009537
569668179758350336
569671200978436096
569675979284721665
569676138253049859
569676204728389632
569676217432977408
569676227981791232
569676250312249344
569678749056294913
569683278715883523
569683780593545218
569691079471050752
569691144897953793
569691155606183937
569694350831161344
569695357858238464
569698882797641728
569704164743376896
569706320212787200
569706336268611584
569709452594524160
569714230842302464
569721379823554562
569721410542645248
569721419849797632
569721972600528897
569726059937185793
569734868344684544
569736434803978240
569740152966238208
569747702981853185
569751515461603328
569766662024630272
569772113378217984
569772867774230528
569781926162145281
569786457998680064
569827206928715776
569827255653941248
569839559728439296
569842196045656064
569842257588846592
569842295387791361
569843082994315264
569843331930263552
569844088997949440
569857209745584129
569857331284078592
569857396899606528
569857415027564545
569857446371438592
569869506560069633
569870007368331264
569872363170373632
569872444590129152
569872455377879040
569876553196285952
569883848470859776
569887452384481280
569887533267611648
569887584861749250
569887654713499648
569895176631554049
569899203339657217
569902219602100225
569902743135117314
569911783596560384
569913796875161600
569914552382418944
569916061891633153
569917319381712896
569917692758630400
569917729022586880
569917765676601344
569917791228157952
569917824078090242
569918327767879680
569920090440916994
569920593597894657
569923360982900737
569924116335108096
569924117719199744
569929653730840577
569930406591664128
569932833709527041
569935692161134592
569946008840491008
569947518655721472
569947823426441216
569947823615012864
569957081811283968
569959601011068928
569961111086362625
569961866224652288
569962905493315585
569962943980285952
569963064495366145
569963097055604736
569972935227674624
569973945270546432
569978119530029056
569978187465166848
569978197284130817
569985270415818752
569989043456380928
569993176636739584
569993218730934273
569995335893848064
569999614624927744
570000618707746816
570004899234074624
570008443626647552
570023318251642883
570023321904943105
570023530466840576
570037613899481088
570038498566283264
570038564110467074
570038580967383042
570053734639792129
570053736950685696
570065297568194560
570066554848743424
570066805810601985
570068649295241216
570068659193950208
570075866748694528
570083761582428160
570083898031513600
570086434410930176
570091216013955073
570114021854212096
570189507447775234
570192886689628160
570204649363341312
570204730745421826
570208992439312384
570210502955155456
570219815941615616
570225098189348864
570226104839090176
570234734942523393
570246490473566208
570247748286435328
570249806540451843
570249864841285632
570249871107723264
570252528245456897
570256052966395906
570257563003920384
570257564023128064
570258822297579520
570264106059624448
570264948548313088
570265133638942720
570280008557547520
570280225625362432
570281470507352064
570295174385016832
570295202616889345
570295207763316736
570295290063925249
570302358242115584
570304873620746240
570306133677760513
570307390752608257
567592368451248130
567698031081160704
567725125194493953
567728227465310208
567728229340172288
567728285174743041
567728357555437568
567728386014183424
567733177590874114
567733682879086592
567737962541375490
567738715657609216
567742238562975745
567752558207586304
567753815634370560
567758478371196928
567761113631449089
567765893355417601
567773445195583488
567773609939058688
567773611591626752
567773706707021824
567775456678912000
567776714303238144
567788578026311680
567791059393335297
567793072060276736
567808424696893440
567816475898310656
567818783616954369
567818953881419776
567818961716387840
567831075763003393
567833916196843520
567834021293596672
567845165781532672
567848437992984576
567849102731526144
567849200295124992
567855736665051136
567859008230563840
567864117047865344
567867311744380928
567879304593408001
567879331810246656
567880900358311936
567889710129029121
567894427244589056
567917894144770049
567939727023673344
567984939221852160
568011010029838336
568037433503145984
568045397408661504
568056811401703424
568066878192508928
568069392422051841
568075679008468992
568084495078785024
568092044964421632
568101606585020416
568103618500530176
568105722413649920
568105765442945024
568105844174397440
568151138421207040
568158732930191360
568166099184783360
568166195758829568
568166220706418688
568166268546748416
568177609281896449
568179117851578369
568181167054196736
568196466503770112
568204029517553665
568211517398786048
568256684642213888
568392783922372608
568422817601097728
568424482764931072
568436061959028736
568438000843034624
568438018572300289
568438094652956673
568447131431931904
568449649951907840
568451916319096832
568453042816868352
568457955223453696
568468054306193408
568483338257895424
568483386580439040
568489413262610433
568492682152189952
568498446216400896
568519360953716736
568528656584146944
568528678671360000
568531187481706496
568543722943614976
568550060461408257
568558728263254017
568558819959119872
568558887290441728
568567425106628609
568573889359556608
568588896218587137
568588931379253248
568588936852799488
568589019925368833
568589571929350144
568598882613133314
568604039430033408
568606685230555136
568619178363478018
568633361595412481
568634185155358720
568643928720850944
568649338005487618
568650724399321088
568662554047696896
568724832898162688
568755032138469376
568770125114929152
568775800599801856
568785393358905345
568796240319639552
568800246433775617
568800389903962112
568802225058926592
568803231335387137
568815310016548865
568815354388078593
568815514702770176
568818328132841472
568821349688471552
568828648687591424
568829652233428992
568829906584346624
568830466830151680
568830614289252352
568834182694240256
568845545986400256
568845552114405376
568845553104068609
568845724110213120
568855071322198016
568860857326637056
568865640569806848
568875453773168640
568878979576410112
568890960358166528
568891084107087872
568893072001646592
568895587900207104
568906176353554432
568921163901984768
568924781837455360
568931575980814336
568933083472220160
568941140415803393
568951377231114240
568951462413209601
568973348840943616
568981498046623744
568996536555851776
568996575617409026
568996669167181824
569011727532032001
569011846432366592
569011849976348672
569015379021795328
569091378438746112
569117360965193728
569169897906941952
569170903948500992
569175432702107648
569177868221202432
569177940027674624
569188266089381888
569192902922006528
569197579956842496
569206387483525120
569208051145650177
569208067243401217
569215950597201921
569224755426930689
569231300843970561
569232560330555393
569238148032671744
569238252676378627
569242876909109248
569250176369471489
569252439548952576
569253236093267969
569253270356664322
569253285015752704
569253311813185537
569253382898126850
569253414971899905
569253430100946944
569256468198924288
569268455314219008
569277352129138688
569283511192051712
569283532167757826
569291447377137664
569293965448458240
569298712247312384
569298744337788928
569303779822190593
569304030847090688
569304533140185088
569310070825226241
569313734566547456
569313760864632832
569328755409326080
569328773876871168
569328854948573187
569328931905642496
569336493224955904
569343882389016577
569343970360348672
569344036256903168
569353354545008640
569358953567670272
569358956549681152
569359025655181312
569359055937908736
569359647699812353
569374127187820545
569378015429447680
569404245142855680
569434598825992192
569439674294337536
569441937826164736
569444456660750337
569471635163643905
569479822226952192
569480693782339584
569489752732274688
569489753332191232
569492269000204288
569494878968811520
569494958006263809
569506361266085888
569512656274468864
569525116725567491
569525150263214080
569539834131443712
569540173408698369
569555395339018241
569555411998613505
569555413450027011
569555455963471872
569561225488678913
569566511184125952
569567144318365696
569570444027822081
569570477410275328
569576074050473984
569592177312923650
569596357381644289
569599978722746368
569600599588630529
569600694388445184
569600720254541824
569600757516914688
569600985007558656
569608282442047488
569615636869062659
569615644448186369
569615659333627904
569615736387325952
569615753885970432
569615855505387520
569616839761743872
569619861879590912
569626655527981058
569628922431873025
569630715698151424
569630837538361344
569630885450002432
569630959718551552
569634454924357632
569640998491578369
569645815268044801
569645836109418496
569646004254998528
569646005315973120
569646045656948737
569646535215939585
569649806202642432
569650813070483457
569661069913821184
569661113593425920
569661154638872576
569662896344592385
569667173544812546
569667675603009537
569668179758350336
569671200978436096
569675979284721665
569676138253049859
569676204728389632
569676217432977408
569676227981791232
569676250312249344
569678749056294913
569683278715883523
569683780593545218
569691079471050752
569691144897953793
569691155606183937
569694350831161344
569695357858238464
569698882797641728
569704164743376896
569706320212787200
569706336268611584
569709452594524160
569714230842302464
569721379823554562
569721410542645248
569721419849797632
569721972600528897
569726059937185793
569734868344684544
569736434803978240
569740152966238208
569747702981853185
569751515461603328
569766662024630272
569772113378217984
569772867774230528
569781926162145281
569786457998680064
569827206928715776
569827255653941248
569839559728439296
569842196045656064
569842257588846592
569842295387791361
569843082994315264
569843331930263552
569844088997949440
569857209745584129
569857331284078592
569857396899606528
569857415027564545
569857446371438592
569869506560069633
569870007368331264
569872363170373632
569872444590129152
569872455377879040
569876553196285952
569883848470859776
569887452384481280
569887533267611648
569887584861749250
569887654713499648
569895176631554049
569899203339657217
569902219602100225
569902743135117314
569911783596560384
569913796875161600
569914552382418944
569916061891633153
569917319381712896
569917692758630400
569917729022586880
569917765676601344
569917791228157952
569917824078090242
569918327767879680
569920090440916994
569920593597894657
569923360982900737
569924116335108096
569924117719199744
569929653730840577
569930406591664128
569932833709527041
569935692161134592
569946008840491008
569947518655721472
569947823426441216
569947823615012864
569957081811283968
569959601011068928
569961111086362625
569961866224652288
569962905493315585
569962943980285952
569963064495366145
569963097055604736
569972935227674624
569973945270546432
569978119530029056
569978187465166848
569978197284130817
569985270415818752
569989043456380928
569993176636739584
569993218730934273
569995335893848064
569999614624927744
570000618707746816
570004899234074624
570008443626647552
570023318251642883
570023321904943105
570023530466840576
570037613899481088
570038498566283264
570038564110467074
570038580967383042
570053734639792129
570053736950685696
570065297568194560
570066554848743424
570066805810601985
570068649295241216
570068659193950208
570075866748694528
570083761582428160
570083898031513600
570086434410930176
570091216013955073
570114021854212096
570189507447775234
570192886689628160
570204649363341312
570204730745421826
570208992439312384
570210502955155456
570219815941615616
570225098189348864
570226104839090176
570234734942523393
570246490473566208
570247748286435328
570249806540451843
570249864841285632
570249871107723264
570252528245456897
570256052966395906
570257563003920384
570257564023128064
570258822297579520
570264106059624448
570264948548313088
570265133638942720
570280008557547520
570280225625362432
570281470507352064
570295174385016832
570295202616889345
570295207763316736
570295290063925249
570302358242115584
570304873620746240
570306133677760513
570307390752608257
567592368451248130
567698031081160704
567725125194493953
567728227465310208
567728229340172288
567728285174743041
567728357555437568
567728386014183424
567733177590874114
567733682879086592
567737962541375490
567738715657609216
567742238562975745
567752558207586304
567753815634370560
567758478371196928
567761113631449089
567765893355417601
567773445195583488
567773609939058688
567773611591626752
567773706707021824
567775456678912000
567776714303238144
567788578026311680
567791059393335297
567793072060276736
567808424696893440
567816475898310656
567818783616954369
567818953881419776
567818961716387840
567831075763003393
567833916196843520
567834021293596672
567845165781532672
567848437992984576
567849102731526144
567849200295124992
567855736665051136
567859008230563840
567864117047865344
567867311744380928
567879304593408001
567879331810246656
567880900358311936
567889710129029121
567894427244589056
567917894144770049
567939727023673344
567984939221852160
568011010029838336
568037433503145984
568045397408661504
568056811401703424
568066878192508928
568069392422051841
568075679008468992
568084495078785024
568092044964421632
568101606585020416
568103618500530176
568105722413649920
568105765442945024
568105844174397440
568151138421207040
568158732930191360
568166099184783360
568166195758829568
568166220706418688
568166268546748416
568177609281896449
568179117851578369
568181167054196736
568196466503770112
568204029517553665
568211517398786048
568256684642213888
568392783922372608
568422817601097728
568424482764931072
568436061959028736
568438000843034624
568438018572300289
568438094652956673
568447131431931904
568449649951907840
568451916319096832
568453042816868352
568457955223453696
568468054306193408
568483338257895424
568483386580439040
568489413262610433
568492682152189952
568498446216400896
568519360953716736
568528656584146944
568528678671360000
568531187481706496
568543722943614976
568550060461408257
568558728263254017
568558819959119872
568558887290441728
568567425106628609
568573889359556608
568588896218587137
568588931379253248
568588936852799488
568589019925368833
568589571929350144
568598882613133314
568604039430033408
568606685230555136
568619178363478018
568633361595412481
568634185155358720
568643928720850944
568649338005487618
568650724399321088
568662554047696896
568724832898162688
568755032138469376
568770125114929152
568775800599801856
568785393358905345
568796240319639552
568800246433775617
568800389903962112
568802225058926592
568803231335387137
568815310016548865
568815354388078593
568815514702770176
568818328132841472
568821349688471552
568828648687591424
568829652233428992
568829906584346624
568830466830151680
568830614289252352
568834182694240256
568845545986400256
568845552114405376
568845553104068609
568845724110213120
568855071322198016
568860857326637056
568865640569806848
568875453773168640
568878979576410112
568890960358166528
568891084107087872
568893072001646592
568895587900207104
568906176353554432
568921163901984768
568924781837455360
568931575980814336
568933083472220160
568941140415803393
568951377231114240
568951462413209601
568973348840943616
568981498046623744
568996536555851776
568996575617409026
568996669167181824
569011727532032001
569011846432366592
569011849976348672
569015379021795328
569091378438746112
569117360965193728
569169897906941952
569170903948500992
569175432702107648
569177868221202432
569177940027674624
569188266089381888
569192902922006528
569197579956842496
569206387483525120
569208051145650177
569208067243401217
569215950597201921
569224755426930689
569231300843970561
569232560330555393
569238148032671744
569238252676378627
569242876909109248
569250176369471489
569252439548952576
569253236093267969
569253270356664322
569253285015752704
569253311813185537
569253382898126850
569253414971899905
569253430100946944
569256468198924288
569268455314219008
569277352129138688
569283511192051712
569283532167757826
569291447377137664
569293965448458240
569298712247312384
569298744337788928
569303779822190593
569304030847090688
569304533140185088
569310070825226241
569313734566547456
569313760864632832
569328755409326080
569328773876871168
569328854948573187
569328931905642496
569336493224955904
569343882389016577
569343970360348672
569344036256903168
569353354545008640
569358953567670272
569358956549681152
569359025655181312
569359055937908736
569359647699812353
569374127187820545
569378015429447680
569404245142855680
569434598825992192
569439674294337536
569441937826164736
569444456660750337
569471635163643905
569479822226952192
569480693782339584
569489752732274688
569489753332191232
569492269000204288
569494878968811520
569494958006263809
569506361266085888
569512656274468864
569525116725567491
569525150263214080
569539834131443712
569540173408698369
569555395339018241
569555411998613505
569555413450027011
569555455963471872
569561225488678913
569566511184125952
569567144318365696
569570444027822081
569570477410275328
569576074050473984
569592177312923650
569596357381644289
569599978722746368
569600599588630529
569600694388445184
569600720254541824
569600757516914688
569600985007558656
569608282442047488
569615636869062659
569615644448186369
569615659333627904
569615736387325952
569615753885970432
569615855505387520
569616839761743872
569619861879590912
569626655527981058
569628922431873025
569630715698151424
569630837538361344
569630885450002432
569630959718551552
569634454924357632
569640998491578369
569645815268044801
569645836109418496
569646004254998528
569646005315973120
569646045656948737
569646535215939585
569649806202642432
569650813070483457
569661069913821184
569661113593425920
569661154638872576
569662896344592385
569667173544812546
569667675603009537
569668179758350336
569671200978436096
569675979284721665
569676138253049859
569676204728389632
569676217432977408
569676227981791232
569676250312249344
569678749056294913
569683278715883523
569683780593545218
569691079471050752
569691144897953793
569691155606183937
569694350831161344
569695357858238464
569698882797641728
569704164743376896
569706320212787200
569706336268611584
569709452594524160
569714230842302464
569721379823554562
569721410542645248
569721419849797632
569721972600528897
569726059937185793
569734868344684544
569736434803978240
569740152966238208
569747702981853185
569751515461603328
569766662024630272
569772113378217984
569772867774230528
569781926162145281
569786457998680064
569827206928715776
569827255653941248
569839559728439296
569842196045656064
569842257588846592
569842295387791361
569843082994315264
569843331930263552
569844088997949440
569857209745584129
569857331284078592
569857396899606528
569857415027564545
569857446371438592
569869506560069633
569870007368331264
569872363170373632
569872444590129152
569872455377879040
569876553196285952
569883848470859776
569887452384481280
569887533267611648
569887584861749250
569887654713499648
569895176631554049
569899203339657217
569902219602100225
569902743135117314
569911783596560384
569913796875161600
569914552382418944
569916061891633153
569917319381712896
569917692758630400
569917729022586880
569917765676601344
569917791228157952
569917824078090242
569918327767879680
569920090440916994
569920593597894657
569923360982900737
569924116335108096
569924117719199744
569929653730840577
569930406591664128
569932833709527041
569935692161134592
569946008840491008
569947518655721472
569947823426441216
569947823615012864
569957081811283968
569959601011068928
569961111086362625
569961866224652288
569962905493315585
569962943980285952
569963064495366145
569963097055604736
569972935227674624
569973945270546432
569978119530029056
569978187465166848
569978197284130817
569985270415818752
569989043456380928
569993176636739584
569993218730934273
569995335893848064
569999614624927744
570000618707746816
570004899234074624
570008443626647552
570023318251642883
570023321904943105
570023530466840576
570037613899481088
570038498566283264
570038564110467074
570038580967383042
570053734639792129
570053736950685696
570065297568194560
570066554848743424
570066805810601985
570068649295241216
570068659193950208
570075866748694528
570083761582428160
570083898031513600
570086434410930176
570091216013955073
570114021854212096
570189507447775234
570192886689628160
570204649363341312
570204730745421826
570208992439312384
570210502955155456
570219815941615616
570225098189348864
570226104839090176
570234734942523393
570246490473566208
570247748286435328
570249806540451843
570249864841285632
570249871107723264
570252528245456897
570256052966395906
570257563003920384
570257564023128064
570258822297579520
570264106059624448
570264948548313088
570265133638942720
570280008557547520
570280225625362432
570281470507352064
570295174385016832
570295202616889345
570295207763316736
570295290063925249
570302358242115584
570304873620746240
570306133677760513
570307390752608257
