567717415367090176
567754165904887810
567775864679456768
568087789004300288
568129940371214336
568175282919739392
568769725175435264
568929935273930752
568963192489029632
568979198007595008
569162600237236224
569363188120207360
569418497694035969
569491295766343681
569625848334000128
569660501526859776
569680398185312256
569689370988408832
569701004188508161
567717415367090176
567754165904887810
567775864679456768
568087789004300288
568129940371214336
568175282919739392
568769725175435264
568929935273930752
568963192489029632
568979198007595008
569162600237236224
569363188120207360
569418497694035969
569491295766343681
569625848334000128
569660501526859776
569680398185312256
569689370988408832
569701004188508161
567717415367090176
567754165904887810
567775864679456768
568087789004300288
568129940371214336
568175282919739392
568769725175435264
568929935273930752
568963192489029632
568979198007595008
569162600237236224
569363188120207360
569418497694035969
569491295766343681
569625848334000128
569660501526859776
569680398185312256
569689370988408832
569701004188508161
569855106583281664
569873968175259650
570028125024706561
570217450874146818
570231192102019072
