568167917004718080
568536634058084352
568938647795314688
569237160886276096
569243017552375809
569347125575725057
569593694963310593
569618750946873344
569666011147821057
569669059941261312
569674104913014784
569683334311366656
569784699117137920
568167917004718080
568536634058084352
568938647795314688
569237160886276096
569243017552375809
569347125575725057
569593694963310593
569618750946873344
569666011147821057
569669059941261312
569674104913014784
569683334311366656
569784699117137920
568167917004718080
568536634058084352
568938647795314688
569237160886276096
569243017552375809
569347125575725057
569593694963310593
569618750946873344
569666011147821057
569669059941261312
569674104913014784
569683334311366656
569784699117137920
569895406869483520
570108801711341568
570239952975482881
