568194744574214144
568818335200223232
569164042679377921
569490420356374528
569780939280093185
568194744574214144
568818335200223232
569164042679377921
569490420356374528
569780939280093185
568194744574214144
568818335200223232
569164042679377921
569490420356374528
569780939280093185
569980963926765568
569992815624781824
568194744574214144
568818335200223232
569164042679377921
569490420356374528
569780939280093185
569980963926765568
569992815624781824
568194744574214144
568818335200223232
569164042679377921
569490420356374528
569780939280093185
569980963926765568
569992815624781824
568194744574214144
568818335200223232
569164042679377921
569490420356374528
569780939280093185
569980963926765568
569992815624781824
568194744574214144
568818335200223232
569164042679377921
569490420356374528
569780939280093185
569980963926765568
569992815624781824
568194744574214144
568818335200223232
569164042679377921
569490420356374528
569780939280093185
569980963926765568
569992815624781824
