567713896627470336
567764858817773570
567782794261438466
567805714216792064
567816651900583936
567871783107452930
567875699056467968
568062811856703489
568069616003629057
568118981170606080
568170405552205824
568189949415170048
568196466503770112
568203124760055808
568273152456810496
568440587411726336
568466370205237248
568484039499378690
568520126095441920
568538872637816832
568579388704292864
568587424747511808
568594180014014464
568611276026351618
568613712858198016
568614750508036096
568787831436345344
568823689422053376
568828957002493953
568833608460283904
568883981371846656
568885971913023488
568899252149035008
568927727627202560
568947922731028480
568999888043638785
569017837576069120
569017927803932672
569018352464588800
569030858759213056
569087906851135488
569135011322064897
569149666027294720
569163885393154048
569199524629110784
569236665950203904
569237160886276096
569247769166266368
569248000456970240
569323082701275138
569392471966388224
569470268474683393
569487121897033728
569492208203776000
569502050536587264
569529020892651521
569541879441858560
569545323657494528
569558286216929280
569559370104639488
569587140490866689
569600989055086592
569620598307074048
569623415767871489
569625606536732672
569628242044428288
569634229627297793
569644249337110528
569651320736522240
569659173044129792
569666470482804737
569666838340210689
569666866932813824
569669991450185728
569670081946333184
569676933778292736
569682667362344960
569686237478572032
569701178054811648
569705212274995201
569714541178679296
569727036627034112
569744378354401280
569747702981853185
567713896627470336
567764858817773570
567782794261438466
567805714216792064
567816651900583936
567871783107452930
567875699056467968
568062811856703489
568069616003629057
568118981170606080
568170405552205824
568189949415170048
568196466503770112
568203124760055808
568273152456810496
568440587411726336
568466370205237248
568484039499378690
568520126095441920
568538872637816832
568579388704292864
568587424747511808
568594180014014464
568611276026351618
568613712858198016
568614750508036096
568787831436345344
568823689422053376
568828957002493953
568833608460283904
568883981371846656
568885971913023488
568899252149035008
568927727627202560
568947922731028480
568999888043638785
569017837576069120
569017927803932672
569018352464588800
569030858759213056
569087906851135488
569135011322064897
569149666027294720
569163885393154048
569199524629110784
569236665950203904
569237160886276096
569247769166266368
569248000456970240
569323082701275138
569392471966388224
569470268474683393
569487121897033728
569492208203776000
569502050536587264
569529020892651521
569541879441858560
569545323657494528
569558286216929280
569559370104639488
569587140490866689
569600989055086592
569620598307074048
569623415767871489
569625606536732672
569628242044428288
569634229627297793
569644249337110528
569651320736522240
569659173044129792
569666470482804737
569666838340210689
569666866932813824
569669991450185728
569670081946333184
569676933778292736
569682667362344960
569686237478572032
569701178054811648
569705212274995201
569714541178679296
569727036627034112
569744378354401280
569747702981853185
569828681297870848
569837381261533185
569837686367744000
569839807787958273
567713896627470336
567764858817773570
567782794261438466
567805714216792064
567816651900583936
567871783107452930
567875699056467968
568062811856703489
568069616003629057
568118981170606080
568170405552205824
568189949415170048
568196466503770112
568203124760055808
568273152456810496
568440587411726336
568466370205237248
568484039499378690
568520126095441920
568538872637816832
568579388704292864
568587424747511808
568594180014014464
568611276026351618
568613712858198016
568614750508036096
568787831436345344
568823689422053376
568828957002493953
568833608460283904
568883981371846656
568885971913023488
568899252149035008
568927727627202560
568947922731028480
568999888043638785
569017837576069120
569017927803932672
569018352464588800
569030858759213056
569087906851135488
569135011322064897
569149666027294720
569163885393154048
569199524629110784
569236665950203904
569237160886276096
569247769166266368
569248000456970240
569323082701275138
569392471966388224
569470268474683393
569487121897033728
569492208203776000
569502050536587264
569529020892651521
569541879441858560
569545323657494528
569558286216929280
569559370104639488
569587140490866689
569600989055086592
569620598307074048
569623415767871489
569625606536732672
569628242044428288
569634229627297793
569644249337110528
569651320736522240
569659173044129792
569666470482804737
569666838340210689
569666866932813824
569669991450185728
569670081946333184
569676933778292736
569682667362344960
569686237478572032
569701178054811648
569705212274995201
569714541178679296
569727036627034112
569744378354401280
569747702981853185
569828681297870848
569837381261533185
569837686367744000
569839807787958273
569866461172387841
569870130169163776
569879100971753472
569883376041250816
569897334760448000
569907773309214721
569914468404035584
569919703054991361
569956115724660736
569958224968982528
570063683256242177
570090251122663425
570101670882840576
570110386827087872
570203943671865345
570208909522182146
570218339118800896
570226870119215104
570235676916117504
570238126611963905
570257258275164160
570271644473622528
570271904508092416
570283309093113856
570283453750489088
570290220589027328
570298455068971008
