567728229340172288
567748863449395201
567797906977083392
567820352329523200
567872411418247169
568034808598810625
568482412990218241
568484161356476416
568527764812374016
568602015456215040
568821349688471552
568877748967444480
569016588411789312
569114239996076032
569224234150404096
569226128168062976
569235954789015552
569336252597731329
569488962324172801
569519007965061121
569522534724403201
569525690950815745
569538649110548480
569542427758866433
569591540944756737
569591700416393216
569610485101768704
569618327078887424
569664265218600960
569667821455708160
569671617674022912
569672974657146880
569673434721951744
569673709520158720
569673764562010112
569680231012773888
569692835907129345
569695794598531072
569700252321755137
569702495926267905
569724545738760192
569728440758181889
569730861593010176
567728229340172288
567748863449395201
567797906977083392
567820352329523200
567872411418247169
568034808598810625
568482412990218241
568484161356476416
568527764812374016
568602015456215040
568821349688471552
568877748967444480
569016588411789312
569114239996076032
569224234150404096
569226128168062976
569235954789015552
569336252597731329
569488962324172801
569519007965061121
569522534724403201
569525690950815745
569538649110548480
569542427758866433
569591540944756737
569591700416393216
569610485101768704
569618327078887424
569664265218600960
569667821455708160
569671617674022912
569672974657146880
569673434721951744
569673709520158720
569673764562010112
569680231012773888
569692835907129345
569695794598531072
569700252321755137
569702495926267905
569724545738760192
569728440758181889
569730861593010176
569832733226110976
567728229340172288
567748863449395201
567797906977083392
567820352329523200
567872411418247169
568034808598810625
568482412990218241
568484161356476416
568527764812374016
568602015456215040
568821349688471552
568877748967444480
569016588411789312
569114239996076032
569224234150404096
569226128168062976
569235954789015552
569336252597731329
569488962324172801
569519007965061121
569522534724403201
569525690950815745
569538649110548480
569542427758866433
569591540944756737
569591700416393216
569610485101768704
569618327078887424
569664265218600960
569667821455708160
569671617674022912
569672974657146880
569673434721951744
569673709520158720
569673764562010112
569680231012773888
569692835907129345
569695794598531072
569700252321755137
569702495926267905
569724545738760192
569728440758181889
569730861593010176
569832733226110976
569854540494868481
569862767236255744
569867943888056320
569891568074797056
569915269767757824
569920773105840128
569929141962698752
569939736782962688
569947001456070656
569950510981083136
569973034880098304
569994134997610496
570054574389788672
570106900970221568
570224719011704832
570272997052805120
570274417546113025
570275106724782080
570298679250305024
567728229340172288
567748863449395201
567797906977083392
567820352329523200
567872411418247169
568034808598810625
568482412990218241
568484161356476416
568527764812374016
568602015456215040
568821349688471552
568877748967444480
569016588411789312
569114239996076032
569224234150404096
569226128168062976
569235954789015552
569336252597731329
569488962324172801
569519007965061121
569522534724403201
569525690950815745
569538649110548480
569542427758866433
569591540944756737
569591700416393216
569610485101768704
569618327078887424
569664265218600960
569667821455708160
569671617674022912
569672974657146880
569673434721951744
569673709520158720
569673764562010112
569680231012773888
569692835907129345
569695794598531072
569700252321755137
569702495926267905
569724545738760192
569728440758181889
569730861593010176
569832733226110976
569854540494868481
569862767236255744
569867943888056320
569891568074797056
569915269767757824
569920773105840128
569929141962698752
569939736782962688
569947001456070656
569950510981083136
569973034880098304
569994134997610496
570054574389788672
570106900970221568
570224719011704832
570272997052805120
570274417546113025
570275106724782080
570298679250305024
567728229340172288
567748863449395201
567797906977083392
567820352329523200
567872411418247169
568034808598810625
568482412990218241
568484161356476416
568527764812374016
568602015456215040
568821349688471552
568877748967444480
569016588411789312
569114239996076032
569224234150404096
569226128168062976
569235954789015552
569336252597731329
569488962324172801
569519007965061121
569522534724403201
569525690950815745
569538649110548480
569542427758866433
569591540944756737
569591700416393216
569610485101768704
569618327078887424
569664265218600960
569667821455708160
569671617674022912
569672974657146880
569673434721951744
569673709520158720
569673764562010112
569680231012773888
569692835907129345
569695794598531072
569700252321755137
569702495926267905
569724545738760192
569728440758181889
569730861593010176
569832733226110976
569854540494868481
569862767236255744
569867943888056320
569891568074797056
569915269767757824
569920773105840128
569929141962698752
569939736782962688
569947001456070656
569950510981083136
569973034880098304
569994134997610496
570054574389788672
570106900970221568
570224719011704832
570272997052805120
570274417546113025
570275106724782080
570298679250305024
567728229340172288
567748863449395201
567797906977083392
567820352329523200
567872411418247169
568034808598810625
568482412990218241
568484161356476416
568527764812374016
568602015456215040
568821349688471552
568877748967444480
569016588411789312
569114239996076032
569224234150404096
569226128168062976
569235954789015552
569336252597731329
569488962324172801
569519007965061121
569522534724403201
569525690950815745
569538649110548480
569542427758866433
569591540944756737
569591700416393216
569610485101768704
569618327078887424
569664265218600960
569667821455708160
569671617674022912
569672974657146880
569673434721951744
569673709520158720
569673764562010112
569680231012773888
569692835907129345
569695794598531072
569700252321755137
569702495926267905
569724545738760192
569728440758181889
569730861593010176
569832733226110976
569854540494868481
569862767236255744
569867943888056320
569891568074797056
569915269767757824
569920773105840128
569929141962698752
569939736782962688
569947001456070656
569950510981083136
569973034880098304
569994134997610496
570054574389788672
570106900970221568
570224719011704832
570272997052805120
570274417546113025
570275106724782080
570298679250305024
567728229340172288
567748863449395201
567797906977083392
567820352329523200
567872411418247169
568034808598810625
568482412990218241
568484161356476416
568527764812374016
568602015456215040
568821349688471552
568877748967444480
569016588411789312
569114239996076032
569224234150404096
569226128168062976
569235954789015552
569336252597731329
569488962324172801
569519007965061121
569522534724403201
569525690950815745
569538649110548480
569542427758866433
569591540944756737
569591700416393216
569610485101768704
569618327078887424
569664265218600960
569667821455708160
569671617674022912
569672974657146880
569673434721951744
569673709520158720
569673764562010112
569680231012773888
569692835907129345
569695794598531072
569700252321755137
569702495926267905
569724545738760192
569728440758181889
569730861593010176
569832733226110976
569854540494868481
569862767236255744
569867943888056320
569891568074797056
569915269767757824
569920773105840128
569929141962698752
569939736782962688
569947001456070656
569950510981083136
569973034880098304
569994134997610496
570054574389788672
570106900970221568
570224719011704832
570272997052805120
570274417546113025
570275106724782080
570298679250305024
567728229340172288
567748863449395201
567797906977083392
567820352329523200
567872411418247169
568034808598810625
568482412990218241
568484161356476416
568527764812374016
568602015456215040
568821349688471552
568877748967444480
569016588411789312
569114239996076032
569224234150404096
569226128168062976
569235954789015552
569336252597731329
569488962324172801
569519007965061121
569522534724403201
569525690950815745
569538649110548480
569542427758866433
569591540944756737
569591700416393216
569610485101768704
569618327078887424
569664265218600960
569667821455708160
569671617674022912
569672974657146880
569673434721951744
569673709520158720
569673764562010112
569680231012773888
569692835907129345
569695794598531072
569700252321755137
569702495926267905
569724545738760192
569728440758181889
569730861593010176
569832733226110976
569854540494868481
569862767236255744
569867943888056320
569891568074797056
569915269767757824
569920773105840128
569929141962698752
569939736782962688
569947001456070656
569950510981083136
569973034880098304
569994134997610496
570054574389788672
570106900970221568
570224719011704832
570272997052805120
570274417546113025
570275106724782080
570298679250305024
