568198666613338112
569336493224955904
569339928678522880
569665692770967552
569692936880791552
569791792029151232
568198666613338112
569336493224955904
569339928678522880
569665692770967552
569692936880791552
569791792029151232
568198666613338112
569336493224955904
569339928678522880
569665692770967552
569692936880791552
569791792029151232
569959365236690945
569977263191662595
568198666613338112
569336493224955904
569339928678522880
569665692770967552
569692936880791552
569791792029151232
569959365236690945
569977263191662595
568198666613338112
569336493224955904
569339928678522880
569665692770967552
569692936880791552
569791792029151232
569959365236690945
569977263191662595
568198666613338112
569336493224955904
569339928678522880
569665692770967552
569692936880791552
569791792029151232
569959365236690945
569977263191662595
568198666613338112
569336493224955904
569339928678522880
569665692770967552
569692936880791552
569791792029151232
569959365236690945
569977263191662595
568198666613338112
569336493224955904
569339928678522880
569665692770967552
569692936880791552
569791792029151232
569959365236690945
569977263191662595
