567739625465077761
567755542362591233
567777187265515521
567778236026077185
568135421445545984
568166478572204032
568196150718824448
568200350697717760
568225310753353728
568246970126438400
568480213123919874
568491593512198144
568494962880475137
568521303956656128
568527605063757824
568552167122055168
568790903776636928
568805448696115200
568824537338417154
568828064152424448
568853321659736064
568857663171366912
568902192364548097
569013921660731393
569102942088900608
569149358802759680
569263677234388993
569496068255195137
569591393540288512
569592590632247297
569593810390425600
569594712337854464
569597072350978048
569597962659110913
569599379893575680
569600989055086592
569601264679559168
569601363799359488
569602069335838720
569605452230754305
569605602961281024
569605935280336896
569606135960858624
569609326253502465
569613611510960128
569615855505387520
569617807916322817
569618972535959552
569628431236911104
569630593924911104
569631293429821440
569636447956930561
569639529805688832
569642200595898368
569644759024852992
569650813070483457
569651021175267332
569651226280751105
569655141890170880
569658322413965312
569660666014859264
569661233923629056
569662471213948928
569665707870285824
569666042672369665
569670155132907520
569670559300239360
569671368788172800
569674725623926784
569675178227081216
569676333766328320
569676336635236352
569676612851134464
569678065422311424
569678349846450177
569682010270101504
569690272830922752
569693592597323776
569698519742861312
569698856037789696
569699455919726593
569701122899775488
569710446112067584
569713244320837633
569715552702345216
569716576850731008
569720366198759424
569721379823554562
569728283568418816
569732355067244545
569733719256272896
569740392372895745
569753036014247936
569753555181006848
569753971406999552
569763959240200193
569770867841839104
569775795452792833
569788202174713856
569801344988680192
569814855349346304
567739625465077761
567755542362591233
567777187265515521
567778236026077185
568135421445545984
568166478572204032
568196150718824448
568200350697717760
568225310753353728
568246970126438400
568480213123919874
568491593512198144
568494962880475137
568521303956656128
568527605063757824
568552167122055168
568790903776636928
568805448696115200
568824537338417154
568828064152424448
568853321659736064
568857663171366912
568902192364548097
569013921660731393
569102942088900608
569149358802759680
569263677234388993
569496068255195137
569591393540288512
569592590632247297
569593810390425600
569594712337854464
569597072350978048
569597962659110913
569599379893575680
569600989055086592
569601264679559168
569601363799359488
569602069335838720
569605452230754305
569605602961281024
569605935280336896
569606135960858624
569609326253502465
569613611510960128
569615855505387520
569617807916322817
569618972535959552
569628431236911104
569630593924911104
569631293429821440
569636447956930561
569639529805688832
569642200595898368
569644759024852992
569650813070483457
569651021175267332
569651226280751105
569655141890170880
569658322413965312
569660666014859264
569661233923629056
569662471213948928
569665707870285824
569666042672369665
569670155132907520
569670559300239360
569671368788172800
569674725623926784
569675178227081216
569676333766328320
569676336635236352
569676612851134464
569678065422311424
569678349846450177
569682010270101504
569690272830922752
569693592597323776
569698519742861312
569698856037789696
569699455919726593
569701122899775488
569710446112067584
569713244320837633
569715552702345216
569716576850731008
569720366198759424
569721379823554562
569728283568418816
569732355067244545
569733719256272896
569740392372895745
569753036014247936
569753555181006848
569753971406999552
569763959240200193
569770867841839104
569775795452792833
569788202174713856
569801344988680192
569814855349346304
569821862873726976
569830069746712576
569843331930263552
567739625465077761
567755542362591233
567777187265515521
567778236026077185
568135421445545984
568166478572204032
568196150718824448
568200350697717760
568225310753353728
568246970126438400
568480213123919874
568491593512198144
568494962880475137
568521303956656128
568527605063757824
568552167122055168
568790903776636928
568805448696115200
568824537338417154
568828064152424448
568853321659736064
568857663171366912
568902192364548097
569013921660731393
569102942088900608
569149358802759680
569263677234388993
569496068255195137
569591393540288512
569592590632247297
569593810390425600
569594712337854464
569597072350978048
569597962659110913
569599379893575680
569600989055086592
569601264679559168
569601363799359488
569602069335838720
569605452230754305
569605602961281024
569605935280336896
569606135960858624
569609326253502465
569613611510960128
569615855505387520
569617807916322817
569618972535959552
569628431236911104
569630593924911104
569631293429821440
569636447956930561
569639529805688832
569642200595898368
569644759024852992
569650813070483457
569651021175267332
569651226280751105
569655141890170880
569658322413965312
569660666014859264
569661233923629056
569662471213948928
569665707870285824
569666042672369665
569670155132907520
569670559300239360
569671368788172800
569674725623926784
569675178227081216
569676333766328320
569676336635236352
569676612851134464
569678065422311424
569678349846450177
569682010270101504
569690272830922752
569693592597323776
569698519742861312
569698856037789696
569699455919726593
569701122899775488
569710446112067584
569713244320837633
569715552702345216
569716576850731008
569720366198759424
569721379823554562
569728283568418816
569732355067244545
569733719256272896
569740392372895745
569753036014247936
569753555181006848
569753971406999552
569763959240200193
569770867841839104
569775795452792833
569788202174713856
569801344988680192
569814855349346304
569821862873726976
569830069746712576
569843331930263552
569852657327738880
569854492126146560
569857209745584129
569871411843461121
569881453842042880
569889440753172481
569890859526823936
569900705852608513
569905773276307457
569908805724712961
569910335353851904
569910395667935232
569917869296758784
569918774788419584
569920618843521024
569921142971969537
569924772349538304
569929944291127296
569932833709527041
569933008217755648
569934354241212417
569935135895883776
569936251551232000
569937987619803136
569942287318458369
569945073611374592
569945386569363456
569963767066271744
569964162979221504
569964670531973120
569967045544005632
569968904409214976
569972777593262080
569972935227674624
569975175321653248
569975650691330048
569976030708047872
569978312157589504
569998120999759872
570000777768345600
570009129579900928
570011304221667328
570019099268358144
570024409630515202
570037613899481088
570044428678778880
570056289419526145
570066226233417728
570073396152676352
570080608996556800
570082289939406848
570083021099032576
570088310334484480
570145106415771648
570166071640133632
570167726972538880
570175858469515264
570181406787301378
570188794730848256
570189507447775234
570192183766196224
570195444300718080
570196895383080960
570220301465681921
570224421194964992
570232487454113792
570235209783717889
570239376283676672
570248011621609472
570255853296746496
570257336465387521
570264682541522944
570266460003508225
570273819287531520
570275536406253568
570276245960835073
570280776849346561
570281010606120960
570282469791911936
570290552169734144
570295174385016832
570298644475346945
570299252141903873
570306867878072320
570307109218340865
570307390752608257
570307434113310720
567739625465077761
567755542362591233
567777187265515521
567778236026077185
568135421445545984
568166478572204032
568196150718824448
568200350697717760
568225310753353728
568246970126438400
568480213123919874
568491593512198144
568494962880475137
568521303956656128
568527605063757824
568552167122055168
568790903776636928
568805448696115200
568824537338417154
568828064152424448
568853321659736064
568857663171366912
568902192364548097
569013921660731393
569102942088900608
569149358802759680
569263677234388993
569496068255195137
569591393540288512
569592590632247297
569593810390425600
569594712337854464
569597072350978048
569597962659110913
569599379893575680
569600989055086592
569601264679559168
569601363799359488
569602069335838720
569605452230754305
569605602961281024
569605935280336896
569606135960858624
569609326253502465
569613611510960128
569615855505387520
569617807916322817
569618972535959552
569628431236911104
569630593924911104
569631293429821440
569636447956930561
569639529805688832
569642200595898368
569644759024852992
569650813070483457
569651021175267332
569651226280751105
569655141890170880
569658322413965312
569660666014859264
569661233923629056
569662471213948928
569665707870285824
569666042672369665
569670155132907520
569670559300239360
569671368788172800
569674725623926784
569675178227081216
569676333766328320
569676336635236352
569676612851134464
569678065422311424
569678349846450177
569682010270101504
569690272830922752
569693592597323776
569698519742861312
569698856037789696
569699455919726593
569701122899775488
569710446112067584
569713244320837633
569715552702345216
569716576850731008
569720366198759424
569721379823554562
569728283568418816
569732355067244545
569733719256272896
569740392372895745
569753036014247936
569753555181006848
569753971406999552
569763959240200193
569770867841839104
569775795452792833
569788202174713856
569801344988680192
569814855349346304
569821862873726976
569830069746712576
569843331930263552
569852657327738880
569854492126146560
569857209745584129
569871411843461121
569881453842042880
569889440753172481
569890859526823936
569900705852608513
569905773276307457
569908805724712961
569910335353851904
569910395667935232
569917869296758784
569918774788419584
569920618843521024
569921142971969537
569924772349538304
569929944291127296
569932833709527041
569933008217755648
569934354241212417
569935135895883776
569936251551232000
569937987619803136
569942287318458369
569945073611374592
569945386569363456
569963767066271744
569964162979221504
569964670531973120
569967045544005632
569968904409214976
569972777593262080
569972935227674624
569975175321653248
569975650691330048
569976030708047872
569978312157589504
569998120999759872
570000777768345600
570009129579900928
570011304221667328
570019099268358144
570024409630515202
570037613899481088
570044428678778880
570056289419526145
570066226233417728
570073396152676352
570080608996556800
570082289939406848
570083021099032576
570088310334484480
570145106415771648
570166071640133632
570167726972538880
570175858469515264
570181406787301378
570188794730848256
570189507447775234
570192183766196224
570195444300718080
570196895383080960
570220301465681921
570224421194964992
570232487454113792
570235209783717889
570239376283676672
570248011621609472
570255853296746496
570257336465387521
570264682541522944
570266460003508225
570273819287531520
570275536406253568
570276245960835073
570280776849346561
570281010606120960
570282469791911936
570290552169734144
570295174385016832
570298644475346945
570299252141903873
570306867878072320
570307109218340865
570307390752608257
570307434113310720
567739625465077761
567755542362591233
567777187265515521
567778236026077185
568135421445545984
568166478572204032
568196150718824448
568200350697717760
568225310753353728
568246970126438400
568480213123919874
568491593512198144
568494962880475137
568521303956656128
568527605063757824
568552167122055168
568790903776636928
568805448696115200
568824537338417154
568828064152424448
568853321659736064
568857663171366912
568902192364548097
569013921660731393
569102942088900608
569149358802759680
569263677234388993
569496068255195137
569591393540288512
569592590632247297
569593810390425600
569594712337854464
569597072350978048
569597962659110913
569599379893575680
569600989055086592
569601264679559168
569601363799359488
569602069335838720
569605452230754305
569605602961281024
569605935280336896
569606135960858624
569609326253502465
569613611510960128
569615855505387520
569617807916322817
569618972535959552
569628431236911104
569630593924911104
569631293429821440
569636447956930561
569639529805688832
569642200595898368
569644759024852992
569650813070483457
569651021175267332
569651226280751105
569655141890170880
569658322413965312
569660666014859264
569661233923629056
569662471213948928
569665707870285824
569666042672369665
569670155132907520
569670559300239360
569671368788172800
569674725623926784
569675178227081216
569676333766328320
569676336635236352
569676612851134464
569678065422311424
569678349846450177
569682010270101504
569690272830922752
569693592597323776
569698519742861312
569698856037789696
569699455919726593
569701122899775488
569710446112067584
569713244320837633
569715552702345216
569716576850731008
569720366198759424
569721379823554562
569728283568418816
569732355067244545
569733719256272896
569740392372895745
569753036014247936
569753555181006848
569753971406999552
569763959240200193
569770867841839104
569775795452792833
569788202174713856
569801344988680192
569814855349346304
569821862873726976
569830069746712576
569843331930263552
569852657327738880
569854492126146560
569857209745584129
569871411843461121
569881453842042880
569889440753172481
569890859526823936
569900705852608513
569905773276307457
569908805724712961
569910335353851904
569910395667935232
569917869296758784
569918774788419584
569920618843521024
569921142971969537
569924772349538304
569929944291127296
569932833709527041
569933008217755648
569934354241212417
569935135895883776
569936251551232000
569937987619803136
569942287318458369
569945073611374592
569945386569363456
569963767066271744
569964162979221504
569964670531973120
569967045544005632
569968904409214976
569972777593262080
569972935227674624
569975175321653248
569975650691330048
569976030708047872
569978312157589504
569998120999759872
570000777768345600
570009129579900928
570011304221667328
570019099268358144
570024409630515202
570037613899481088
570044428678778880
570056289419526145
570066226233417728
570073396152676352
570080608996556800
570082289939406848
570083021099032576
570088310334484480
570145106415771648
570166071640133632
570167726972538880
570175858469515264
570181406787301378
570188794730848256
570189507447775234
570192183766196224
570195444300718080
570196895383080960
570220301465681921
570224421194964992
570232487454113792
570235209783717889
570239376283676672
570248011621609472
570255853296746496
570257336465387521
570264682541522944
570266460003508225
570273819287531520
570275536406253568
570276245960835073
570280776849346561
570281010606120960
570282469791911936
570290552169734144
570295174385016832
570298644475346945
570299252141903873
570306867878072320
570307109218340865
570307390752608257
570307434113310720
567739625465077761
567755542362591233
567777187265515521
567778236026077185
568135421445545984
568166478572204032
568196150718824448
568200350697717760
568225310753353728
568246970126438400
568480213123919874
568491593512198144
568494962880475137
568521303956656128
568527605063757824
568552167122055168
568790903776636928
568805448696115200
568824537338417154
568828064152424448
568853321659736064
568857663171366912
568902192364548097
569013921660731393
569102942088900608
569149358802759680
569263677234388993
569496068255195137
569591393540288512
569592590632247297
569593810390425600
569594712337854464
569597072350978048
569597962659110913
569599379893575680
569600989055086592
569601264679559168
569601363799359488
569602069335838720
569605452230754305
569605602961281024
569605935280336896
569606135960858624
569609326253502465
569613611510960128
569615855505387520
569617807916322817
569618972535959552
569628431236911104
569630593924911104
569631293429821440
569636447956930561
569639529805688832
569642200595898368
569644759024852992
569650813070483457
569651021175267332
569651226280751105
569655141890170880
569658322413965312
569660666014859264
569661233923629056
569662471213948928
569665707870285824
569666042672369665
569670155132907520
569670559300239360
569671368788172800
569674725623926784
569675178227081216
569676333766328320
569676336635236352
569676612851134464
569678065422311424
569678349846450177
569682010270101504
569690272830922752
569693592597323776
569698519742861312
569698856037789696
569699455919726593
569701122899775488
569710446112067584
569713244320837633
569715552702345216
569716576850731008
569720366198759424
569721379823554562
569728283568418816
569732355067244545
569733719256272896
569740392372895745
569753036014247936
569753555181006848
569753971406999552
569763959240200193
569770867841839104
569775795452792833
569788202174713856
569801344988680192
569814855349346304
569821862873726976
569830069746712576
569843331930263552
569852657327738880
569854492126146560
569857209745584129
569871411843461121
569881453842042880
569889440753172481
569890859526823936
569900705852608513
569905773276307457
569908805724712961
569910335353851904
569910395667935232
569917869296758784
569918774788419584
569920618843521024
569921142971969537
569924772349538304
569929944291127296
569932833709527041
569933008217755648
569934354241212417
569935135895883776
569936251551232000
569937987619803136
569942287318458369
569945073611374592
569945386569363456
569963767066271744
569964162979221504
569964670531973120
569967045544005632
569968904409214976
569972777593262080
569972935227674624
569975175321653248
569975650691330048
569976030708047872
569978312157589504
569998120999759872
570000777768345600
570009129579900928
570011304221667328
570019099268358144
570024409630515202
570037613899481088
570044428678778880
570056289419526145
570066226233417728
570073396152676352
570080608996556800
570082289939406848
570083021099032576
570088310334484480
570145106415771648
570166071640133632
570167726972538880
570175858469515264
570181406787301378
570188794730848256
570189507447775234
570192183766196224
570195444300718080
570196895383080960
570220301465681921
570224421194964992
570232487454113792
570235209783717889
570239376283676672
570248011621609472
570255853296746496
570257336465387521
570264682541522944
570266460003508225
570273819287531520
570275536406253568
570276245960835073
570280776849346561
570281010606120960
570282469791911936
570290552169734144
570295174385016832
570298644475346945
570299252141903873
570306867878072320
570307109218340865
570307390752608257
570307434113310720
567739625465077761
567755542362591233
567777187265515521
567778236026077185
568135421445545984
568166478572204032
568196150718824448
568200350697717760
568225310753353728
568246970126438400
568480213123919874
568491593512198144
568494962880475137
568521303956656128
568527605063757824
568552167122055168
568790903776636928
568805448696115200
568824537338417154
568828064152424448
568853321659736064
568857663171366912
568902192364548097
569013921660731393
569102942088900608
569149358802759680
569263677234388993
569496068255195137
569591393540288512
569592590632247297
569593810390425600
569594712337854464
569597072350978048
569597962659110913
569599379893575680
569600989055086592
569601264679559168
569601363799359488
569602069335838720
569605452230754305
569605602961281024
569605935280336896
569606135960858624
569609326253502465
569613611510960128
569615855505387520
569617807916322817
569618972535959552
569628431236911104
569630593924911104
569631293429821440
569636447956930561
569639529805688832
569642200595898368
569644759024852992
569650813070483457
569651021175267332
569651226280751105
569655141890170880
569658322413965312
569660666014859264
569661233923629056
569662471213948928
569665707870285824
569666042672369665
569670155132907520
569670559300239360
569671368788172800
569674725623926784
569675178227081216
569676333766328320
569676336635236352
569676612851134464
569678065422311424
569678349846450177
569682010270101504
569690272830922752
569693592597323776
569698519742861312
569698856037789696
569699455919726593
569701122899775488
569710446112067584
569713244320837633
569715552702345216
569716576850731008
569720366198759424
569721379823554562
569728283568418816
569732355067244545
569733719256272896
569740392372895745
569753036014247936
569753555181006848
569753971406999552
569763959240200193
569770867841839104
569775795452792833
569788202174713856
569801344988680192
569814855349346304
569821862873726976
569830069746712576
569843331930263552
569852657327738880
569854492126146560
569857209745584129
569871411843461121
569881453842042880
569889440753172481
569890859526823936
569900705852608513
569905773276307457
569908805724712961
569910335353851904
569910395667935232
569917869296758784
569918774788419584
569920618843521024
569921142971969537
569924772349538304
569929944291127296
569932833709527041
569933008217755648
569934354241212417
569935135895883776
569936251551232000
569937987619803136
569942287318458369
569945073611374592
569945386569363456
569963767066271744
569964162979221504
569964670531973120
569967045544005632
569968904409214976
569972777593262080
569972935227674624
569975175321653248
569975650691330048
569976030708047872
569978312157589504
569998120999759872
570000777768345600
570009129579900928
570011304221667328
570019099268358144
570024409630515202
570037613899481088
570044428678778880
570056289419526145
570066226233417728
570073396152676352
570080608996556800
570082289939406848
570083021099032576
570088310334484480
570145106415771648
570166071640133632
570167726972538880
570175858469515264
570181406787301378
570188794730848256
570189507447775234
570192183766196224
570195444300718080
570196895383080960
570220301465681921
570224421194964992
570232487454113792
570235209783717889
570239376283676672
570248011621609472
570255853296746496
570257336465387521
570264682541522944
570266460003508225
570273819287531520
570275536406253568
570276245960835073
570280776849346561
570281010606120960
570282469791911936
570290552169734144
570295174385016832
570298644475346945
570299252141903873
570306867878072320
570307109218340865
570307390752608257
570307434113310720
567739625465077761
567755542362591233
567777187265515521
567778236026077185
568135421445545984
568166478572204032
568196150718824448
568200350697717760
568225310753353728
568246970126438400
568480213123919874
568491593512198144
568494962880475137
568521303956656128
568527605063757824
568552167122055168
568790903776636928
568805448696115200
568824537338417154
568828064152424448
568853321659736064
568857663171366912
568902192364548097
569013921660731393
569102942088900608
569149358802759680
569263677234388993
569496068255195137
569591393540288512
569592590632247297
569593810390425600
569594712337854464
569597072350978048
569597962659110913
569599379893575680
569600989055086592
569601264679559168
569601363799359488
569602069335838720
569605452230754305
569605602961281024
569605935280336896
569606135960858624
569609326253502465
569613611510960128
569615855505387520
569617807916322817
569618972535959552
569628431236911104
569630593924911104
569631293429821440
569636447956930561
569639529805688832
569642200595898368
569644759024852992
569650813070483457
569651021175267332
569651226280751105
569655141890170880
569658322413965312
569660666014859264
569661233923629056
569662471213948928
569665707870285824
569666042672369665
569670155132907520
569670559300239360
569671368788172800
569674725623926784
569675178227081216
569676333766328320
569676336635236352
569676612851134464
569678065422311424
569678349846450177
569682010270101504
569690272830922752
569693592597323776
569698519742861312
569698856037789696
569699455919726593
569701122899775488
569710446112067584
569713244320837633
569715552702345216
569716576850731008
569720366198759424
569721379823554562
569728283568418816
569732355067244545
569733719256272896
569740392372895745
569753036014247936
569753555181006848
569753971406999552
569763959240200193
569770867841839104
569775795452792833
569788202174713856
569801344988680192
569814855349346304
569821862873726976
569830069746712576
569843331930263552
569852657327738880
569854492126146560
569857209745584129
569871411843461121
569881453842042880
569889440753172481
569890859526823936
569900705852608513
569905773276307457
569908805724712961
569910335353851904
569910395667935232
569917869296758784
569918774788419584
569920618843521024
569921142971969537
569924772349538304
569929944291127296
569932833709527041
569933008217755648
569934354241212417
569935135895883776
569936251551232000
569937987619803136
569942287318458369
569945073611374592
569945386569363456
569963767066271744
569964162979221504
569964670531973120
569967045544005632
569968904409214976
569972777593262080
569972935227674624
569975175321653248
569975650691330048
569976030708047872
569978312157589504
569998120999759872
570000777768345600
570009129579900928
570011304221667328
570019099268358144
570024409630515202
570037613899481088
570044428678778880
570056289419526145
570066226233417728
570073396152676352
570080608996556800
570082289939406848
570083021099032576
570088310334484480
570145106415771648
570166071640133632
570167726972538880
570175858469515264
570181406787301378
570188794730848256
570189507447775234
570192183766196224
570195444300718080
570196895383080960
570220301465681921
570224421194964992
570232487454113792
570235209783717889
570239376283676672
570248011621609472
570255853296746496
570257336465387521
570264682541522944
570266460003508225
570273819287531520
570275536406253568
570276245960835073
570280776849346561
570281010606120960
570282469791911936
570290552169734144
570295174385016832
570298644475346945
570299252141903873
570306867878072320
570307109218340865
570307390752608257
570307434113310720
