567728227465310208
567733847132229632
567734329212940288
567736870365171713
567738375755415552
567745845781864449
567756326718431232
567773445195583488
567781663469481984
567811573265260544
567826054522617858
567830500095688704
567863445422546944
567865403101298688
567907483177582592
567953560362733568
567960564023967745
568079446592385025
568144896852299776
568175505314336768
568215917894737920
568382790506389504
568387549867036672
568423284401836032
568433610765815808
568493245191364609
568494466929188864
568530694353190912
568545438976102400
568552711840358401
568561877699182592
568565044994158592
568629820306952192
568644053522391041
568663431433187328
568761600359993344
568834902365503488
568844097374560256
568894805914169345
568957173692108800
568995608238772224
569207022597509120
569208067243401217
569224234150404096
569257932908470273
569274057897730048
569285184605986816
569286897404669953
569292859909672960
569297324285022209
569307917712805889
569310202174025729
569333553705693184
569491817600655360
569516377524076544
569517360828145664
569530599129501696
569606926234824704
569615644448186369
569627778892443648
569635939422593024
569639854277066752
569642267385798657
569655420962238465
569662145886957568
569693808914522113
569704164743376896
569714755838935040
569731189214351360
569738845895335936
569807000927920128
567728227465310208
567733847132229632
567734329212940288
567736870365171713
567738375755415552
567745845781864449
567756326718431232
567773445195583488
567781663469481984
567811573265260544
567826054522617858
567830500095688704
567863445422546944
567865403101298688
567907483177582592
567953560362733568
567960564023967745
568079446592385025
568144896852299776
568175505314336768
568215917894737920
568382790506389504
568387549867036672
568423284401836032
568433610765815808
568493245191364609
568494466929188864
568530694353190912
568545438976102400
568552711840358401
568561877699182592
568565044994158592
568629820306952192
568644053522391041
568663431433187328
568761600359993344
568834902365503488
568844097374560256
568894805914169345
568957173692108800
568995608238772224
569207022597509120
569208067243401217
569224234150404096
569257932908470273
569274057897730048
569285184605986816
569286897404669953
569292859909672960
569297324285022209
569307917712805889
569310202174025729
569333553705693184
569491817600655360
569516377524076544
569517360828145664
569530599129501696
569606926234824704
569615644448186369
569627778892443648
569635939422593024
569639854277066752
569642267385798657
569655420962238465
569662145886957568
569693808914522113
569704164743376896
569714755838935040
569731189214351360
569738845895335936
569807000927920128
569840341899026432
567728227465310208
567733847132229632
567734329212940288
567736870365171713
567738375755415552
567745845781864449
567756326718431232
567773445195583488
567781663469481984
567811573265260544
567826054522617858
567830500095688704
567863445422546944
567865403101298688
567907483177582592
567953560362733568
567960564023967745
568079446592385025
568144896852299776
568175505314336768
568215917894737920
568382790506389504
568387549867036672
568423284401836032
568433610765815808
568493245191364609
568494466929188864
568530694353190912
568545438976102400
568552711840358401
568561877699182592
568565044994158592
568629820306952192
568644053522391041
568663431433187328
568761600359993344
568834902365503488
568844097374560256
568894805914169345
568957173692108800
568995608238772224
569207022597509120
569208067243401217
569224234150404096
569257932908470273
569274057897730048
569285184605986816
569286897404669953
569292859909672960
569297324285022209
569307917712805889
569310202174025729
569333553705693184
569491817600655360
569516377524076544
569517360828145664
569530599129501696
569606926234824704
569615644448186369
569627778892443648
569635939422593024
569639854277066752
569642267385798657
569655420962238465
569662145886957568
569693808914522113
569704164743376896
569714755838935040
569731189214351360
569738845895335936
569807000927920128
569840341899026432
569879600907440129
569881888892055552
569886575720574976
569887742479486976
569888244856455168
569888397205962753
569889391633518592
569895406869483520
569904370361483264
569909058250997760
569909641129402368
569918932116643841
569920760522764288
569937801942310913
569940832691752960
569944281512685570
569944807830736896
569948411966976000
569960303514923009
569967441591144450
569985288992264192
569986978684362753
570013289188630529
570013961808187393
570035525761011713
570063683256242177
570068449646346240
570076476252356608
570082289939406848
570090102195486722
570172921102143488
570188097305976832
570197979820224512
570217606025748480
570236313393373186
570239632807370753
570242474750423040
570254579578720256
570261328511643648
570273819287531520
570276787063816192
570277054635057153
570286925556424705
570288803849637888
570301488192458752
