567727292739092480
567730952260943873
567753815634370560
567800930683609088
567805176388788224
567814633047728128
567874892634304512
567896040982069249
567907430069329920
568020304510869504
568053919575875584
568078627687890946
568109565796958209
568132101729443841
568157049344937984
568159483786084352
568194427904069632
568196117147463680
568198057155641344
568269372151734273
568488247514554369
568513072819646464
568562804837490688
568637070207422464
568695647202717696
568740200479793153
568775265406611456
568808397660774401
568824987244584961
568838717303074816
568847199460835328
569015346624991232
569024126641311744
569226157901684736
569238439373234176
569242876909109248
569261077877248000
569279670048452608
569338492515278848
569361961487478785
569460417954746368
569507197052260354
569531651732217857
569533328396832768
569556860652675072
569604659712811009
569627346166284288
569642742852268032
569643388611330048
569651548881465345
569661113593425920
569680508088688641
569686602940858368
569730801480245248
569735461033213952
569745645956771840
567727292739092480
567730952260943873
567753815634370560
567800930683609088
567805176388788224
567814633047728128
567874892634304512
567896040982069249
567907430069329920
568020304510869504
568053919575875584
568078627687890946
568109565796958209
568132101729443841
568157049344937984
568159483786084352
568194427904069632
568196117147463680
568198057155641344
568269372151734273
568488247514554369
568513072819646464
568562804837490688
568637070207422464
568695647202717696
568740200479793153
568775265406611456
568808397660774401
568824987244584961
568838717303074816
568847199460835328
569015346624991232
569024126641311744
569226157901684736
569238439373234176
569242876909109248
569261077877248000
569279670048452608
569338492515278848
569361961487478785
569460417954746368
569507197052260354
569531651732217857
569533328396832768
569556860652675072
569604659712811009
569627346166284288
569642742852268032
569643388611330048
569651548881465345
569661113593425920
569680508088688641
569686602940858368
569730801480245248
569735461033213952
569745645956771840
569832733226110976
569836232999612417
569838692220542976
569840848764059648
569842196045656064
567727292739092480
567730952260943873
567753815634370560
567800930683609088
567805176388788224
567814633047728128
567874892634304512
567896040982069249
567907430069329920
568020304510869504
568053919575875584
568078627687890946
568109565796958209
568132101729443841
568157049344937984
568159483786084352
568194427904069632
568196117147463680
568198057155641344
568269372151734273
568488247514554369
568513072819646464
568562804837490688
568637070207422464
568695647202717696
568740200479793153
568775265406611456
568808397660774401
568824987244584961
568838717303074816
568847199460835328
569015346624991232
569024126641311744
569226157901684736
569238439373234176
569242876909109248
569261077877248000
569279670048452608
569338492515278848
569361961487478785
569460417954746368
569507197052260354
569531651732217857
569533328396832768
569556860652675072
569604659712811009
569627346166284288
569642742852268032
569643388611330048
569651548881465345
569661113593425920
569680508088688641
569686602940858368
569730801480245248
569735461033213952
569745645956771840
569832733226110976
569836232999612417
569838692220542976
569840848764059648
569842196045656064
569856109613166593
569911713459408896
569915550127800320
569918466821459968
569924679206457344
569925551475056640
569947174571675648
569958524270342144
569967808446009345
569967925416886273
569971648876584960
569989598388084736
569996776436068354
570023530466840576
570033099939184641
570051834188075008
570066231757180928
570119247982137344
570202730293100544
570206113783795713
570235686470746112
570265626146512896
570269976042573824
570280755085090816
570309000279023616
