567753872967528448
567775776582672384
568167414493532161
568801701378928641
568897700315435008
569143704109215745
569143915405651968
569595791355981825
569613611510960128
567753872967528448
567775776582672384
568167414493532161
568801701378928641
568897700315435008
569143704109215745
569143915405651968
569595791355981825
569613611510960128
569842929860263936
567753872967528448
567775776582672384
568167414493532161
568801701378928641
568897700315435008
569143704109215745
569143915405651968
569595791355981825
569613611510960128
569842929860263936
569876015834484736
569906167947898880
567753872967528448
567775776582672384
568167414493532161
568801701378928641
568897700315435008
569143704109215745
569143915405651968
569595791355981825
569613611510960128
569842929860263936
569876015834484736
569906167947898880
567753872967528448
567775776582672384
568167414493532161
568801701378928641
568897700315435008
569143704109215745
569143915405651968
569595791355981825
569613611510960128
569842929860263936
569876015834484736
569906167947898880
567753872967528448
567775776582672384
568167414493532161
568801701378928641
568897700315435008
569143704109215745
569143915405651968
569595791355981825
569613611510960128
569842929860263936
569876015834484736
569906167947898880
567753872967528448
567775776582672384
568167414493532161
568801701378928641
568897700315435008
569143704109215745
569143915405651968
569595791355981825
569613611510960128
569842929860263936
569876015834484736
569906167947898880
567753872967528448
567775776582672384
568167414493532161
568801701378928641
568897700315435008
569143704109215745
569143915405651968
569595791355981825
569613611510960128
569842929860263936
569876015834484736
569906167947898880
