567812349895245824
568077686507229184
568246970126438400
568354818344923136
568356849189150721
568360334609612801
568920614716600320
569184069734395906
569659556869120000
569675481857064960
569754108321607680
567812349895245824
568077686507229184
568246970126438400
568354818344923136
568356849189150721
568360334609612801
568920614716600320
569184069734395906
569659556869120000
569675481857064960
569754108321607680
567812349895245824
568077686507229184
568246970126438400
568354818344923136
568356849189150721
568360334609612801
568920614716600320
569184069734395906
569659556869120000
569675481857064960
569754108321607680
569973945270546432
570001418825949185
570057855358935043
570222626712514560
567812349895245824
568077686507229184
568246970126438400
568354818344923136
568356849189150721
568360334609612801
568920614716600320
569184069734395906
569659556869120000
569675481857064960
569754108321607680
569973945270546432
570001418825949185
570057855358935043
570222626712514560
567812349895245824
568077686507229184
568246970126438400
568354818344923136
568356849189150721
568360334609612801
568920614716600320
569184069734395906
569659556869120000
569675481857064960
569754108321607680
569973945270546432
570001418825949185
570057855358935043
570222626712514560
567812349895245824
568077686507229184
568246970126438400
568354818344923136
568356849189150721
568360334609612801
568920614716600320
569184069734395906
569659556869120000
569675481857064960
569754108321607680
569973945270546432
570001418825949185
570057855358935043
570222626712514560
567812349895245824
568077686507229184
568246970126438400
568354818344923136
568356849189150721
568360334609612801
568920614716600320
569184069734395906
569659556869120000
569675481857064960
569754108321607680
569973945270546432
570001418825949185
570057855358935043
570222626712514560
567812349895245824
568077686507229184
568246970126438400
568354818344923136
568356849189150721
568360334609612801
568920614716600320
569184069734395906
569659556869120000
569675481857064960
569754108321607680
569973945270546432
570001418825949185
570057855358935043
570222626712514560
