567811918711504896
568752276040495104
568753398100692992
568797413529538562
568868928732028928
568883598281076738
568921163901984768
568948170060746752
568974120030875648
568977167410802688
568994507074772992
569120836264853505
569436161032073218
569609887388270592
569685746723848193
569706041673322498
567811918711504896
568752276040495104
568753398100692992
568797413529538562
568868928732028928
568883598281076738
568921163901984768
568948170060746752
568974120030875648
568977167410802688
568994507074772992
569120836264853505
569436161032073218
569609887388270592
569685746723848193
569706041673322498
567811918711504896
568752276040495104
568753398100692992
568797413529538562
568868928732028928
568883598281076738
568921163901984768
568948170060746752
568974120030875648
568977167410802688
568994507074772992
569120836264853505
569436161032073218
569609887388270592
569685746723848193
569706041673322498
570181906492297216
570216815105847296
570218269111664640
570251394965479424
570270166166183936
570287318264905729
570298036938772483
570304059384713218
