567745009890623488
567758165287002112
567825886449250304
567850015600685056
567867168429182976
568414700326797312
568561041774231553
568585356586586113
568824786337574912
568891233386561537
568917429033652226
569181501830656000
569200606595952640
569216245574311936
569229483288317952
569248437050302464
569397984519016448
569483493236969473
569597328522387456
569597857013084160
569600023597428736
569614436660432896
569625607476158465
569657763069952001
569691144897953793
567745009890623488
567758165287002112
567825886449250304
567850015600685056
567867168429182976
568414700326797312
568561041774231553
568585356586586113
568824786337574912
568891233386561537
568917429033652226
569181501830656000
569200606595952640
569216245574311936
569229483288317952
569248437050302464
569397984519016448
569483493236969473
569597328522387456
569597857013084160
569600023597428736
569614436660432896
569625607476158465
569657763069952001
569691144897953793
567745009890623488
567758165287002112
567825886449250304
567850015600685056
567867168429182976
568414700326797312
568561041774231553
568585356586586113
568824786337574912
568891233386561537
568917429033652226
569181501830656000
569200606595952640
569216245574311936
569229483288317952
569248437050302464
569397984519016448
569483493236969473
569597328522387456
569597857013084160
569600023597428736
569614436660432896
569625607476158465
569657763069952001
569691144897953793
569862869241765888
569872756302422017
569928419435286528
569975113694760960
570291817087930369
