567726949049454592
567731598871642112
567736717352763394
567737554087059457
567756085583302656
567807333498355713
567845492849287169
567864832235405313
567952115588423681
568062007108190210
568063225859739648
568070338438963200
568079446592385025
568087713972236289
568090924141703169
568094342302322688
568162673981943808
568221088750161920
568226977070632960
568231586585550848
568253266456395776
568254137676242945
568258093051727873
568269181394817024
568406334787457024
568431007654924288
568433301880479746
568433716206436353
568444029257584640
568454157478326272
568484603658420224
568486436355346432
568497542100586497
568503966687993856
568531409209421826
568535276546449409
568552775325364224
568574762433138690
568588797182648320
568595620002279424
568601527591440386
568625258351063040
568626423273017344
568656758027063296
568755759670022147
568812046747201537
568858239372103680
568882789082222592
568901828055707648
568932070447140864
568962468766212097
568969667106045952
569005718365298689
569035887956271104
569152740414218240
569158165176164353
569175278255284224
569204474155282433
569207193377107968
569261053927919616
569274088289660928
569307466896424961
569322419036356608
569340749466226688
569341160482856960
569361961487478785
569366960871333889
569368160291463168
569392511732588544
569418216935723008
569474081202032641
569487075797565440
569514902748061696
569531988702576640
569566511184125952
569568300528635906
569596778426855426
569603357406576641
569620382023622657
569632024434057216
569646886610702337
569654393898864640
569669059941261312
569669669948424192
569679210454724609
569682010270101504
569692110619877376
569692936880791552
569727223357427712
569747874952683520
569758956941234176
569763137819267072
569798946740166656
569816394180788224
567726949049454592
567731598871642112
567736717352763394
567737554087059457
567756085583302656
567807333498355713
567845492849287169
567864832235405313
567952115588423681
568062007108190210
568063225859739648
568070338438963200
568079446592385025
568087713972236289
568090924141703169
568094342302322688
568162673981943808
568221088750161920
568226977070632960
568231586585550848
568253266456395776
568254137676242945
568258093051727873
568269181394817024
568406334787457024
568431007654924288
568433301880479746
568433716206436353
568444029257584640
568454157478326272
568484603658420224
568486436355346432
568497542100586497
568503966687993856
568531409209421826
568535276546449409
568552775325364224
568574762433138690
568588797182648320
568595620002279424
568601527591440386
568625258351063040
568626423273017344
568656758027063296
568755759670022147
568812046747201537
568858239372103680
568882789082222592
568901828055707648
568932070447140864
568962468766212097
568969667106045952
569005718365298689
569035887956271104
569152740414218240
569158165176164353
569175278255284224
569204474155282433
569207193377107968
569261053927919616
569274088289660928
569307466896424961
569322419036356608
569340749466226688
569341160482856960
569361961487478785
569366960871333889
569368160291463168
569392511732588544
569418216935723008
569474081202032641
569487075797565440
569514902748061696
569531988702576640
569566511184125952
569568300528635906
569596778426855426
569603357406576641
569620382023622657
569632024434057216
569646886610702337
569654393898864640
569669059941261312
569669669948424192
569679210454724609
569682010270101504
569692110619877376
569692936880791552
569727223357427712
569747874952683520
569758956941234176
569763137819267072
569798946740166656
569816394180788224
569834960107868160
567726949049454592
567731598871642112
567736717352763394
567737554087059457
567756085583302656
567807333498355713
567845492849287169
567864832235405313
567952115588423681
568062007108190210
568063225859739648
568070338438963200
568079446592385025
568087713972236289
568090924141703169
568094342302322688
568162673981943808
568221088750161920
568226977070632960
568231586585550848
568253266456395776
568254137676242945
568258093051727873
568269181394817024
568406334787457024
568431007654924288
568433301880479746
568433716206436353
568444029257584640
568454157478326272
568484603658420224
568486436355346432
568497542100586497
568503966687993856
568531409209421826
568535276546449409
568552775325364224
568574762433138690
568588797182648320
568595620002279424
568601527591440386
568625258351063040
568626423273017344
568656758027063296
568755759670022147
568812046747201537
568858239372103680
568882789082222592
568901828055707648
568932070447140864
568962468766212097
568969667106045952
569005718365298689
569035887956271104
569152740414218240
569158165176164353
569175278255284224
569204474155282433
569207193377107968
569261053927919616
569274088289660928
569307466896424961
569322419036356608
569340749466226688
569341160482856960
569361961487478785
569366960871333889
569368160291463168
569392511732588544
569418216935723008
569474081202032641
569487075797565440
569514902748061696
569531988702576640
569566511184125952
569568300528635906
569596778426855426
569603357406576641
569620382023622657
569632024434057216
569646886610702337
569654393898864640
569669059941261312
569669669948424192
569679210454724609
569682010270101504
569692110619877376
569692936880791552
569727223357427712
569747874952683520
569758956941234176
569763137819267072
569798946740166656
569816394180788224
569834960107868160
569865675793170432
569873091763032065
569894828315533312
569903056403505152
569926031542345728
569942703494070272
569949017674809344
569975032127967232
569989034501500928
569992310563450880
570002150115254272
570009008817500160
570009035455344640
570018285544206337
570046633418891264
570051874537271296
570057520162721792
570085644015419393
570165459783450624
570171986648965120
570173090774294528
570188684881821696
570212047692161025
570215106426114048
570220154363232256
570222625621831680
570229557740969984
570235609933078529
570241070577139713
570260387746029568
570274417546113025
570298644475346945
570301794850639872
570306260010176512
570307390752608257
567726949049454592
567731598871642112
567736717352763394
567737554087059457
567756085583302656
567807333498355713
567845492849287169
567864832235405313
567952115588423681
568062007108190210
568063225859739648
568070338438963200
568079446592385025
568087713972236289
568090924141703169
568094342302322688
568162673981943808
568221088750161920
568226977070632960
568231586585550848
568253266456395776
568254137676242945
568258093051727873
568269181394817024
568406334787457024
568431007654924288
568433301880479746
568433716206436353
568444029257584640
568454157478326272
568484603658420224
568486436355346432
568497542100586497
568503966687993856
568531409209421826
568535276546449409
568552775325364224
568574762433138690
568588797182648320
568595620002279424
568601527591440386
568625258351063040
568626423273017344
568656758027063296
568755759670022147
568812046747201537
568858239372103680
568882789082222592
568901828055707648
568932070447140864
568962468766212097
568969667106045952
569005718365298689
569035887956271104
569152740414218240
569158165176164353
569175278255284224
569204474155282433
569207193377107968
569261053927919616
569274088289660928
569307466896424961
569322419036356608
569340749466226688
569341160482856960
569361961487478785
569366960871333889
569368160291463168
569392511732588544
569418216935723008
569474081202032641
569487075797565440
569514902748061696
569531988702576640
569566511184125952
569568300528635906
569596778426855426
569603357406576641
569620382023622657
569632024434057216
569646886610702337
569654393898864640
569669059941261312
569669669948424192
569679210454724609
569682010270101504
569692110619877376
569692936880791552
569727223357427712
569747874952683520
569758956941234176
569763137819267072
569798946740166656
569816394180788224
569834960107868160
569865675793170432
569873091763032065
569894828315533312
569903056403505152
569926031542345728
569942703494070272
569949017674809344
569975032127967232
569989034501500928
569992310563450880
570002150115254272
570009008817500160
570009035455344640
570018285544206337
570046633418891264
570051874537271296
570057520162721792
570085644015419393
570165459783450624
570171986648965120
570173090774294528
570188684881821696
570212047692161025
570215106426114048
570220154363232256
570222625621831680
570229557740969984
570235609933078529
570241070577139713
570260387746029568
570274417546113025
570298644475346945
570301794850639872
570306260010176512
570307390752608257
567726949049454592
567731598871642112
567736717352763394
567737554087059457
567756085583302656
567807333498355713
567845492849287169
567864832235405313
567952115588423681
568062007108190210
568063225859739648
568070338438963200
568079446592385025
568087713972236289
568090924141703169
568094342302322688
568162673981943808
568221088750161920
568226977070632960
568231586585550848
568253266456395776
568254137676242945
568258093051727873
568269181394817024
568406334787457024
568431007654924288
568433301880479746
568433716206436353
568444029257584640
568454157478326272
568484603658420224
568486436355346432
568497542100586497
568503966687993856
568531409209421826
568535276546449409
568552775325364224
568574762433138690
568588797182648320
568595620002279424
568601527591440386
568625258351063040
568626423273017344
568656758027063296
568755759670022147
568812046747201537
568858239372103680
568882789082222592
568901828055707648
568932070447140864
568962468766212097
568969667106045952
569005718365298689
569035887956271104
569152740414218240
569158165176164353
569175278255284224
569204474155282433
569207193377107968
569261053927919616
569274088289660928
569307466896424961
569322419036356608
569340749466226688
569341160482856960
569361961487478785
569366960871333889
569368160291463168
569392511732588544
569418216935723008
569474081202032641
569487075797565440
569514902748061696
569531988702576640
569566511184125952
569568300528635906
569596778426855426
569603357406576641
569620382023622657
569632024434057216
569646886610702337
569654393898864640
569669059941261312
569669669948424192
569679210454724609
569682010270101504
569692110619877376
569692936880791552
569727223357427712
569747874952683520
569758956941234176
569763137819267072
569798946740166656
569816394180788224
569834960107868160
569865675793170432
569873091763032065
569894828315533312
569903056403505152
569926031542345728
569942703494070272
569949017674809344
569975032127967232
569989034501500928
569992310563450880
570002150115254272
570009008817500160
570009035455344640
570018285544206337
570046633418891264
570051874537271296
570057520162721792
570085644015419393
570165459783450624
570171986648965120
570173090774294528
570188684881821696
570212047692161025
570215106426114048
570220154363232256
570222625621831680
570229557740969984
570235609933078529
570241070577139713
570260387746029568
570274417546113025
570298644475346945
570301794850639872
570306260010176512
570307390752608257
567726949049454592
567731598871642112
567736717352763394
567737554087059457
567756085583302656
567807333498355713
567845492849287169
567864832235405313
567952115588423681
568062007108190210
568063225859739648
568070338438963200
568079446592385025
568087713972236289
568090924141703169
568094342302322688
568162673981943808
568221088750161920
568226977070632960
568231586585550848
568253266456395776
568254137676242945
568258093051727873
568269181394817024
568406334787457024
568431007654924288
568433301880479746
568433716206436353
568444029257584640
568454157478326272
568484603658420224
568486436355346432
568497542100586497
568503966687993856
568531409209421826
568535276546449409
568552775325364224
568574762433138690
568588797182648320
568595620002279424
568601527591440386
568625258351063040
568626423273017344
568656758027063296
568755759670022147
568812046747201537
568858239372103680
568882789082222592
568901828055707648
568932070447140864
568962468766212097
568969667106045952
569005718365298689
569035887956271104
569152740414218240
569158165176164353
569175278255284224
569204474155282433
569207193377107968
569261053927919616
569274088289660928
569307466896424961
569322419036356608
569340749466226688
569341160482856960
569361961487478785
569366960871333889
569368160291463168
569392511732588544
569418216935723008
569474081202032641
569487075797565440
569514902748061696
569531988702576640
569566511184125952
569568300528635906
569596778426855426
569603357406576641
569620382023622657
569632024434057216
569646886610702337
569654393898864640
569669059941261312
569669669948424192
569679210454724609
569682010270101504
569692110619877376
569692936880791552
569727223357427712
569747874952683520
569758956941234176
569763137819267072
569798946740166656
569816394180788224
569834960107868160
569865675793170432
569873091763032065
569894828315533312
569903056403505152
569926031542345728
569942703494070272
569949017674809344
569975032127967232
569989034501500928
569992310563450880
570002150115254272
570009008817500160
570009035455344640
570018285544206337
570046633418891264
570051874537271296
570057520162721792
570085644015419393
570165459783450624
570171986648965120
570173090774294528
570188684881821696
570212047692161025
570215106426114048
570220154363232256
570222625621831680
570229557740969984
570235609933078529
570241070577139713
570260387746029568
570274417546113025
570298644475346945
570301794850639872
570306260010176512
570307390752608257
567726949049454592
567731598871642112
567736717352763394
567737554087059457
567756085583302656
567807333498355713
567845492849287169
567864832235405313
567952115588423681
568062007108190210
568063225859739648
568070338438963200
568079446592385025
568087713972236289
568090924141703169
568094342302322688
568162673981943808
568221088750161920
568226977070632960
568231586585550848
568253266456395776
568254137676242945
568258093051727873
568269181394817024
568406334787457024
568431007654924288
568433301880479746
568433716206436353
568444029257584640
568454157478326272
568484603658420224
568486436355346432
568497542100586497
568503966687993856
568531409209421826
568535276546449409
568552775325364224
568574762433138690
568588797182648320
568595620002279424
568601527591440386
568625258351063040
568626423273017344
568656758027063296
568755759670022147
568812046747201537
568858239372103680
568882789082222592
568901828055707648
568932070447140864
568962468766212097
568969667106045952
569005718365298689
569035887956271104
569152740414218240
569158165176164353
569175278255284224
569204474155282433
569207193377107968
569261053927919616
569274088289660928
569307466896424961
569322419036356608
569340749466226688
569341160482856960
569361961487478785
569366960871333889
569368160291463168
569392511732588544
569418216935723008
569474081202032641
569487075797565440
569514902748061696
569531988702576640
569566511184125952
569568300528635906
569596778426855426
569603357406576641
569620382023622657
569632024434057216
569646886610702337
569654393898864640
569669059941261312
569669669948424192
569679210454724609
569682010270101504
569692110619877376
569692936880791552
569727223357427712
569747874952683520
569758956941234176
569763137819267072
569798946740166656
569816394180788224
569834960107868160
569865675793170432
569873091763032065
569894828315533312
569903056403505152
569926031542345728
569942703494070272
569949017674809344
569975032127967232
569989034501500928
569992310563450880
570002150115254272
570009008817500160
570009035455344640
570018285544206337
570046633418891264
570051874537271296
570057520162721792
570085644015419393
570165459783450624
570171986648965120
570173090774294528
570188684881821696
570212047692161025
570215106426114048
570220154363232256
570222625621831680
570229557740969984
570235609933078529
570241070577139713
570260387746029568
570274417546113025
570298644475346945
570301794850639872
570306260010176512
570307390752608257
567726949049454592
567731598871642112
567736717352763394
567737554087059457
567756085583302656
567807333498355713
567845492849287169
567864832235405313
567952115588423681
568062007108190210
568063225859739648
568070338438963200
568079446592385025
568087713972236289
568090924141703169
568094342302322688
568162673981943808
568221088750161920
568226977070632960
568231586585550848
568253266456395776
568254137676242945
568258093051727873
568269181394817024
568406334787457024
568431007654924288
568433301880479746
568433716206436353
568444029257584640
568454157478326272
568484603658420224
568486436355346432
568497542100586497
568503966687993856
568531409209421826
568535276546449409
568552775325364224
568574762433138690
568588797182648320
568595620002279424
568601527591440386
568625258351063040
568626423273017344
568656758027063296
568755759670022147
568812046747201537
568858239372103680
568882789082222592
568901828055707648
568932070447140864
568962468766212097
568969667106045952
569005718365298689
569035887956271104
569152740414218240
569158165176164353
569175278255284224
569204474155282433
569207193377107968
569261053927919616
569274088289660928
569307466896424961
569322419036356608
569340749466226688
569341160482856960
569361961487478785
569366960871333889
569368160291463168
569392511732588544
569418216935723008
569474081202032641
569487075797565440
569514902748061696
569531988702576640
569566511184125952
569568300528635906
569596778426855426
569603357406576641
569620382023622657
569632024434057216
569646886610702337
569654393898864640
569669059941261312
569669669948424192
569679210454724609
569682010270101504
569692110619877376
569692936880791552
569727223357427712
569747874952683520
569758956941234176
569763137819267072
569798946740166656
569816394180788224
569834960107868160
569865675793170432
569873091763032065
569894828315533312
569903056403505152
569926031542345728
569942703494070272
569949017674809344
569975032127967232
569989034501500928
569992310563450880
570002150115254272
570009008817500160
570009035455344640
570018285544206337
570046633418891264
570051874537271296
570057520162721792
570085644015419393
570165459783450624
570171986648965120
570173090774294528
570188684881821696
570212047692161025
570215106426114048
570220154363232256
570222625621831680
570229557740969984
570235609933078529
570241070577139713
570260387746029568
570274417546113025
570298644475346945
570301794850639872
570306260010176512
570307390752608257
