567725588937728000
567761113631449089
567789433010016256
567824260207738880
567837314782765056
567851352249868288
567856486950576128
567862181208805376
567950666578030594
568006084360863745
568006455317667840
568037876761546753
568057046303576065
568061931761864704
568110095646781440
568110568097374208
568150818572144640
568202855166967808
568236000390082560
568255924130983936
568265475114663936
568299906466762752
568385950486802432
568440058895863808
568440431454736384
568440682584477696
568442492569456640
568474931207352320
568482672789622784
568491668858662914
568494962880475137
568544211370418176
568556953640820736
568562718854111233
568594180014014464
568625959835815936
568627869225766912
568766741746225152
568773342053969920
568773575705899008
568799543698935808
568831798857195520
568834834040164352
568842944024875008
568856846523502594
568880146284982272
568893072001646592
568895050601508865
568913108153946112
568931996891807744
568959916498509824
568972394297077760
568982821454245888
568995644276383744
569002703558475777
569019132978405376
569115483313582080
569213503954915329
569233440463155201
569269594386526209
569275476642013186
569299401643917313
569301745219850241
569308881438052352
569316516321202176
569319046790819840
569330095644659712
569341791482220545
569360777926217728
569381443257958401
569382132231110656
569385087424458752
569388156031799297
569467550100267008
569491295766343681
569492208203776000
569517360828145664
569525636575793152
569528083755237376
569529128585555968
569544122098446337
569555455963471872
569559136540561408
569562731356901376
569589028590391298
569598171082596352
569600990430806017
569609621834301440
569612549458522113
569624621047111680
569629882323496961
569632828478136320
569638503199285248
569645350379757568
569648240150204416
569650182331084801
569668792265019392
569670155132907520
569670354030989313
569674294411669504
569676702030262272
569682877300023296
569683111404908544
569684917145223170
569702009751916544
569710305707601920
569749507623120897
569758145020428288
569777772115193856
569782352223666176
569790297875599361
569815545077501952
567725588937728000
567761113631449089
567789433010016256
567824260207738880
567837314782765056
567851352249868288
567856486950576128
567862181208805376
567950666578030594
568006084360863745
568006455317667840
568037876761546753
568057046303576065
568061931761864704
568110095646781440
568110568097374208
568150818572144640
568202855166967808
568236000390082560
568255924130983936
568265475114663936
568299906466762752
568385950486802432
568440058895863808
568440431454736384
568440682584477696
568442492569456640
568474931207352320
568482672789622784
568491668858662914
568494962880475137
568544211370418176
568556953640820736
568562718854111233
568594180014014464
568625959835815936
568627869225766912
568766741746225152
568773342053969920
568773575705899008
568799543698935808
568831798857195520
568834834040164352
568842944024875008
568856846523502594
568880146284982272
568893072001646592
568895050601508865
568913108153946112
568931996891807744
568959916498509824
568972394297077760
568982821454245888
568995644276383744
569002703558475777
569019132978405376
569115483313582080
569213503954915329
569233440463155201
569269594386526209
569275476642013186
569299401643917313
569301745219850241
569308881438052352
569316516321202176
569319046790819840
569330095644659712
569341791482220545
569360777926217728
569381443257958401
569382132231110656
569385087424458752
569388156031799297
569467550100267008
569491295766343681
569492208203776000
569517360828145664
569525636575793152
569528083755237376
569529128585555968
569544122098446337
569555455963471872
569559136540561408
569562731356901376
569589028590391298
569598171082596352
569600990430806017
569609621834301440
569612549458522113
569624621047111680
569629882323496961
569632828478136320
569638503199285248
569645350379757568
569648240150204416
569650182331084801
569668792265019392
569670155132907520
569670354030989313
569674294411669504
569676702030262272
569682877300023296
569683111404908544
569684917145223170
569702009751916544
569710305707601920
569749507623120897
569758145020428288
569777772115193856
569782352223666176
569790297875599361
569815545077501952
569832733226110976
569835751275433984
567725588937728000
567761113631449089
567789433010016256
567824260207738880
567837314782765056
567851352249868288
567856486950576128
567862181208805376
567950666578030594
568006084360863745
568006455317667840
568037876761546753
568057046303576065
568061931761864704
568110095646781440
568110568097374208
568150818572144640
568202855166967808
568236000390082560
568255924130983936
568265475114663936
568299906466762752
568385950486802432
568440058895863808
568440431454736384
568440682584477696
568442492569456640
568474931207352320
568482672789622784
568491668858662914
568494962880475137
568544211370418176
568556953640820736
568562718854111233
568594180014014464
568625959835815936
568627869225766912
568766741746225152
568773342053969920
568773575705899008
568799543698935808
568831798857195520
568834834040164352
568842944024875008
568856846523502594
568880146284982272
568893072001646592
568895050601508865
568913108153946112
568931996891807744
568959916498509824
568972394297077760
568982821454245888
568995644276383744
569002703558475777
569019132978405376
569115483313582080
569213503954915329
569233440463155201
569269594386526209
569275476642013186
569299401643917313
569301745219850241
569308881438052352
569316516321202176
569319046790819840
569330095644659712
569341791482220545
569360777926217728
569381443257958401
569382132231110656
569385087424458752
569388156031799297
569467550100267008
569491295766343681
569492208203776000
569517360828145664
569525636575793152
569528083755237376
569529128585555968
569544122098446337
569555455963471872
569559136540561408
569562731356901376
569589028590391298
569598171082596352
569600990430806017
569609621834301440
569612549458522113
569624621047111680
569629882323496961
569632828478136320
569638503199285248
569645350379757568
569648240150204416
569650182331084801
569668792265019392
569670155132907520
569670354030989313
569674294411669504
569676702030262272
569682877300023296
569683111404908544
569684917145223170
569702009751916544
569710305707601920
569749507623120897
569758145020428288
569777772115193856
569782352223666176
569790297875599361
569815545077501952
569832733226110976
569835751275433984
569867211852156928
569870130169163776
569874973021622272
569880508181696513
569890311608111105
569904406285516800
569915248620150786
569925680168726529
569935692161134592
569940582572945409
569944514137362432
569950567663050752
569977887136342016
569985084348104704
570030173300658176
570030715900792832
570049704618299392
570054105789550592
570058070224728064
570061334898872321
570063450174464000
570066554848743424
570068397544710144
570099562548834304
570207886493782019
570232494034964481
570240452588380161
570253859412529152
570282469791911936
