567898236809277440
568054687993352192
568096875435282432
568172170569887744
568194744574214144
568204705861652480
568454161962049536
568491224946098176
568571900596772864
568931356287365120
569139480101314560
569204474155282433
569212860665978880
569316018230677504
569418351295926273
569602860020850688
569668455202484224
569668652045369344
569691049116839936
567898236809277440
568054687993352192
568096875435282432
568172170569887744
568194744574214144
568204705861652480
568454161962049536
568491224946098176
568571900596772864
568931356287365120
569139480101314560
569204474155282433
569212860665978880
569316018230677504
569418351295926273
569602860020850688
569668455202484224
569668652045369344
569691049116839936
567898236809277440
568054687993352192
568096875435282432
568172170569887744
568194744574214144
568204705861652480
568454161962049536
568491224946098176
568571900596772864
568931356287365120
569139480101314560
569204474155282433
569212860665978880
569316018230677504
569418351295926273
569602860020850688
569668455202484224
569668652045369344
569691049116839936
569854540494868481
569902065247322112
569922479734595586
569976131748823040
569977492720779264
570002150115254272
570050323017920512
570057521353764864
570068649295241216
570184343857045504
570222495145406465
570233869212856320
570252146320351232
