569274618428526592
569279532261203968
569280114296401920
569659637575917568
569274618428526592
569279532261203968
569280114296401920
569659637575917568
569274618428526592
569279532261203968
569280114296401920
569659637575917568
569274618428526592
569279532261203968
569280114296401920
569659637575917568
569274618428526592
569279532261203968
569280114296401920
569659637575917568
569274618428526592
569279532261203968
569280114296401920
569659637575917568
569274618428526592
569279532261203968
569280114296401920
569659637575917568
569274618428526592
569279532261203968
569280114296401920
569659637575917568
