567864523585118208
567894427244589056
567906374870528001
568690023513526272
568720333634609153
568843160224452608
569329707084353536
569522040547385344
569625419097313282
569647694005870592
569713719124602880
567864523585118208
567894427244589056
567906374870528001
568690023513526272
568720333634609153
568843160224452608
569329707084353536
569522040547385344
569625419097313282
569647694005870592
569713719124602880
567864523585118208
567894427244589056
567906374870528001
568690023513526272
568720333634609153
568843160224452608
569329707084353536
569522040547385344
569625419097313282
569647694005870592
569713719124602880
569855205187190784
569893723091238912
569906598472228864
569971233351213056
569982327654383616
569983149028962304
569995897234288640
570047669370036224
570280637946421249
