567806501402976257
567819359255810048
567863933018640384
567910969856229377
568077746481586176
568182492055912449
568203174198284288
568502870435336192
569564666013163520
569587663692554242
569738845895335936
567806501402976257
567819359255810048
567863933018640384
567910969856229377
568077746481586176
568182492055912449
568203174198284288
568502870435336192
569564666013163520
569587663692554242
569738845895335936
567806501402976257
567819359255810048
567863933018640384
567910969856229377
568077746481586176
568182492055912449
568203174198284288
568502870435336192
569564666013163520
569587663692554242
569738845895335936
569961680530247681
570039630973829120
570208172289474560
