567676626855419904
567715682918227970
567772685472915456
567778453006655488
567819541939494913
568055279839023105
568132101729443841
568138172133183488
568168034394873857
568176078595985408
568176390325075968
568213769098108928
568222514956013568
568258075431477248
568560914779078656
568596145456291840
568625636639506433
568648940033343488
568808746689933312
568818517694402561
568836390991101952
568845421390344192
568884848632279041
568902192364548097
568987303302950913
569049391337578496
569126026938335232
569143944266833920
569146045306793984
569152201278525440
569215124562554880
569239823820705793
569259333197930498
569259404589191168
569303395460259840
569347125575725057
569372340309651457
569373650647945216
569419080479875072
569492838448300032
569500867159699456
569526493023498240
569533103359660033
569547782039728129
569561389121060864
569576321011077121
569587188687634433
569590965880532993
569596097540132864
569600990430806017
569606966772940801
569621527911485440
569621991852019713
569626787875053568
569641785347059712
569646309159927808
569658553381883905
569659515706028033
569661154638872576
569664828911919104
569677848983801856
569678058199732225
569680829481406464
569681786860654592
569685606202093570
569686624721707009
569692835907129345
569696521425281024
569699455919726593
569700252321755137
569746288499138560
569757363797757952
569784699117137920
569811225770479616
567676626855419904
567715682918227970
567772685472915456
567778453006655488
567819541939494913
568055279839023105
568132101729443841
568138172133183488
568168034394873857
568176078595985408
568176390325075968
568213769098108928
568222514956013568
568258075431477248
568560914779078656
568596145456291840
568625636639506433
568648940033343488
568808746689933312
568818517694402561
568836390991101952
568845421390344192
568884848632279041
568902192364548097
568987303302950913
569049391337578496
569126026938335232
569143944266833920
569146045306793984
569152201278525440
569215124562554880
569239823820705793
569259333197930498
569259404589191168
569303395460259840
569347125575725057
569372340309651457
569373650647945216
569419080479875072
569492838448300032
569500867159699456
569526493023498240
569533103359660033
569547782039728129
569561389121060864
569576321011077121
569587188687634433
569590965880532993
569596097540132864
569600990430806017
569606966772940801
569621527911485440
569621991852019713
569626787875053568
569641785347059712
569646309159927808
569658553381883905
569659515706028033
569661154638872576
569664828911919104
569677848983801856
569678058199732225
569680829481406464
569681786860654592
569685606202093570
569686624721707009
569692835907129345
569696521425281024
569699455919726593
569700252321755137
569746288499138560
569757363797757952
569784699117137920
569811225770479616
569844028365275136
567676626855419904
567715682918227970
567772685472915456
567778453006655488
567819541939494913
568055279839023105
568132101729443841
568138172133183488
568168034394873857
568176078595985408
568176390325075968
568213769098108928
568222514956013568
568258075431477248
568560914779078656
568596145456291840
568625636639506433
568648940033343488
568808746689933312
568818517694402561
568836390991101952
568845421390344192
568884848632279041
568902192364548097
568987303302950913
569049391337578496
569126026938335232
569143944266833920
569146045306793984
569152201278525440
569215124562554880
569239823820705793
569259333197930498
569259404589191168
569303395460259840
569347125575725057
569372340309651457
569373650647945216
569419080479875072
569492838448300032
569500867159699456
569526493023498240
569533103359660033
569547782039728129
569561389121060864
569576321011077121
569587188687634433
569590965880532993
569596097540132864
569600990430806017
569606966772940801
569621527911485440
569621991852019713
569626787875053568
569641785347059712
569646309159927808
569658553381883905
569659515706028033
569661154638872576
569664828911919104
569677848983801856
569678058199732225
569680829481406464
569681786860654592
569685606202093570
569686624721707009
569692835907129345
569696521425281024
569699455919726593
569700252321755137
569746288499138560
569757363797757952
569784699117137920
569811225770479616
569844028365275136
569863229356310528
569872132269682688
569885759513034752
569886537128632320
569886683501473793
569887742479486976
569894640675102722
569899063790825472
569903366647586818
569910528279228416
569921646057926656
569934170819948544
569948241116016641
569954670006763520
569969833254764544
569973034880098304
570012000648081409
570023602793238528
570030165788459010
570047938401071105
570080545461407745
570114300888678401
570178443167571968
570189507447775234
570192183766196224
570227911803998208
570252614320783361
570257631778107392
570275248052039680
567676626855419904
567715682918227970
567772685472915456
567778453006655488
567819541939494913
568055279839023105
568132101729443841
568138172133183488
568168034394873857
568176078595985408
568176390325075968
568213769098108928
568222514956013568
568258075431477248
568560914779078656
568596145456291840
568625636639506433
568648940033343488
568808746689933312
568818517694402561
568836390991101952
568845421390344192
568884848632279041
568902192364548097
568987303302950913
569049391337578496
569126026938335232
569143944266833920
569146045306793984
569152201278525440
569215124562554880
569239823820705793
569259333197930498
569259404589191168
569303395460259840
569347125575725057
569372340309651457
569373650647945216
569419080479875072
569492838448300032
569500867159699456
569526493023498240
569533103359660033
569547782039728129
569561389121060864
569576321011077121
569587188687634433
569590965880532993
569596097540132864
569600990430806017
569606966772940801
569621527911485440
569621991852019713
569626787875053568
569641785347059712
569646309159927808
569658553381883905
569659515706028033
569661154638872576
569664828911919104
569677848983801856
569678058199732225
569680829481406464
569681786860654592
569685606202093570
569686624721707009
569692835907129345
569696521425281024
569699455919726593
569700252321755137
569746288499138560
569757363797757952
569784699117137920
569811225770479616
569844028365275136
569863229356310528
569872132269682688
569885759513034752
569886537128632320
569886683501473793
569887742479486976
569894640675102722
569899063790825472
569903366647586818
569910528279228416
569921646057926656
569934170819948544
569948241116016641
569954670006763520
569969833254764544
569973034880098304
570012000648081409
570023602793238528
570030165788459010
570047938401071105
570080545461407745
570114300888678401
570178443167571968
570189507447775234
570192183766196224
570227911803998208
570252614320783361
570257631778107392
570275248052039680
567676626855419904
567715682918227970
567772685472915456
567778453006655488
567819541939494913
568055279839023105
568132101729443841
568138172133183488
568168034394873857
568176078595985408
568176390325075968
568213769098108928
568222514956013568
568258075431477248
568560914779078656
568596145456291840
568625636639506433
568648940033343488
568808746689933312
568818517694402561
568836390991101952
568845421390344192
568884848632279041
568902192364548097
568987303302950913
569049391337578496
569126026938335232
569143944266833920
569146045306793984
569152201278525440
569215124562554880
569239823820705793
569259333197930498
569259404589191168
569303395460259840
569347125575725057
569372340309651457
569373650647945216
569419080479875072
569492838448300032
569500867159699456
569526493023498240
569533103359660033
569547782039728129
569561389121060864
569576321011077121
569587188687634433
569590965880532993
569596097540132864
569600990430806017
569606966772940801
569621527911485440
569621991852019713
569626787875053568
569641785347059712
569646309159927808
569658553381883905
569659515706028033
569661154638872576
569664828911919104
569677848983801856
569678058199732225
569680829481406464
569681786860654592
569685606202093570
569686624721707009
569692835907129345
569696521425281024
569699455919726593
569700252321755137
569746288499138560
569757363797757952
569784699117137920
569811225770479616
569844028365275136
569863229356310528
569872132269682688
569885759513034752
569886537128632320
569886683501473793
569887742479486976
569894640675102722
569899063790825472
569903366647586818
569910528279228416
569921646057926656
569934170819948544
569948241116016641
569954670006763520
569969833254764544
569973034880098304
570012000648081409
570023602793238528
570030165788459010
570047938401071105
570080545461407745
570114300888678401
570178443167571968
570189507447775234
570192183766196224
570227911803998208
570252614320783361
570257631778107392
570275248052039680
567676626855419904
567715682918227970
567772685472915456
567778453006655488
567819541939494913
568055279839023105
568132101729443841
568138172133183488
568168034394873857
568176078595985408
568176390325075968
568213769098108928
568222514956013568
568258075431477248
568560914779078656
568596145456291840
568625636639506433
568648940033343488
568808746689933312
568818517694402561
568836390991101952
568845421390344192
568884848632279041
568902192364548097
568987303302950913
569049391337578496
569126026938335232
569143944266833920
569146045306793984
569152201278525440
569215124562554880
569239823820705793
569259333197930498
569259404589191168
569303395460259840
569347125575725057
569372340309651457
569373650647945216
569419080479875072
569492838448300032
569500867159699456
569526493023498240
569533103359660033
569547782039728129
569561389121060864
569576321011077121
569587188687634433
569590965880532993
569596097540132864
569600990430806017
569606966772940801
569621527911485440
569621991852019713
569626787875053568
569641785347059712
569646309159927808
569658553381883905
569659515706028033
569661154638872576
569664828911919104
569677848983801856
569678058199732225
569680829481406464
569681786860654592
569685606202093570
569686624721707009
569692835907129345
569696521425281024
569699455919726593
569700252321755137
569746288499138560
569757363797757952
569784699117137920
569811225770479616
569844028365275136
569863229356310528
569872132269682688
569885759513034752
569886537128632320
569886683501473793
569887742479486976
569894640675102722
569899063790825472
569903366647586818
569910528279228416
569921646057926656
569934170819948544
569948241116016641
569954670006763520
569969833254764544
569973034880098304
570012000648081409
570023602793238528
570030165788459010
570047938401071105
570080545461407745
570114300888678401
570178443167571968
570189507447775234
570192183766196224
570227911803998208
570252614320783361
570257631778107392
570275248052039680
567676626855419904
567715682918227970
567772685472915456
567778453006655488
567819541939494913
568055279839023105
568132101729443841
568138172133183488
568168034394873857
568176078595985408
568176390325075968
568213769098108928
568222514956013568
568258075431477248
568560914779078656
568596145456291840
568625636639506433
568648940033343488
568808746689933312
568818517694402561
568836390991101952
568845421390344192
568884848632279041
568902192364548097
568987303302950913
569049391337578496
569126026938335232
569143944266833920
569146045306793984
569152201278525440
569215124562554880
569239823820705793
569259333197930498
569259404589191168
569303395460259840
569347125575725057
569372340309651457
569373650647945216
569419080479875072
569492838448300032
569500867159699456
569526493023498240
569533103359660033
569547782039728129
569561389121060864
569576321011077121
569587188687634433
569590965880532993
569596097540132864
569600990430806017
569606966772940801
569621527911485440
569621991852019713
569626787875053568
569641785347059712
569646309159927808
569658553381883905
569659515706028033
569661154638872576
569664828911919104
569677848983801856
569678058199732225
569680829481406464
569681786860654592
569685606202093570
569686624721707009
569692835907129345
569696521425281024
569699455919726593
569700252321755137
569746288499138560
569757363797757952
569784699117137920
569811225770479616
569844028365275136
569863229356310528
569872132269682688
569885759513034752
569886537128632320
569886683501473793
569887742479486976
569894640675102722
569899063790825472
569903366647586818
569910528279228416
569921646057926656
569934170819948544
569948241116016641
569954670006763520
569969833254764544
569973034880098304
570012000648081409
570023602793238528
570030165788459010
570047938401071105
570080545461407745
570114300888678401
570178443167571968
570189507447775234
570192183766196224
570227911803998208
570252614320783361
570257631778107392
570275248052039680
567676626855419904
567715682918227970
567772685472915456
567778453006655488
567819541939494913
568055279839023105
568132101729443841
568138172133183488
568168034394873857
568176078595985408
568176390325075968
568213769098108928
568222514956013568
568258075431477248
568560914779078656
568596145456291840
568625636639506433
568648940033343488
568808746689933312
568818517694402561
568836390991101952
568845421390344192
568884848632279041
568902192364548097
568987303302950913
569049391337578496
569126026938335232
569143944266833920
569146045306793984
569152201278525440
569215124562554880
569239823820705793
569259333197930498
569259404589191168
569303395460259840
569347125575725057
569372340309651457
569373650647945216
569419080479875072
569492838448300032
569500867159699456
569526493023498240
569533103359660033
569547782039728129
569561389121060864
569576321011077121
569587188687634433
569590965880532993
569596097540132864
569600990430806017
569606966772940801
569621527911485440
569621991852019713
569626787875053568
569641785347059712
569646309159927808
569658553381883905
569659515706028033
569661154638872576
569664828911919104
569677848983801856
569678058199732225
569680829481406464
569681786860654592
569685606202093570
569686624721707009
569692835907129345
569696521425281024
569699455919726593
569700252321755137
569746288499138560
569757363797757952
569784699117137920
569811225770479616
569844028365275136
569863229356310528
569872132269682688
569885759513034752
569886537128632320
569886683501473793
569887742479486976
569894640675102722
569899063790825472
569903366647586818
569910528279228416
569921646057926656
569934170819948544
569948241116016641
569954670006763520
569969833254764544
569973034880098304
570012000648081409
570023602793238528
570030165788459010
570047938401071105
570080545461407745
570114300888678401
570178443167571968
570189507447775234
570192183766196224
570227911803998208
570252614320783361
570257631778107392
570275248052039680
