567759608643452929
567802649526976512
567816909816635392
567823510245236739
567831549539966976
568397976110010368
568440514506301440
568552809555103744
568566331169247232
568571203553599488
568913412505251840
568949312098476032
569592590632247297
569605359406485504
569678620878376960
569793460414189568
567759608643452929
567802649526976512
567816909816635392
567823510245236739
567831549539966976
568397976110010368
568440514506301440
568552809555103744
568566331169247232
568571203553599488
568913412505251840
568949312098476032
569592590632247297
569605359406485504
569678620878376960
569793460414189568
567759608643452929
567802649526976512
567816909816635392
567823510245236739
567831549539966976
568397976110010368
568440514506301440
568552809555103744
568566331169247232
568571203553599488
568913412505251840
568949312098476032
569592590632247297
569605359406485504
569678620878376960
569793460414189568
569893988846546945
569900699988860928
569979566279626752
569980415919853569
570040750412406784
570087022292905985
570298155465609217
570306250442985473
