567821528424845312
568020304510869504
568112076549451776
568168661732724736
568426007583170560
568430867447549952
568509738763169792
568594646168948736
568623037962039297
568656758027063296
568763087689379840
568818998445522944
568997044406374400
569111291454840833
569178715051188226
569208317408514048
569235773645410304
569591700416393216
569620355783925760
569635939422593024
569665295381614594
569697646501363713
569733539899568128
567821528424845312
568020304510869504
568112076549451776
568168661732724736
568426007583170560
568430867447549952
568509738763169792
568594646168948736
568623037962039297
568656758027063296
568763087689379840
568818998445522944
568997044406374400
569111291454840833
569178715051188226
569208317408514048
569235773645410304
569591700416393216
569620355783925760
569635939422593024
569665295381614594
569697646501363713
569733539899568128
567821528424845312
568020304510869504
568112076549451776
568168661732724736
568426007583170560
568430867447549952
568509738763169792
568594646168948736
568623037962039297
568656758027063296
568763087689379840
568818998445522944
568997044406374400
569111291454840833
569178715051188226
569208317408514048
569235773645410304
569591700416393216
569620355783925760
569635939422593024
569665295381614594
569697646501363713
569733539899568128
569923163259318274
569935232033366017
569988207489777664
570079868253298688
570153610870456321
567821528424845312
568020304510869504
568112076549451776
568168661732724736
568426007583170560
568430867447549952
568509738763169792
568594646168948736
568623037962039297
568656758027063296
568763087689379840
568818998445522944
568997044406374400
569111291454840833
569178715051188226
569208317408514048
569235773645410304
569591700416393216
569620355783925760
569635939422593024
569665295381614594
569697646501363713
569733539899568128
569923163259318274
569935232033366017
569988207489777664
570079868253298688
570153610870456321
567821528424845312
568020304510869504
568112076549451776
568168661732724736
568426007583170560
568430867447549952
568509738763169792
568594646168948736
568623037962039297
568656758027063296
568763087689379840
568818998445522944
568997044406374400
569111291454840833
569178715051188226
569208317408514048
569235773645410304
569591700416393216
569620355783925760
569635939422593024
569665295381614594
569697646501363713
569733539899568128
569923163259318274
569935232033366017
569988207489777664
570079868253298688
570153610870456321
567821528424845312
568020304510869504
568112076549451776
568168661732724736
568426007583170560
568430867447549952
568509738763169792
568594646168948736
568623037962039297
568656758027063296
568763087689379840
568818998445522944
568997044406374400
569111291454840833
569178715051188226
569208317408514048
569235773645410304
569591700416393216
569620355783925760
569635939422593024
569665295381614594
569697646501363713
569733539899568128
569923163259318274
569935232033366017
569988207489777664
570079868253298688
570153610870456321
567821528424845312
568020304510869504
568112076549451776
568168661732724736
568426007583170560
568430867447549952
568509738763169792
568594646168948736
568623037962039297
568656758027063296
568763087689379840
568818998445522944
568997044406374400
569111291454840833
569178715051188226
569208317408514048
569235773645410304
569591700416393216
569620355783925760
569635939422593024
569665295381614594
569697646501363713
569733539899568128
569923163259318274
569935232033366017
569988207489777664
570079868253298688
570153610870456321
567821528424845312
568020304510869504
568112076549451776
568168661732724736
568426007583170560
568430867447549952
568509738763169792
568594646168948736
568623037962039297
568656758027063296
568763087689379840
568818998445522944
568997044406374400
569111291454840833
569178715051188226
569208317408514048
569235773645410304
569591700416393216
569620355783925760
569635939422593024
569665295381614594
569697646501363713
569733539899568128
569923163259318274
569935232033366017
569988207489777664
570079868253298688
570153610870456321
