567905184040382464
568055279839023105
568198057155641344
568454986574602240
568715209944244224
568900770860392448
569099306147454976
569278418606559233
569311060903268352
569351220097216512
569375244751745025
569643344462262274
569709058636320768
567905184040382464
568055279839023105
568198057155641344
568454986574602240
568715209944244224
568900770860392448
569099306147454976
569278418606559233
569311060903268352
569351220097216512
569375244751745025
569643344462262274
569709058636320768
567905184040382464
568055279839023105
568198057155641344
568454986574602240
568715209944244224
568900770860392448
569099306147454976
569278418606559233
569311060903268352
569351220097216512
569375244751745025
569643344462262274
569709058636320768
569857209745584129
569874098035142656
569963935429824512
569984437720453121
