567811428779868160
568105106647838720
568837602071203840
569257626715889664
567811428779868160
568105106647838720
568837602071203840
569257626715889664
567811428779868160
568105106647838720
568837602071203840
569257626715889664
569923825179054081
567811428779868160
568105106647838720
568837602071203840
569257626715889664
569923825179054081
567811428779868160
568105106647838720
568837602071203840
569257626715889664
569923825179054081
567811428779868160
568105106647838720
568837602071203840
569257626715889664
569923825179054081
567811428779868160
568105106647838720
568837602071203840
569257626715889664
569923825179054081
567811428779868160
568105106647838720
568837602071203840
569257626715889664
569923825179054081
