568617305757728768
568631538541326336
568633680605945856
568635173216133120
568940264020004864
569548841361412096
569672501753724928
569672930851844096
569769525744250880
568617305757728768
568631538541326336
568633680605945856
568635173216133120
568940264020004864
569548841361412096
569672501753724928
569672930851844096
569769525744250880
568617305757728768
568631538541326336
568633680605945856
568635173216133120
568940264020004864
569548841361412096
569672501753724928
569672930851844096
569769525744250880
569847331064934401
569852112605089792
569857157778132993
569862449559527426
569866669243265024
569869374103793664
569869884164714498
570252885809868801
570270776370311168
570271383005085696
570284308210032640
