567730833998757890
567754559762612225
567772765756080128
567870608152793088
568087713972236289
568087789004300288
568177910101745666
568230620595417088
568237684277141504
568252192592769025
568262481698803712
568416305101070336
568438860390244353
568780552964145152
568860978231709697
568924781837455360
568958322306650113
568963398781808640
568967598794149889
569024126641311744
569225585181880320
569293296872222720
569379756673597444
569501773863493632
569504176306331649
569544528299995137
569571763744452608
569587705937600512
569596783011217408
569616551239917569
569638919131627522
569644213224148993
569659952681361408
569689983969202180
569691521454223361
569695357858238464
569700953164615681
569744378354401280
567730833998757890
567754559762612225
567772765756080128
567870608152793088
568087713972236289
568087789004300288
568177910101745666
568230620595417088
568237684277141504
568252192592769025
568262481698803712
568416305101070336
568438860390244353
568780552964145152
568860978231709697
568924781837455360
568958322306650113
568963398781808640
568967598794149889
569024126641311744
569225585181880320
569293296872222720
569379756673597444
569501773863493632
569504176306331649
569544528299995137
569571763744452608
569587705937600512
569596783011217408
569616551239917569
569638919131627522
569644213224148993
569659952681361408
569689983969202180
569691521454223361
569695357858238464
569700953164615681
569744378354401280
569838878049345536
569839559728439296
567730833998757890
567754559762612225
567772765756080128
567870608152793088
568087713972236289
568087789004300288
568177910101745666
568230620595417088
568237684277141504
568252192592769025
568262481698803712
568416305101070336
568438860390244353
568780552964145152
568860978231709697
568924781837455360
568958322306650113
568963398781808640
568967598794149889
569024126641311744
569225585181880320
569293296872222720
569379756673597444
569501773863493632
569504176306331649
569544528299995137
569571763744452608
569587705937600512
569596783011217408
569616551239917569
569638919131627522
569644213224148993
569659952681361408
569689983969202180
569691521454223361
569695357858238464
569700953164615681
569744378354401280
569838878049345536
569839559728439296
569889885651234816
569907773309214721
569930292024221696
569950215513497601
570002186991763457
570090452809949184
570092218058346496
570114536448995328
570195827341312000
570226471941251072
570248954572619776
570263313306615810
