567717415367090176
567778236026077185
567927725815496704
568054866045747200
568066161922977792
568112842261594112
568244094583107585
568248416418926594
568487439062441984
568589571929350144
568633098474299392
568880408701435904
568914888728449025
568969143581413376
569163885393154048
569186566247051265
569188938012880896
569270187725160449
569352324700708864
569518596231008258
569527975252766720
569559734199721984
569584885108748290
569607852236640256
569623164143185920
569628431236911104
569632379326869504
569633630978310145
569640193931612160
569649203753791488
569649712996823041
569669059941261312
569681019185573889
569707473973739520
569738748885278720
569751096580812801
569786215693742080
569798946740166656
567717415367090176
567778236026077185
567927725815496704
568054866045747200
568066161922977792
568112842261594112
568244094583107585
568248416418926594
568487439062441984
568589571929350144
568633098474299392
568880408701435904
568914888728449025
568969143581413376
569163885393154048
569186566247051265
569188938012880896
569270187725160449
569352324700708864
569518596231008258
569527975252766720
569559734199721984
569584885108748290
569607852236640256
569623164143185920
569628431236911104
569632379326869504
569633630978310145
569640193931612160
569649203753791488
569649712996823041
569669059941261312
569681019185573889
569707473973739520
569738748885278720
569751096580812801
569786215693742080
569798946740166656
567717415367090176
567778236026077185
567927725815496704
568054866045747200
568066161922977792
568112842261594112
568244094583107585
568248416418926594
568487439062441984
568589571929350144
568633098474299392
568880408701435904
568914888728449025
568969143581413376
569163885393154048
569186566247051265
569188938012880896
569270187725160449
569352324700708864
569518596231008258
569527975252766720
569559734199721984
569584885108748290
569607852236640256
569623164143185920
569628431236911104
569632379326869504
569633630978310145
569640193931612160
569649203753791488
569649712996823041
569669059941261312
569681019185573889
569707473973739520
569738748885278720
569751096580812801
569786215693742080
569798946740166656
569865190822572033
569876171875328000
569905258715082753
569907564156035072
569910583694196736
569919280361414656
569926031542345728
569926843853185024
569956115724660736
570053417311342593
570057601976631296
570099716379316224
570106579879645185
570223851570909185
570228446053470208
570257631778107392
570283824040382464
570295459631263746
567717415367090176
567778236026077185
567927725815496704
568054866045747200
568066161922977792
568112842261594112
568244094583107585
568248416418926594
568487439062441984
568589571929350144
568633098474299392
568880408701435904
568914888728449025
568969143581413376
569163885393154048
569186566247051265
569188938012880896
569270187725160449
569352324700708864
569518596231008258
569527975252766720
569559734199721984
569584885108748290
569607852236640256
569623164143185920
569628431236911104
569632379326869504
569633630978310145
569640193931612160
569649203753791488
569649712996823041
569669059941261312
569681019185573889
569707473973739520
569738748885278720
569751096580812801
569786215693742080
569798946740166656
569865190822572033
569876171875328000
569905258715082753
569907564156035072
569910583694196736
569919280361414656
569926031542345728
569926843853185024
569956115724660736
570053417311342593
570057601976631296
570099716379316224
570106579879645185
570223851570909185
570228446053470208
570257631778107392
570283824040382464
570295459631263746
567717415367090176
567778236026077185
567927725815496704
568054866045747200
568066161922977792
568112842261594112
568244094583107585
568248416418926594
568487439062441984
568589571929350144
568633098474299392
568880408701435904
568914888728449025
568969143581413376
569163885393154048
569186566247051265
569188938012880896
569270187725160449
569352324700708864
569518596231008258
569527975252766720
569559734199721984
569584885108748290
569607852236640256
569623164143185920
569628431236911104
569632379326869504
569633630978310145
569640193931612160
569649203753791488
569649712996823041
569669059941261312
569681019185573889
569707473973739520
569738748885278720
569751096580812801
569786215693742080
569798946740166656
569865190822572033
569876171875328000
569905258715082753
569907564156035072
569910583694196736
569919280361414656
569926031542345728
569926843853185024
569956115724660736
570053417311342593
570057601976631296
570099716379316224
570106579879645185
570223851570909185
570228446053470208
570257631778107392
570283824040382464
570295459631263746
567717415367090176
567778236026077185
567927725815496704
568054866045747200
568066161922977792
568112842261594112
568244094583107585
568248416418926594
568487439062441984
568589571929350144
568633098474299392
568880408701435904
568914888728449025
568969143581413376
569163885393154048
569186566247051265
569188938012880896
569270187725160449
569352324700708864
569518596231008258
569527975252766720
569559734199721984
569584885108748290
569607852236640256
569623164143185920
569628431236911104
569632379326869504
569633630978310145
569640193931612160
569649203753791488
569649712996823041
569669059941261312
569681019185573889
569707473973739520
569738748885278720
569751096580812801
569786215693742080
569798946740166656
569865190822572033
569876171875328000
569905258715082753
569907564156035072
569910583694196736
569919280361414656
569926031542345728
569926843853185024
569956115724660736
570053417311342593
570057601976631296
570099716379316224
570106579879645185
570223851570909185
570228446053470208
570257631778107392
570283824040382464
570295459631263746
567717415367090176
567778236026077185
567927725815496704
568054866045747200
568066161922977792
568112842261594112
568244094583107585
568248416418926594
568487439062441984
568589571929350144
568633098474299392
568880408701435904
568914888728449025
568969143581413376
569163885393154048
569186566247051265
569188938012880896
569270187725160449
569352324700708864
569518596231008258
569527975252766720
569559734199721984
569584885108748290
569607852236640256
569623164143185920
569628431236911104
569632379326869504
569633630978310145
569640193931612160
569649203753791488
569649712996823041
569669059941261312
569681019185573889
569707473973739520
569738748885278720
569751096580812801
569786215693742080
569798946740166656
569865190822572033
569876171875328000
569905258715082753
569907564156035072
569910583694196736
569919280361414656
569926031542345728
569926843853185024
569956115724660736
570053417311342593
570057601976631296
570099716379316224
570106579879645185
570223851570909185
570228446053470208
570257631778107392
570283824040382464
570295459631263746
567717415367090176
567778236026077185
567927725815496704
568054866045747200
568066161922977792
568112842261594112
568244094583107585
568248416418926594
568487439062441984
568589571929350144
568633098474299392
568880408701435904
568914888728449025
568969143581413376
569163885393154048
569186566247051265
569188938012880896
569270187725160449
569352324700708864
569518596231008258
569527975252766720
569559734199721984
569584885108748290
569607852236640256
569623164143185920
569628431236911104
569632379326869504
569633630978310145
569640193931612160
569649203753791488
569649712996823041
569669059941261312
569681019185573889
569707473973739520
569738748885278720
569751096580812801
569786215693742080
569798946740166656
569865190822572033
569876171875328000
569905258715082753
569907564156035072
569910583694196736
569919280361414656
569926031542345728
569926843853185024
569956115724660736
570053417311342593
570057601976631296
570099716379316224
570106579879645185
570223851570909185
570228446053470208
570257631778107392
570283824040382464
570295459631263746
