567823459276877824
568281771298521088
568490899396829186
568659661861175297
569241970662645762
569582862472577024
569630050972143616
569668913916567552
569714755838935040
567823459276877824
568281771298521088
568490899396829186
568659661861175297
569241970662645762
569582862472577024
569630050972143616
569668913916567552
569714755838935040
567823459276877824
568281771298521088
568490899396829186
568659661861175297
569241970662645762
569582862472577024
569630050972143616
569668913916567552
569714755838935040
569960665827258368
570219379696148480
567823459276877824
568281771298521088
568490899396829186
568659661861175297
569241970662645762
569582862472577024
569630050972143616
569668913916567552
569714755838935040
569960665827258368
570219379696148480
567823459276877824
568281771298521088
568490899396829186
568659661861175297
569241970662645762
569582862472577024
569630050972143616
569668913916567552
569714755838935040
569960665827258368
570219379696148480
567823459276877824
568281771298521088
568490899396829186
568659661861175297
569241970662645762
569582862472577024
569630050972143616
569668913916567552
569714755838935040
569960665827258368
570219379696148480
567823459276877824
568281771298521088
568490899396829186
568659661861175297
569241970662645762
569582862472577024
569630050972143616
569668913916567552
569714755838935040
569960665827258368
570219379696148480
567823459276877824
568281771298521088
568490899396829186
568659661861175297
569241970662645762
569582862472577024
569630050972143616
569668913916567552
569714755838935040
569960665827258368
570219379696148480
