567721806040031232
567725170367148034
567756963329867776
567783187901915136
567802752677457920
567803969235390464
567806843310907392
567860982422306816
567874261085454338
568032524749942784
568039503602065408
568050804101410816
568054866045747200
568087614303166464
568103735827804160
568119831519739904
568240355772108800
568374502582816768
568453818335129601
568482252168019968
568482803266031616
568483386580439040
568491900195500032
568510570799869952
568538872637816832
568539224770637825
568543722943614976
568559216912416768
568572506300243968
568579388704292864
568604899870711808
568621312622657536
568801542322548737
568828240502128640
568832931382366209
568834799592448000
568834884942336000
568837638611992576
568846754701058048
568853244476309504
568856823048089600
568864796717805568
568878340200906752
568879046215520256
568901905910521856
568925579933671424
568947250325561344
568998369353297921
569008329038524417
569188938012880896
569189483469410305
569197921150902272
569217317315354624
569217440250331136
569247182337019904
569254331725139968
569273230579478529
569357079716229121
569387614265954304
569451572792406016
569525690950815745
569525760337162241
569526143730077696
569526172335222784
569581903965265920
569589454194790400
569656230769262592
569658322732756992
569727598130962432
569733311595020288
567721806040031232
567725170367148034
567756963329867776
567783187901915136
567802752677457920
567803969235390464
567806843310907392
567860982422306816
567874261085454338
568032524749942784
568039503602065408
568050804101410816
568054866045747200
568087614303166464
568103735827804160
568119831519739904
568240355772108800
568374502582816768
568453818335129601
568482252168019968
568482803266031616
568483386580439040
568491900195500032
568510570799869952
568538872637816832
568539224770637825
568543722943614976
568559216912416768
568572506300243968
568579388704292864
568604899870711808
568621312622657536
568801542322548737
568828240502128640
568832931382366209
568834799592448000
568834884942336000
568837638611992576
568846754701058048
568853244476309504
568856823048089600
568864796717805568
568878340200906752
568879046215520256
568901905910521856
568925579933671424
568947250325561344
568998369353297921
569008329038524417
569188938012880896
569189483469410305
569197921150902272
569217317315354624
569217440250331136
569247182337019904
569254331725139968
569273230579478529
569357079716229121
569387614265954304
569451572792406016
569525690950815745
569525760337162241
569526143730077696
569526172335222784
569581903965265920
569589454194790400
569656230769262592
569658322732756992
569727598130962432
569733311595020288
569842095483199488
567721806040031232
567725170367148034
567756963329867776
567783187901915136
567802752677457920
567803969235390464
567806843310907392
567860982422306816
567874261085454338
568032524749942784
568039503602065408
568050804101410816
568054866045747200
568087614303166464
568103735827804160
568119831519739904
568240355772108800
568374502582816768
568453818335129601
568482252168019968
568482803266031616
568483386580439040
568491900195500032
568510570799869952
568538872637816832
568539224770637825
568543722943614976
568559216912416768
568572506300243968
568579388704292864
568604899870711808
568621312622657536
568801542322548737
568828240502128640
568832931382366209
568834799592448000
568834884942336000
568837638611992576
568846754701058048
568853244476309504
568856823048089600
568864796717805568
568878340200906752
568879046215520256
568901905910521856
568925579933671424
568947250325561344
568998369353297921
569008329038524417
569188938012880896
569189483469410305
569197921150902272
569217317315354624
569217440250331136
569247182337019904
569254331725139968
569273230579478529
569357079716229121
569387614265954304
569451572792406016
569525690950815745
569525760337162241
569526143730077696
569526172335222784
569581903965265920
569589454194790400
569656230769262592
569658322732756992
569727598130962432
569733311595020288
569842095483199488
569846771301654528
569864693998690304
569868478435487744
569868638968254467
569934977963573248
569958935907733504
570004391731847169
570042155634450433
570042296357539840
570048188830216192
570048851295383552
570051666386374657
570060273798631424
570071071220609024
570236495367315456
570261981569159169
570265397058002944
570270166166183936
570287238145290240
570288841447366658
567721806040031232
567725170367148034
567756963329867776
567783187901915136
567802752677457920
567803969235390464
567806843310907392
567860982422306816
567874261085454338
568032524749942784
568039503602065408
568050804101410816
568054866045747200
568087614303166464
568103735827804160
568119831519739904
568240355772108800
568374502582816768
568453818335129601
568482252168019968
568482803266031616
568483386580439040
568491900195500032
568510570799869952
568538872637816832
568539224770637825
568543722943614976
568559216912416768
568572506300243968
568579388704292864
568604899870711808
568621312622657536
568801542322548737
568828240502128640
568832931382366209
568834799592448000
568834884942336000
568837638611992576
568846754701058048
568853244476309504
568856823048089600
568864796717805568
568878340200906752
568879046215520256
568901905910521856
568925579933671424
568947250325561344
568998369353297921
569008329038524417
569188938012880896
569189483469410305
569197921150902272
569217317315354624
569217440250331136
569247182337019904
569254331725139968
569273230579478529
569357079716229121
569387614265954304
569451572792406016
569525690950815745
569525760337162241
569526143730077696
569526172335222784
569581903965265920
569589454194790400
569656230769262592
569658322732756992
569727598130962432
569733311595020288
569842095483199488
569846771301654528
569864693998690304
569868478435487744
569868638968254467
569934977963573248
569958935907733504
570004391731847169
570042155634450433
570042296357539840
570048188830216192
570048851295383552
570051666386374657
570060273798631424
570071071220609024
570236495367315456
570261981569159169
570265397058002944
570270166166183936
570287238145290240
570288841447366658
567721806040031232
567725170367148034
567756963329867776
567783187901915136
567802752677457920
567803969235390464
567806843310907392
567860982422306816
567874261085454338
568032524749942784
568039503602065408
568050804101410816
568054866045747200
568087614303166464
568103735827804160
568119831519739904
568240355772108800
568374502582816768
568453818335129601
568482252168019968
568482803266031616
568483386580439040
568491900195500032
568510570799869952
568538872637816832
568539224770637825
568543722943614976
568559216912416768
568572506300243968
568579388704292864
568604899870711808
568621312622657536
568801542322548737
568828240502128640
568832931382366209
568834799592448000
568834884942336000
568837638611992576
568846754701058048
568853244476309504
568856823048089600
568864796717805568
568878340200906752
568879046215520256
568901905910521856
568925579933671424
568947250325561344
568998369353297921
569008329038524417
569188938012880896
569189483469410305
569197921150902272
569217317315354624
569217440250331136
569247182337019904
569254331725139968
569273230579478529
569357079716229121
569387614265954304
569451572792406016
569525690950815745
569525760337162241
569526143730077696
569526172335222784
569581903965265920
569589454194790400
569656230769262592
569658322732756992
569727598130962432
569733311595020288
569842095483199488
569846771301654528
569864693998690304
569868478435487744
569868638968254467
569934977963573248
569958935907733504
570004391731847169
570042155634450433
570042296357539840
570048188830216192
570048851295383552
570051666386374657
570060273798631424
570071071220609024
570236495367315456
570261981569159169
570265397058002944
570270166166183936
570287238145290240
570288841447366658
567721806040031232
567725170367148034
567756963329867776
567783187901915136
567802752677457920
567803969235390464
567806843310907392
567860982422306816
567874261085454338
568032524749942784
568039503602065408
568050804101410816
568054866045747200
568087614303166464
568103735827804160
568119831519739904
568240355772108800
568374502582816768
568453818335129601
568482252168019968
568482803266031616
568483386580439040
568491900195500032
568510570799869952
568538872637816832
568539224770637825
568543722943614976
568559216912416768
568572506300243968
568579388704292864
568604899870711808
568621312622657536
568801542322548737
568828240502128640
568832931382366209
568834799592448000
568834884942336000
568837638611992576
568846754701058048
568853244476309504
568856823048089600
568864796717805568
568878340200906752
568879046215520256
568901905910521856
568925579933671424
568947250325561344
568998369353297921
569008329038524417
569188938012880896
569189483469410305
569197921150902272
569217317315354624
569217440250331136
569247182337019904
569254331725139968
569273230579478529
569357079716229121
569387614265954304
569451572792406016
569525690950815745
569525760337162241
569526143730077696
569526172335222784
569581903965265920
569589454194790400
569656230769262592
569658322732756992
569727598130962432
569733311595020288
569842095483199488
569846771301654528
569864693998690304
569868478435487744
569868638968254467
569934977963573248
569958935907733504
570004391731847169
570042155634450433
570042296357539840
570048188830216192
570048851295383552
570051666386374657
570060273798631424
570071071220609024
570236495367315456
570261981569159169
570265397058002944
570270166166183936
570287238145290240
570288841447366658
567721806040031232
567725170367148034
567756963329867776
567783187901915136
567802752677457920
567803969235390464
567806843310907392
567860982422306816
567874261085454338
568032524749942784
568039503602065408
568050804101410816
568054866045747200
568087614303166464
568103735827804160
568119831519739904
568240355772108800
568374502582816768
568453818335129601
568482252168019968
568482803266031616
568483386580439040
568491900195500032
568510570799869952
568538872637816832
568539224770637825
568543722943614976
568559216912416768
568572506300243968
568579388704292864
568604899870711808
568621312622657536
568801542322548737
568828240502128640
568832931382366209
568834799592448000
568834884942336000
568837638611992576
568846754701058048
568853244476309504
568856823048089600
568864796717805568
568878340200906752
568879046215520256
568901905910521856
568925579933671424
568947250325561344
568998369353297921
569008329038524417
569188938012880896
569189483469410305
569197921150902272
569217317315354624
569217440250331136
569247182337019904
569254331725139968
569273230579478529
569357079716229121
569387614265954304
569451572792406016
569525690950815745
569525760337162241
569526143730077696
569526172335222784
569581903965265920
569589454194790400
569656230769262592
569658322732756992
569727598130962432
569733311595020288
569842095483199488
569846771301654528
569864693998690304
569868478435487744
569868638968254467
569934977963573248
569958935907733504
570004391731847169
570042155634450433
570042296357539840
570048188830216192
570048851295383552
570051666386374657
570060273798631424
570071071220609024
570236495367315456
570261981569159169
570265397058002944
570270166166183936
570287238145290240
570288841447366658
567721806040031232
567725170367148034
567756963329867776
567783187901915136
567802752677457920
567803969235390464
567806843310907392
567860982422306816
567874261085454338
568032524749942784
568039503602065408
568050804101410816
568054866045747200
568087614303166464
568103735827804160
568119831519739904
568240355772108800
568374502582816768
568453818335129601
568482252168019968
568482803266031616
568483386580439040
568491900195500032
568510570799869952
568538872637816832
568539224770637825
568543722943614976
568559216912416768
568572506300243968
568579388704292864
568604899870711808
568621312622657536
568801542322548737
568828240502128640
568832931382366209
568834799592448000
568834884942336000
568837638611992576
568846754701058048
568853244476309504
568856823048089600
568864796717805568
568878340200906752
568879046215520256
568901905910521856
568925579933671424
568947250325561344
568998369353297921
569008329038524417
569188938012880896
569189483469410305
569197921150902272
569217317315354624
569217440250331136
569247182337019904
569254331725139968
569273230579478529
569357079716229121
569387614265954304
569451572792406016
569525690950815745
569525760337162241
569526143730077696
569526172335222784
569581903965265920
569589454194790400
569656230769262592
569658322732756992
569727598130962432
569733311595020288
569842095483199488
569846771301654528
569864693998690304
569868478435487744
569868638968254467
569934977963573248
569958935907733504
570004391731847169
570042155634450433
570042296357539840
570048188830216192
570048851295383552
570051666386374657
570060273798631424
570071071220609024
570236495367315456
570261981569159169
570265397058002944
570270166166183936
570287238145290240
570288841447366658
