567744963870752768
567765679764697089
568040818059190273
568161997935607808
568163524314144768
568473862083461121
569416670340636672
569492459258056704
569512132494159872
569521573268480002
569526101669769217
569587705937600512
569594123222585344
569667313609404416
569695998894673920
569728440758181889
567744963870752768
567765679764697089
568040818059190273
568161997935607808
568163524314144768
568473862083461121
569416670340636672
569492459258056704
569512132494159872
569521573268480002
569526101669769217
569587705937600512
569594123222585344
569667313609404416
569695998894673920
569728440758181889
567744963870752768
567765679764697089
568040818059190273
568161997935607808
568163524314144768
568473862083461121
569416670340636672
569492459258056704
569512132494159872
569521573268480002
569526101669769217
569587705937600512
569594123222585344
569667313609404416
569695998894673920
569728440758181889
569877301959065600
569894640675102722
569920484856475649
570299182310944768
