567717985092395008
567721738155622401
567734002287513602
567737317432258560
567752478309875714
567757771953561600
567770347065384960
567808424696893440
567811142924656640
567811268900556802
567814121870348289
567867483622748160
567935142418780161
568042869505654784
568077090656002048
568088989820792832
568138996112445440
568276144107200512
568281546999754752
568486399663575040
568495464015929344
568549781502496768
568562849447948288
568575202713583616
568774385965932545
568776950665371648
568789565483454464
568824821531996162
568836616166313984
568847735530643457
568848699960332288
568859651980156928
568913819881205761
568943214130040832
568963398781808640
568968761954443264
568974008076652545
568988032067616768
568999879176949760
569011727532032001
569204038811717632
569221828025167872
569231858485080066
569248055817404416
569248904866336768
569250912784519168
569262534232039427
569283956484415490
569349932131487746
569366337929105408
569421367243878400
569505407862902784
569523231524319232
569532394455359488
569534939642925058
569564671688118273
569567084721655808
569568878977794048
569596793941401601
569597666025345024
569597885446270976
569604198033170432
569605602961281024
569612280989495296
569616586178301952
569618829627666432
569641319712169984
569641805073031168
569655262765719553
569657781835460608
569658168097292288
569664007864492032
569671200978436096
569674358135914496
569743129928028160
569747170741465088
567717985092395008
567721738155622401
567734002287513602
567737317432258560
567752478309875714
567757771953561600
567770347065384960
567808424696893440
567811142924656640
567811268900556802
567814121870348289
567867483622748160
567935142418780161
568042869505654784
568077090656002048
568088989820792832
568138996112445440
568276144107200512
568281546999754752
568486399663575040
568495464015929344
568549781502496768
568562849447948288
568575202713583616
568774385965932545
568776950665371648
568789565483454464
568824821531996162
568836616166313984
568847735530643457
568848699960332288
568859651980156928
568913819881205761
568943214130040832
568963398781808640
568968761954443264
568974008076652545
568988032067616768
568999879176949760
569011727532032001
569204038811717632
569221828025167872
569231858485080066
569248055817404416
569248904866336768
569250912784519168
569262534232039427
569283956484415490
569349932131487746
569366337929105408
569421367243878400
569505407862902784
569523231524319232
569532394455359488
569534939642925058
569564671688118273
569567084721655808
569568878977794048
569596793941401601
569597666025345024
569597885446270976
569604198033170432
569605602961281024
569612280989495296
569616586178301952
569618829627666432
569641319712169984
569641805073031168
569655262765719553
569657781835460608
569658168097292288
569664007864492032
569671200978436096
569674358135914496
569743129928028160
569747170741465088
567717985092395008
567721738155622401
567734002287513602
567737317432258560
567752478309875714
567757771953561600
567770347065384960
567808424696893440
567811142924656640
567811268900556802
567814121870348289
567867483622748160
567935142418780161
568042869505654784
568077090656002048
568088989820792832
568138996112445440
568276144107200512
568281546999754752
568486399663575040
568495464015929344
568549781502496768
568562849447948288
568575202713583616
568774385965932545
568776950665371648
568789565483454464
568824821531996162
568836616166313984
568847735530643457
568848699960332288
568859651980156928
568913819881205761
568943214130040832
568963398781808640
568968761954443264
568974008076652545
568988032067616768
568999879176949760
569011727532032001
569204038811717632
569221828025167872
569231858485080066
569248055817404416
569248904866336768
569250912784519168
569262534232039427
569283956484415490
569349932131487746
569366337929105408
569421367243878400
569505407862902784
569523231524319232
569532394455359488
569534939642925058
569564671688118273
569567084721655808
569568878977794048
569596793941401601
569597666025345024
569597885446270976
569604198033170432
569605602961281024
569612280989495296
569616586178301952
569618829627666432
569641319712169984
569641805073031168
569655262765719553
569657781835460608
569658168097292288
569664007864492032
569671200978436096
569674358135914496
569743129928028160
569747170741465088
569845862366633984
569858231759085571
569859950215700480
569884943217762304
569894969332400128
569905884425383936
569916586682945536
569921747195076608
569934354241212417
569937108095205376
569937998806011905
569941050002972672
569949655905263616
569950215513497601
569956201934385152
569971722155208706
569974508435562496
570021485466685440
570060649780400128
570121673099190272
570197146894520320
570214946815868929
570237453229019137
570251472203587584
570254368538173440
570265626146512896
570265883513384960
570277418642120704
570310144459972608
567717985092395008
567721738155622401
567734002287513602
567737317432258560
567752478309875714
567757771953561600
567770347065384960
567808424696893440
567811142924656640
567811268900556802
567814121870348289
567867483622748160
567935142418780161
568042869505654784
568077090656002048
568088989820792832
568138996112445440
568276144107200512
568281546999754752
568486399663575040
568495464015929344
568549781502496768
568562849447948288
568575202713583616
568774385965932545
568776950665371648
568789565483454464
568824821531996162
568836616166313984
568847735530643457
568848699960332288
568859651980156928
568913819881205761
568943214130040832
568963398781808640
568968761954443264
568974008076652545
568988032067616768
568999879176949760
569011727532032001
569204038811717632
569221828025167872
569231858485080066
569248055817404416
569248904866336768
569250912784519168
569262534232039427
569283956484415490
569349932131487746
569366337929105408
569421367243878400
569505407862902784
569523231524319232
569532394455359488
569534939642925058
569564671688118273
569567084721655808
569568878977794048
569596793941401601
569597666025345024
569597885446270976
569604198033170432
569605602961281024
569612280989495296
569616586178301952
569618829627666432
569641319712169984
569641805073031168
569655262765719553
569657781835460608
569658168097292288
569664007864492032
569671200978436096
569674358135914496
569743129928028160
569747170741465088
569845862366633984
569858231759085571
569859950215700480
569884943217762304
569894969332400128
569905884425383936
569916586682945536
569921747195076608
569934354241212417
569937108095205376
569937998806011905
569941050002972672
569949655905263616
569950215513497601
569956201934385152
569971722155208706
569974508435562496
570021485466685440
570060649780400128
570121673099190272
570197146894520320
570214946815868929
570237453229019137
570251472203587584
570254368538173440
570265626146512896
570265883513384960
570277418642120704
570310144459972608
567717985092395008
567721738155622401
567734002287513602
567737317432258560
567752478309875714
567757771953561600
567770347065384960
567808424696893440
567811142924656640
567811268900556802
567814121870348289
567867483622748160
567935142418780161
568042869505654784
568077090656002048
568088989820792832
568138996112445440
568276144107200512
568281546999754752
568486399663575040
568495464015929344
568549781502496768
568562849447948288
568575202713583616
568774385965932545
568776950665371648
568789565483454464
568824821531996162
568836616166313984
568847735530643457
568848699960332288
568859651980156928
568913819881205761
568943214130040832
568963398781808640
568968761954443264
568974008076652545
568988032067616768
568999879176949760
569011727532032001
569204038811717632
569221828025167872
569231858485080066
569248055817404416
569248904866336768
569250912784519168
569262534232039427
569283956484415490
569349932131487746
569366337929105408
569421367243878400
569505407862902784
569523231524319232
569532394455359488
569534939642925058
569564671688118273
569567084721655808
569568878977794048
569596793941401601
569597666025345024
569597885446270976
569604198033170432
569605602961281024
569612280989495296
569616586178301952
569618829627666432
569641319712169984
569641805073031168
569655262765719553
569657781835460608
569658168097292288
569664007864492032
569671200978436096
569674358135914496
569743129928028160
569747170741465088
569845862366633984
569858231759085571
569859950215700480
569884943217762304
569894969332400128
569905884425383936
569916586682945536
569921747195076608
569934354241212417
569937108095205376
569937998806011905
569941050002972672
569949655905263616
569950215513497601
569956201934385152
569971722155208706
569974508435562496
570021485466685440
570060649780400128
570121673099190272
570197146894520320
570214946815868929
570237453229019137
570251472203587584
570254368538173440
570265626146512896
570265883513384960
570277418642120704
570310144459972608
567717985092395008
567721738155622401
567734002287513602
567737317432258560
567752478309875714
567757771953561600
567770347065384960
567808424696893440
567811142924656640
567811268900556802
567814121870348289
567867483622748160
567935142418780161
568042869505654784
568077090656002048
568088989820792832
568138996112445440
568276144107200512
568281546999754752
568486399663575040
568495464015929344
568549781502496768
568562849447948288
568575202713583616
568774385965932545
568776950665371648
568789565483454464
568824821531996162
568836616166313984
568847735530643457
568848699960332288
568859651980156928
568913819881205761
568943214130040832
568963398781808640
568968761954443264
568974008076652545
568988032067616768
568999879176949760
569011727532032001
569204038811717632
569221828025167872
569231858485080066
569248055817404416
569248904866336768
569250912784519168
569262534232039427
569283956484415490
569349932131487746
569366337929105408
569421367243878400
569505407862902784
569523231524319232
569532394455359488
569534939642925058
569564671688118273
569567084721655808
569568878977794048
569596793941401601
569597666025345024
569597885446270976
569604198033170432
569605602961281024
569612280989495296
569616586178301952
569618829627666432
569641319712169984
569641805073031168
569655262765719553
569657781835460608
569658168097292288
569664007864492032
569671200978436096
569674358135914496
569743129928028160
569747170741465088
569845862366633984
569858231759085571
569859950215700480
569884943217762304
569894969332400128
569905884425383936
569916586682945536
569921747195076608
569934354241212417
569937108095205376
569937998806011905
569941050002972672
569949655905263616
569950215513497601
569956201934385152
569971722155208706
569974508435562496
570021485466685440
570060649780400128
570121673099190272
570197146894520320
570214946815868929
570237453229019137
570251472203587584
570254368538173440
570265626146512896
570265883513384960
570277418642120704
570310144459972608
567717985092395008
567721738155622401
567734002287513602
567737317432258560
567752478309875714
567757771953561600
567770347065384960
567808424696893440
567811142924656640
567811268900556802
567814121870348289
567867483622748160
567935142418780161
568042869505654784
568077090656002048
568088989820792832
568138996112445440
568276144107200512
568281546999754752
568486399663575040
568495464015929344
568549781502496768
568562849447948288
568575202713583616
568774385965932545
568776950665371648
568789565483454464
568824821531996162
568836616166313984
568847735530643457
568848699960332288
568859651980156928
568913819881205761
568943214130040832
568963398781808640
568968761954443264
568974008076652545
568988032067616768
568999879176949760
569011727532032001
569204038811717632
569221828025167872
569231858485080066
569248055817404416
569248904866336768
569250912784519168
569262534232039427
569283956484415490
569349932131487746
569366337929105408
569421367243878400
569505407862902784
569523231524319232
569532394455359488
569534939642925058
569564671688118273
569567084721655808
569568878977794048
569596793941401601
569597666025345024
569597885446270976
569604198033170432
569605602961281024
569612280989495296
569616586178301952
569618829627666432
569641319712169984
569641805073031168
569655262765719553
569657781835460608
569658168097292288
569664007864492032
569671200978436096
569674358135914496
569743129928028160
569747170741465088
569845862366633984
569858231759085571
569859950215700480
569884943217762304
569894969332400128
569905884425383936
569916586682945536
569921747195076608
569934354241212417
569937108095205376
569937998806011905
569941050002972672
569949655905263616
569950215513497601
569956201934385152
569971722155208706
569974508435562496
570021485466685440
570060649780400128
570121673099190272
570197146894520320
570214946815868929
570237453229019137
570251472203587584
570254368538173440
570265626146512896
570265883513384960
570277418642120704
570310144459972608
567717985092395008
567721738155622401
567734002287513602
567737317432258560
567752478309875714
567757771953561600
567770347065384960
567808424696893440
567811142924656640
567811268900556802
567814121870348289
567867483622748160
567935142418780161
568042869505654784
568077090656002048
568088989820792832
568138996112445440
568276144107200512
568281546999754752
568486399663575040
568495464015929344
568549781502496768
568562849447948288
568575202713583616
568774385965932545
568776950665371648
568789565483454464
568824821531996162
568836616166313984
568847735530643457
568848699960332288
568859651980156928
568913819881205761
568943214130040832
568963398781808640
568968761954443264
568974008076652545
568988032067616768
568999879176949760
569011727532032001
569204038811717632
569221828025167872
569231858485080066
569248055817404416
569248904866336768
569250912784519168
569262534232039427
569283956484415490
569349932131487746
569366337929105408
569421367243878400
569505407862902784
569523231524319232
569532394455359488
569534939642925058
569564671688118273
569567084721655808
569568878977794048
569596793941401601
569597666025345024
569597885446270976
569604198033170432
569605602961281024
569612280989495296
569616586178301952
569618829627666432
569641319712169984
569641805073031168
569655262765719553
569657781835460608
569658168097292288
569664007864492032
569671200978436096
569674358135914496
569743129928028160
569747170741465088
569845862366633984
569858231759085571
569859950215700480
569884943217762304
569894969332400128
569905884425383936
569916586682945536
569921747195076608
569934354241212417
569937108095205376
569937998806011905
569941050002972672
569949655905263616
569950215513497601
569956201934385152
569971722155208706
569974508435562496
570021485466685440
570060649780400128
570121673099190272
570197146894520320
570214946815868929
570237453229019137
570251472203587584
570254368538173440
570265626146512896
570265883513384960
570277418642120704
570310144459972608
