567719199850496000
567767091579592704
567777100112101376
567778009013178368
567790177063608320
567843889748418560
567849500536152064
567928302725263360
567982195471736833
568064545568092160
568081316282916864
568118452965085184
568158459553714176
568159085356384256
568160713170149376
568190250377461760
568207206023360512
568252805036638209
568252997886545920
568460512553353216
568486399663575040
568528678671360000
568540843323338752
568558484653883392
568644931792687104
568781213651087361
568802305606361089
568829494556897280
568884731489562624
568885971913023488
568931637699829761
568964534083268608
568996855566245889
569071393356288000
569075196117839872
569075488926371841
569143704109215745
569159068834623489
569206566035042305
569220096490483712
569250085516681216
569253190551498752
569256055781240832
569322419036356608
569338800452669440
569502869243736065
569522820725788674
569523240252661760
569526029859094528
569535820270583809
569574737929576448
569605521050898433
569605604416888832
569605710314668035
569613897516380160
569620440613826561
569623164143185920
569623606684209154
569626613664653312
569664787946164224
569665193266909184
569678153783877634
569698892528222208
569724119748636672
569748491943038976
567719199850496000
567767091579592704
567777100112101376
567778009013178368
567790177063608320
567843889748418560
567849500536152064
567928302725263360
567982195471736833
568064545568092160
568081316282916864
568118452965085184
568158459553714176
568159085356384256
568160713170149376
568190250377461760
568207206023360512
568252805036638209
568252997886545920
568460512553353216
568486399663575040
568528678671360000
568540843323338752
568558484653883392
568644931792687104
568781213651087361
568802305606361089
568829494556897280
568884731489562624
568885971913023488
568931637699829761
568964534083268608
568996855566245889
569071393356288000
569075196117839872
569075488926371841
569143704109215745
569159068834623489
569206566035042305
569220096490483712
569250085516681216
569253190551498752
569256055781240832
569322419036356608
569338800452669440
569502869243736065
569522820725788674
569523240252661760
569526029859094528
569535820270583809
569574737929576448
569605521050898433
569605604416888832
569605710314668035
569613897516380160
569620440613826561
569623164143185920
569623606684209154
569626613664653312
569664787946164224
569665193266909184
569678153783877634
569698892528222208
569724119748636672
569748491943038976
567719199850496000
567767091579592704
567777100112101376
567778009013178368
567790177063608320
567843889748418560
567849500536152064
567928302725263360
567982195471736833
568064545568092160
568081316282916864
568118452965085184
568158459553714176
568159085356384256
568160713170149376
568190250377461760
568207206023360512
568252805036638209
568252997886545920
568460512553353216
568486399663575040
568528678671360000
568540843323338752
568558484653883392
568644931792687104
568781213651087361
568802305606361089
568829494556897280
568884731489562624
568885971913023488
568931637699829761
568964534083268608
568996855566245889
569071393356288000
569075196117839872
569075488926371841
569143704109215745
569159068834623489
569206566035042305
569220096490483712
569250085516681216
569253190551498752
569256055781240832
569322419036356608
569338800452669440
569502869243736065
569522820725788674
569523240252661760
569526029859094528
569535820270583809
569574737929576448
569605521050898433
569605604416888832
569605710314668035
569613897516380160
569620440613826561
569623164143185920
569623606684209154
569626613664653312
569664787946164224
569665193266909184
569678153783877634
569698892528222208
569724119748636672
569748491943038976
569875203473297408
569878537999503360
569879547908206592
569910765173362688
569915029950222337
569919970446053377
569945451564277760
569956528507236352
569960440438099969
569985813712392194
570067529206358016
570083397873373184
570175182012174336
570256553502068736
570258209534922752
570280800244994048
570287408438120448
570288803849637888
570300616901320704
