567790510502371328
567811776025468929
568041723642961920
568078069568839680
568190250377461760
568541219711819776
568772334632349696
568772614639845377
568772846878461952
568798264943902720
568850600261226496
568850826552320000
568851396923146240
568851544537481216
568870394708545536
568874496507174912
568874741249007616
568875530671554561
568878121958694912
568878265814949889
569225085330071554
569231300843970561
569308552671707136
569336871853170688
569499788934291456
569546858122616833
569624788244828160
569670671695011840
569692110619877376
567790510502371328
567811776025468929
568041723642961920
568078069568839680
568190250377461760
568541219711819776
568772334632349696
568772614639845377
568772846878461952
568798264943902720
568850600261226496
568850826552320000
568851396923146240
568851544537481216
568870394708545536
568874496507174912
568874741249007616
568875530671554561
568878121958694912
568878265814949889
569225085330071554
569231300843970561
569308552671707136
569336871853170688
569499788934291456
569546858122616833
569624788244828160
569670671695011840
569692110619877376
567790510502371328
567811776025468929
568041723642961920
568078069568839680
568190250377461760
568541219711819776
568772334632349696
568772614639845377
568772846878461952
568798264943902720
568850600261226496
568850826552320000
568851396923146240
568851544537481216
568870394708545536
568874496507174912
568874741249007616
568875530671554561
568878121958694912
568878265814949889
569225085330071554
569231300843970561
569308552671707136
569336871853170688
569499788934291456
569546858122616833
569624788244828160
569670671695011840
569692110619877376
569846045892608001
569863194929471488
569889475658178560
569935276346351616
569942656522047490
569947518655721472
570246490473566208
570275218515726337
570291219919736832
