567860175740092416
568055678201438208
568208413286477825
568211021497638912
568439661590396928
568440372206182400
568447216156692480
568509343047352322
568569324245532672
568787202341081088
568821261767303168
568836728716333056
569150828952444928
569226460281610241
569228412159721473
569296877902041088
569345780244312067
569598985737867265
569708139517480960
567860175740092416
568055678201438208
568208413286477825
568211021497638912
568439661590396928
568440372206182400
568447216156692480
568509343047352322
568569324245532672
568787202341081088
568821261767303168
568836728716333056
569150828952444928
569226460281610241
569228412159721473
569296877902041088
569345780244312067
569598985737867265
569708139517480960
567860175740092416
568055678201438208
568208413286477825
568211021497638912
568439661590396928
568440372206182400
568447216156692480
568509343047352322
568569324245532672
568787202341081088
568821261767303168
568836728716333056
569150828952444928
569226460281610241
569228412159721473
569296877902041088
569345780244312067
569598985737867265
569708139517480960
569992712117747712
569992886256832512
570008661885526016
570169567374401536
570175669096882176
570184234498805761
570218794414673921
