569148114193530881
569519156502106112
569519918833643521
569531387629318144
569783738210525184
569148114193530881
569519156502106112
569519918833643521
569531387629318144
569783738210525184
569148114193530881
569519156502106112
569519918833643521
569531387629318144
569783738210525184
569895498527727617
569148114193530881
569519156502106112
569519918833643521
569531387629318144
569783738210525184
569895498527727617
569148114193530881
569519156502106112
569519918833643521
569531387629318144
569783738210525184
569895498527727617
569148114193530881
569519156502106112
569519918833643521
569531387629318144
569783738210525184
569895498527727617
569148114193530881
569519156502106112
569519918833643521
569531387629318144
569783738210525184
569895498527727617
569148114193530881
569519156502106112
569519918833643521
569531387629318144
569783738210525184
569895498527727617
