569153071093297152
569264328186179584
569502188562546688
569589079710380032
569153071093297152
569264328186179584
569502188562546688
569589079710380032
569153071093297152
569264328186179584
569502188562546688
569589079710380032
569153071093297152
569264328186179584
569502188562546688
569589079710380032
569153071093297152
569264328186179584
569502188562546688
569589079710380032
569153071093297152
569264328186179584
569502188562546688
569589079710380032
569153071093297152
569264328186179584
569502188562546688
569589079710380032
569153071093297152
569264328186179584
569502188562546688
569589079710380032
