567858373527470080
567859569621372928
567860982422306816
567947943593926657
568120102660341760
568678201590996992
568780030538420225
569538992980566017
567858373527470080
567859569621372928
567860982422306816
567947943593926657
568120102660341760
568678201590996992
568780030538420225
569538992980566017
567858373527470080
567859569621372928
567860982422306816
567947943593926657
568120102660341760
568678201590996992
568780030538420225
569538992980566017
569899522152726529
569931753768382464
570068976778153984
