567850746319753217
569697735177170945
569718904131420161
569720366198759424
567850746319753217
569697735177170945
569718904131420161
569720366198759424
567850746319753217
569697735177170945
569718904131420161
569720366198759424
569940430365847554
567850746319753217
569697735177170945
569718904131420161
569720366198759424
569940430365847554
567850746319753217
569697735177170945
569718904131420161
569720366198759424
569940430365847554
567850746319753217
569697735177170945
569718904131420161
569720366198759424
569940430365847554
567850746319753217
569697735177170945
569718904131420161
569720366198759424
569940430365847554
567850746319753217
569697735177170945
569718904131420161
569720366198759424
569940430365847554
