567614049425555457
567737962541375490
567788514952368129
567860325179072512
567874970463780864
567898186414710784
568053728944791552
568126682336534529
568198666613338112
568260044896243712
568435434964938752
568478204190720000
568484677868265473
568489413262610433
568519360953716736
568524407850688512
568526769373859841
568563550475698177
568759914514014208
568761996973379584
568795746721513472
568802232004513792
568841522646552576
568841522663329793
568880146284982272
568940981321637889
569197910895812608
569206152510226432
569207193377107968
569238014418944000
569250990291062786
569254020457635840
569258544714911746
569262088008417280
569274600196075520
569293499968950272
569317747101982720
569323555365752833
569333637382053889
569343738331275264
569360552272769024
569361587032748032
569361961487478785
569372333267394560
569499788934291456
569502188562546688
569546858122616833
569615736387325952
569621210746789888
569657389722550272
569668198389436416
567614049425555457
567737962541375490
567788514952368129
567860325179072512
567874970463780864
567898186414710784
568053728944791552
568126682336534529
568198666613338112
568260044896243712
568435434964938752
568478204190720000
568484677868265473
568489413262610433
568519360953716736
568524407850688512
568526769373859841
568563550475698177
568759914514014208
568761996973379584
568795746721513472
568802232004513792
568841522646552576
568841522663329793
568880146284982272
568940981321637889
569197910895812608
569206152510226432
569207193377107968
569238014418944000
569250990291062786
569254020457635840
569258544714911746
569262088008417280
569274600196075520
569293499968950272
569317747101982720
569323555365752833
569333637382053889
569343738331275264
569360552272769024
569361587032748032
569361961487478785
569372333267394560
569499788934291456
569502188562546688
569546858122616833
569615736387325952
569621210746789888
569657389722550272
569668198389436416
567614049425555457
567737962541375490
567788514952368129
567860325179072512
567874970463780864
567898186414710784
568053728944791552
568126682336534529
568198666613338112
568260044896243712
568435434964938752
568478204190720000
568484677868265473
568489413262610433
568519360953716736
568524407850688512
568526769373859841
568563550475698177
568759914514014208
568761996973379584
568795746721513472
568802232004513792
568841522646552576
568841522663329793
568880146284982272
568940981321637889
569197910895812608
569206152510226432
569207193377107968
569238014418944000
569250990291062786
569254020457635840
569258544714911746
569262088008417280
569274600196075520
569293499968950272
569317747101982720
569323555365752833
569333637382053889
569343738331275264
569360552272769024
569361587032748032
569361961487478785
569372333267394560
569499788934291456
569502188562546688
569546858122616833
569615736387325952
569621210746789888
569657389722550272
569668198389436416
569869808092749824
569978798906716161
570079699595980802
570183297759752192
570198775203016704
570279812922789888
