567713896627470336
567767269120688128
567808424696893440
567816475898310656
567848544893169664
567854782678982656
567926839630557184
568214796514004992
568464337146404864
568518985056002049
568523003778084864
568589571929350144
568672436977168385
568781213651087361
568877085479071744
568901823215448064
569243676594941953
569259442547470336
569328755409326080
569589643487928321
569604655166009345
569615004489494528
569615983205347329
569635077623148545
569674597479677952
569676250312249344
569691155606183937
569705870830874625
567713896627470336
567767269120688128
567808424696893440
567816475898310656
567848544893169664
567854782678982656
567926839630557184
568214796514004992
568464337146404864
568518985056002049
568523003778084864
568589571929350144
568672436977168385
568781213651087361
568877085479071744
568901823215448064
569243676594941953
569259442547470336
569328755409326080
569589643487928321
569604655166009345
569615004489494528
569615983205347329
569635077623148545
569674597479677952
569676250312249344
569691155606183937
569705870830874625
567713896627470336
567767269120688128
567808424696893440
567816475898310656
567848544893169664
567854782678982656
567926839630557184
568214796514004992
568464337146404864
568518985056002049
568523003778084864
568589571929350144
568672436977168385
568781213651087361
568877085479071744
568901823215448064
569243676594941953
569259442547470336
569328755409326080
569589643487928321
569604655166009345
569615004489494528
569615983205347329
569635077623148545
569674597479677952
569676250312249344
569691155606183937
569705870830874625
569846237865885697
569931327253966849
570003111772692480
570063450174464000
570201172985974784
570303889754488832
567713896627470336
567767269120688128
567808424696893440
567816475898310656
567848544893169664
567854782678982656
567926839630557184
568214796514004992
568464337146404864
568518985056002049
568523003778084864
568589571929350144
568672436977168385
568781213651087361
568877085479071744
568901823215448064
569243676594941953
569259442547470336
569328755409326080
569589643487928321
569604655166009345
569615004489494528
569615983205347329
569635077623148545
569674597479677952
569676250312249344
569691155606183937
569705870830874625
569846237865885697
569931327253966849
570003111772692480
570063450174464000
570201172985974784
570303889754488832
567713896627470336
567767269120688128
567808424696893440
567816475898310656
567848544893169664
567854782678982656
567926839630557184
568214796514004992
568464337146404864
568518985056002049
568523003778084864
568589571929350144
568672436977168385
568781213651087361
568877085479071744
568901823215448064
569243676594941953
569259442547470336
569328755409326080
569589643487928321
569604655166009345
569615004489494528
569615983205347329
569635077623148545
569674597479677952
569676250312249344
569691155606183937
569705870830874625
569846237865885697
569931327253966849
570003111772692480
570063450174464000
570201172985974784
570303889754488832
567713896627470336
567767269120688128
567808424696893440
567816475898310656
567848544893169664
567854782678982656
567926839630557184
568214796514004992
568464337146404864
568518985056002049
568523003778084864
568589571929350144
568672436977168385
568781213651087361
568877085479071744
568901823215448064
569243676594941953
569259442547470336
569328755409326080
569589643487928321
569604655166009345
569615004489494528
569615983205347329
569635077623148545
569674597479677952
569676250312249344
569691155606183937
569705870830874625
569846237865885697
569931327253966849
570003111772692480
570063450174464000
570201172985974784
570303889754488832
567713896627470336
567767269120688128
567808424696893440
567816475898310656
567848544893169664
567854782678982656
567926839630557184
568214796514004992
568464337146404864
568518985056002049
568523003778084864
568589571929350144
568672436977168385
568781213651087361
568877085479071744
568901823215448064
569243676594941953
569259442547470336
569328755409326080
569589643487928321
569604655166009345
569615004489494528
569615983205347329
569635077623148545
569674597479677952
569676250312249344
569691155606183937
569705870830874625
569846237865885697
569931327253966849
570003111772692480
570063450174464000
570201172985974784
570303889754488832
567713896627470336
567767269120688128
567808424696893440
567816475898310656
567848544893169664
567854782678982656
567926839630557184
568214796514004992
568464337146404864
568518985056002049
568523003778084864
568589571929350144
568672436977168385
568781213651087361
568877085479071744
568901823215448064
569243676594941953
569259442547470336
569328755409326080
569589643487928321
569604655166009345
569615004489494528
569615983205347329
569635077623148545
569674597479677952
569676250312249344
569691155606183937
569705870830874625
569846237865885697
569931327253966849
570003111772692480
570063450174464000
570201172985974784
570303889754488832
