567758882484793344
567761476338073600
567763697230438400
567763748559937536
567800315093979138
567801079388471296
567808067237326848
567845500205936640
567857402340450305
567895533664120832
567895584625020928
567908046619439104
568045111189372928
568059376474439680
568079446592385025
568085705479618560
568098115988918273
568105051622756352
568141479132200960
568167917004718080
568223950926446593
568228614275260416
568352500748849153
568356641877446656
568375354982842368
568387549867036672
568457483301339136
568472185993629696
568478204190720000
568478881063276545
568487688510287873
568489124098924546
568496915211538436
568527292135133184
568775278505414656
568812584469528576
568823990321598465
568827741832916994
568930822952103938
568946700791861248
568987648691449857
569000361735761920
569174663089287169
569207193377107968
569211350985134081
569223653952323584
569231984334995456
569262517333196800
569327646917537793
569345829653254145
569361701495304192
569374561197789184
569385898573299712
569564610837086209
569570444027822081
569570819757752320
569571772355489792
569587371693355008
569592390211801089
569598171082596352
569619246520479745
569621412325023744
569622243526909952
569627200133197824
569631293429821440
569642989515112448
569643287918845952
569661662648610816
569673434721951744
569674237079744512
569675530792013824
569678544869199872
569678620878376960
569686401735745536
569693592597323776
569715687469420545
569740392372895745
569745375713558528
569769525744250880
569790444797865984
569799734774272002
569810928449003521
567758882484793344
567761476338073600
567763697230438400
567763748559937536
567800315093979138
567801079388471296
567808067237326848
567845500205936640
567857402340450305
567895533664120832
567895584625020928
567908046619439104
568045111189372928
568059376474439680
568079446592385025
568085705479618560
568098115988918273
568105051622756352
568141479132200960
568167917004718080
568223950926446593
568228614275260416
568352500748849153
568356641877446656
568375354982842368
568387549867036672
568457483301339136
568472185993629696
568478204190720000
568478881063276545
568487688510287873
568489124098924546
568496915211538436
568527292135133184
568775278505414656
568812584469528576
568823990321598465
568827741832916994
568930822952103938
568946700791861248
568987648691449857
569000361735761920
569174663089287169
569207193377107968
569211350985134081
569223653952323584
569231984334995456
569262517333196800
569327646917537793
569345829653254145
569361701495304192
569374561197789184
569385898573299712
569564610837086209
569570444027822081
569570819757752320
569571772355489792
569587371693355008
569592390211801089
569598171082596352
569619246520479745
569621412325023744
569622243526909952
569627200133197824
569631293429821440
569642989515112448
569643287918845952
569661662648610816
569673434721951744
569674237079744512
569675530792013824
569678544869199872
569678620878376960
569686401735745536
569693592597323776
569715687469420545
569740392372895745
569745375713558528
569769525744250880
569790444797865984
569799734774272002
569810928449003521
569835751275433984
569842929860263936
567758882484793344
567761476338073600
567763697230438400
567763748559937536
567800315093979138
567801079388471296
567808067237326848
567845500205936640
567857402340450305
567895533664120832
567895584625020928
567908046619439104
568045111189372928
568059376474439680
568079446592385025
568085705479618560
568098115988918273
568105051622756352
568141479132200960
568167917004718080
568223950926446593
568228614275260416
568352500748849153
568356641877446656
568375354982842368
568387549867036672
568457483301339136
568472185993629696
568478204190720000
568478881063276545
568487688510287873
568489124098924546
568496915211538436
568527292135133184
568775278505414656
568812584469528576
568823990321598465
568827741832916994
568930822952103938
568946700791861248
568987648691449857
569000361735761920
569174663089287169
569207193377107968
569211350985134081
569223653952323584
569231984334995456
569262517333196800
569327646917537793
569345829653254145
569361701495304192
569374561197789184
569385898573299712
569564610837086209
569570444027822081
569570819757752320
569571772355489792
569587371693355008
569592390211801089
569598171082596352
569619246520479745
569621412325023744
569622243526909952
569627200133197824
569631293429821440
569642989515112448
569643287918845952
569661662648610816
569673434721951744
569674237079744512
569675530792013824
569678544869199872
569678620878376960
569686401735745536
569693592597323776
569715687469420545
569740392372895745
569745375713558528
569769525744250880
569790444797865984
569799734774272002
569810928449003521
569835751275433984
569842929860263936
569844251426729984
569846990076387328
569850083140882432
569860103341518849
569863705841831936
569867947130421249
569879528891416577
569879601784041472
569879943988948992
569884551712886785
569890213570457600
569894640675102722
569903197835407361
569904589010575360
569909058250997760
569912963273879552
569916555154169856
569916586682945536
569917692758630400
569920773105840128
569928989231353857
569930630059974656
569957675548721152
569958295919730688
569966563245367297
569973683466272768
569986129820196864
569988785330479104
569988987420434432
569989034501500928
570000126636216320
570002051108769792
570010976608780288
570025681062633472
570032949992800256
570037613899481088
570054257577041921
570060272049778688
570063107701272576
570063683256242177
570065109961322496
570105616515145728
570122982863060992
570142278729076736
570184535507210241
570224719011704832
570249102404923392
570250371110539264
570250470289068032
570276917301137409
570292174044200963
570294205999939584
570298679250305024
567758882484793344
567761476338073600
567763697230438400
567763748559937536
567800315093979138
567801079388471296
567808067237326848
567845500205936640
567857402340450305
567895533664120832
567895584625020928
567908046619439104
568045111189372928
568059376474439680
568079446592385025
568085705479618560
568098115988918273
568105051622756352
568141479132200960
568167917004718080
568223950926446593
568228614275260416
568352500748849153
568356641877446656
568375354982842368
568387549867036672
568457483301339136
568472185993629696
568478204190720000
568478881063276545
568487688510287873
568489124098924546
568496915211538436
568527292135133184
568775278505414656
568812584469528576
568823990321598465
568827741832916994
568930822952103938
568946700791861248
568987648691449857
569000361735761920
569174663089287169
569207193377107968
569211350985134081
569223653952323584
569231984334995456
569262517333196800
569327646917537793
569345829653254145
569361701495304192
569374561197789184
569385898573299712
569564610837086209
569570444027822081
569570819757752320
569571772355489792
569587371693355008
569592390211801089
569598171082596352
569619246520479745
569621412325023744
569622243526909952
569627200133197824
569631293429821440
569642989515112448
569643287918845952
569661662648610816
569673434721951744
569674237079744512
569675530792013824
569678544869199872
569678620878376960
569686401735745536
569693592597323776
569715687469420545
569740392372895745
569745375713558528
569769525744250880
569790444797865984
569799734774272002
569810928449003521
569835751275433984
569842929860263936
569844251426729984
569846990076387328
569850083140882432
569860103341518849
569863705841831936
569867947130421249
569879528891416577
569879601784041472
569879943988948992
569884551712886785
569890213570457600
569894640675102722
569903197835407361
569904589010575360
569909058250997760
569912963273879552
569916555154169856
569916586682945536
569917692758630400
569920773105840128
569928989231353857
569930630059974656
569957675548721152
569958295919730688
569966563245367297
569973683466272768
569986129820196864
569988785330479104
569988987420434432
569989034501500928
570000126636216320
570002051108769792
570010976608780288
570025681062633472
570032949992800256
570037613899481088
570054257577041921
570060272049778688
570063107701272576
570063683256242177
570065109961322496
570105616515145728
570122982863060992
570142278729076736
570184535507210241
570224719011704832
570249102404923392
570250371110539264
570250470289068032
570276917301137409
570292174044200963
570294205999939584
570298679250305024
567758882484793344
567761476338073600
567763697230438400
567763748559937536
567800315093979138
567801079388471296
567808067237326848
567845500205936640
567857402340450305
567895533664120832
567895584625020928
567908046619439104
568045111189372928
568059376474439680
568079446592385025
568085705479618560
568098115988918273
568105051622756352
568141479132200960
568167917004718080
568223950926446593
568228614275260416
568352500748849153
568356641877446656
568375354982842368
568387549867036672
568457483301339136
568472185993629696
568478204190720000
568478881063276545
568487688510287873
568489124098924546
568496915211538436
568527292135133184
568775278505414656
568812584469528576
568823990321598465
568827741832916994
568930822952103938
568946700791861248
568987648691449857
569000361735761920
569174663089287169
569207193377107968
569211350985134081
569223653952323584
569231984334995456
569262517333196800
569327646917537793
569345829653254145
569361701495304192
569374561197789184
569385898573299712
569564610837086209
569570444027822081
569570819757752320
569571772355489792
569587371693355008
569592390211801089
569598171082596352
569619246520479745
569621412325023744
569622243526909952
569627200133197824
569631293429821440
569642989515112448
569643287918845952
569661662648610816
569673434721951744
569674237079744512
569675530792013824
569678544869199872
569678620878376960
569686401735745536
569693592597323776
569715687469420545
569740392372895745
569745375713558528
569769525744250880
569790444797865984
569799734774272002
569810928449003521
569835751275433984
569842929860263936
569844251426729984
569846990076387328
569850083140882432
569860103341518849
569863705841831936
569867947130421249
569879528891416577
569879601784041472
569879943988948992
569884551712886785
569890213570457600
569894640675102722
569903197835407361
569904589010575360
569909058250997760
569912963273879552
569916555154169856
569916586682945536
569917692758630400
569920773105840128
569928989231353857
569930630059974656
569957675548721152
569958295919730688
569966563245367297
569973683466272768
569986129820196864
569988785330479104
569988987420434432
569989034501500928
570000126636216320
570002051108769792
570010976608780288
570025681062633472
570032949992800256
570037613899481088
570054257577041921
570060272049778688
570063107701272576
570063683256242177
570065109961322496
570105616515145728
570122982863060992
570142278729076736
570184535507210241
570224719011704832
570249102404923392
570250371110539264
570250470289068032
570276917301137409
570292174044200963
570294205999939584
570298679250305024
567758882484793344
567761476338073600
567763697230438400
567763748559937536
567800315093979138
567801079388471296
567808067237326848
567845500205936640
567857402340450305
567895533664120832
567895584625020928
567908046619439104
568045111189372928
568059376474439680
568079446592385025
568085705479618560
568098115988918273
568105051622756352
568141479132200960
568167917004718080
568223950926446593
568228614275260416
568352500748849153
568356641877446656
568375354982842368
568387549867036672
568457483301339136
568472185993629696
568478204190720000
568478881063276545
568487688510287873
568489124098924546
568496915211538436
568527292135133184
568775278505414656
568812584469528576
568823990321598465
568827741832916994
568930822952103938
568946700791861248
568987648691449857
569000361735761920
569174663089287169
569207193377107968
569211350985134081
569223653952323584
569231984334995456
569262517333196800
569327646917537793
569345829653254145
569361701495304192
569374561197789184
569385898573299712
569564610837086209
569570444027822081
569570819757752320
569571772355489792
569587371693355008
569592390211801089
569598171082596352
569619246520479745
569621412325023744
569622243526909952
569627200133197824
569631293429821440
569642989515112448
569643287918845952
569661662648610816
569673434721951744
569674237079744512
569675530792013824
569678544869199872
569678620878376960
569686401735745536
569693592597323776
569715687469420545
569740392372895745
569745375713558528
569769525744250880
569790444797865984
569799734774272002
569810928449003521
569835751275433984
569842929860263936
569844251426729984
569846990076387328
569850083140882432
569860103341518849
569863705841831936
569867947130421249
569879528891416577
569879601784041472
569879943988948992
569884551712886785
569890213570457600
569894640675102722
569903197835407361
569904589010575360
569909058250997760
569912963273879552
569916555154169856
569916586682945536
569917692758630400
569920773105840128
569928989231353857
569930630059974656
569957675548721152
569958295919730688
569966563245367297
569973683466272768
569986129820196864
569988785330479104
569988987420434432
569989034501500928
570000126636216320
570002051108769792
570010976608780288
570025681062633472
570032949992800256
570037613899481088
570054257577041921
570060272049778688
570063107701272576
570063683256242177
570065109961322496
570105616515145728
570122982863060992
570142278729076736
570184535507210241
570224719011704832
570249102404923392
570250371110539264
570250470289068032
570276917301137409
570292174044200963
570294205999939584
570298679250305024
567758882484793344
567761476338073600
567763697230438400
567763748559937536
567800315093979138
567801079388471296
567808067237326848
567845500205936640
567857402340450305
567895533664120832
567895584625020928
567908046619439104
568045111189372928
568059376474439680
568079446592385025
568085705479618560
568098115988918273
568105051622756352
568141479132200960
568167917004718080
568223950926446593
568228614275260416
568352500748849153
568356641877446656
568375354982842368
568387549867036672
568457483301339136
568472185993629696
568478204190720000
568478881063276545
568487688510287873
568489124098924546
568496915211538436
568527292135133184
568775278505414656
568812584469528576
568823990321598465
568827741832916994
568930822952103938
568946700791861248
568987648691449857
569000361735761920
569174663089287169
569207193377107968
569211350985134081
569223653952323584
569231984334995456
569262517333196800
569327646917537793
569345829653254145
569361701495304192
569374561197789184
569385898573299712
569564610837086209
569570444027822081
569570819757752320
569571772355489792
569587371693355008
569592390211801089
569598171082596352
569619246520479745
569621412325023744
569622243526909952
569627200133197824
569631293429821440
569642989515112448
569643287918845952
569661662648610816
569673434721951744
569674237079744512
569675530792013824
569678544869199872
569678620878376960
569686401735745536
569693592597323776
569715687469420545
569740392372895745
569745375713558528
569769525744250880
569790444797865984
569799734774272002
569810928449003521
569835751275433984
569842929860263936
569844251426729984
569846990076387328
569850083140882432
569860103341518849
569863705841831936
569867947130421249
569879528891416577
569879601784041472
569879943988948992
569884551712886785
569890213570457600
569894640675102722
569903197835407361
569904589010575360
569909058250997760
569912963273879552
569916555154169856
569916586682945536
569917692758630400
569920773105840128
569928989231353857
569930630059974656
569957675548721152
569958295919730688
569966563245367297
569973683466272768
569986129820196864
569988785330479104
569988987420434432
569989034501500928
570000126636216320
570002051108769792
570010976608780288
570025681062633472
570032949992800256
570037613899481088
570054257577041921
570060272049778688
570063107701272576
570063683256242177
570065109961322496
570105616515145728
570122982863060992
570142278729076736
570184535507210241
570224719011704832
570249102404923392
570250371110539264
570250470289068032
570276917301137409
570292174044200963
570294205999939584
570298679250305024
567758882484793344
567761476338073600
567763697230438400
567763748559937536
567800315093979138
567801079388471296
567808067237326848
567845500205936640
567857402340450305
567895533664120832
567895584625020928
567908046619439104
568045111189372928
568059376474439680
568079446592385025
568085705479618560
568098115988918273
568105051622756352
568141479132200960
568167917004718080
568223950926446593
568228614275260416
568352500748849153
568356641877446656
568375354982842368
568387549867036672
568457483301339136
568472185993629696
568478204190720000
568478881063276545
568487688510287873
568489124098924546
568496915211538436
568527292135133184
568775278505414656
568812584469528576
568823990321598465
568827741832916994
568930822952103938
568946700791861248
568987648691449857
569000361735761920
569174663089287169
569207193377107968
569211350985134081
569223653952323584
569231984334995456
569262517333196800
569327646917537793
569345829653254145
569361701495304192
569374561197789184
569385898573299712
569564610837086209
569570444027822081
569570819757752320
569571772355489792
569587371693355008
569592390211801089
569598171082596352
569619246520479745
569621412325023744
569622243526909952
569627200133197824
569631293429821440
569642989515112448
569643287918845952
569661662648610816
569673434721951744
569674237079744512
569675530792013824
569678544869199872
569678620878376960
569686401735745536
569693592597323776
569715687469420545
569740392372895745
569745375713558528
569769525744250880
569790444797865984
569799734774272002
569810928449003521
569835751275433984
569842929860263936
569844251426729984
569846990076387328
569850083140882432
569860103341518849
569863705841831936
569867947130421249
569879528891416577
569879601784041472
569879943988948992
569884551712886785
569890213570457600
569894640675102722
569903197835407361
569904589010575360
569909058250997760
569912963273879552
569916555154169856
569916586682945536
569917692758630400
569920773105840128
569928989231353857
569930630059974656
569957675548721152
569958295919730688
569966563245367297
569973683466272768
569986129820196864
569988785330479104
569988987420434432
569989034501500928
570000126636216320
570002051108769792
570010976608780288
570025681062633472
570032949992800256
570037613899481088
570054257577041921
570060272049778688
570063107701272576
570063683256242177
570065109961322496
570105616515145728
570122982863060992
570142278729076736
570184535507210241
570224719011704832
570249102404923392
570250371110539264
570250470289068032
570276917301137409
570292174044200963
570294205999939584
570298679250305024
