567767744356294656
567778498723737600
567873519356284928
567897640035160064
567939242854215680
568057226776219648
568087881387884544
568165058229997569
568442989258911745
568731155303956480
568850967673896960
568853249551409153
569206925046493184
569230997650214913
569233260108124160
569264951401054208
569439829328408576
569504763957653504
569540659209596928
569629019412557826
569651165396373504
569681019185573889
569684626949718017
567767744356294656
567778498723737600
567873519356284928
567897640035160064
567939242854215680
568057226776219648
568087881387884544
568165058229997569
568442989258911745
568731155303956480
568850967673896960
568853249551409153
569206925046493184
569230997650214913
569233260108124160
569264951401054208
569439829328408576
569504763957653504
569540659209596928
569629019412557826
569651165396373504
569681019185573889
569684626949718017
567767744356294656
567778498723737600
567873519356284928
567897640035160064
567939242854215680
568057226776219648
568087881387884544
568165058229997569
568442989258911745
568731155303956480
568850967673896960
568853249551409153
569206925046493184
569230997650214913
569233260108124160
569264951401054208
569439829328408576
569504763957653504
569540659209596928
569629019412557826
569651165396373504
569681019185573889
569684626949718017
569894012800217088
569957675548721152
569967910417866752
569999956796444674
570083397873373184
570086891342733312
570107683027718144
570227917877354497
570247027117797376
570307820962373632
567767744356294656
567778498723737600
567873519356284928
567897640035160064
567939242854215680
568057226776219648
568087881387884544
568165058229997569
568442989258911745
568731155303956480
568850967673896960
568853249551409153
569206925046493184
569230997650214913
569233260108124160
569264951401054208
569439829328408576
569504763957653504
569540659209596928
569629019412557826
569651165396373504
569681019185573889
569684626949718017
569894012800217088
569957675548721152
569967910417866752
569999956796444674
570083397873373184
570086891342733312
570107683027718144
570227917877354497
570247027117797376
570307820962373632
567767744356294656
567778498723737600
567873519356284928
567897640035160064
567939242854215680
568057226776219648
568087881387884544
568165058229997569
568442989258911745
568731155303956480
568850967673896960
568853249551409153
569206925046493184
569230997650214913
569233260108124160
569264951401054208
569439829328408576
569504763957653504
569540659209596928
569629019412557826
569651165396373504
569681019185573889
569684626949718017
569894012800217088
569957675548721152
569967910417866752
569999956796444674
570083397873373184
570086891342733312
570107683027718144
570227917877354497
570247027117797376
570307820962373632
567767744356294656
567778498723737600
567873519356284928
567897640035160064
567939242854215680
568057226776219648
568087881387884544
568165058229997569
568442989258911745
568731155303956480
568850967673896960
568853249551409153
569206925046493184
569230997650214913
569233260108124160
569264951401054208
569439829328408576
569504763957653504
569540659209596928
569629019412557826
569651165396373504
569681019185573889
569684626949718017
569894012800217088
569957675548721152
569967910417866752
569999956796444674
570083397873373184
570086891342733312
570107683027718144
570227917877354497
570247027117797376
570307820962373632
567767744356294656
567778498723737600
567873519356284928
567897640035160064
567939242854215680
568057226776219648
568087881387884544
568165058229997569
568442989258911745
568731155303956480
568850967673896960
568853249551409153
569206925046493184
569230997650214913
569233260108124160
569264951401054208
569439829328408576
569504763957653504
569540659209596928
569629019412557826
569651165396373504
569681019185573889
569684626949718017
569894012800217088
569957675548721152
569967910417866752
569999956796444674
570083397873373184
570086891342733312
570107683027718144
570227917877354497
570247027117797376
570307820962373632
567767744356294656
567778498723737600
567873519356284928
567897640035160064
567939242854215680
568057226776219648
568087881387884544
568165058229997569
568442989258911745
568731155303956480
568850967673896960
568853249551409153
569206925046493184
569230997650214913
569233260108124160
569264951401054208
569439829328408576
569504763957653504
569540659209596928
569629019412557826
569651165396373504
569681019185573889
569684626949718017
569894012800217088
569957675548721152
569967910417866752
569999956796444674
570083397873373184
570086891342733312
570107683027718144
570227917877354497
570247027117797376
570307820962373632
