568011935347838977
568735060104511488
568760341921959936
569623415767871489
568011935347838977
568735060104511488
568760341921959936
569623415767871489
568011935347838977
568735060104511488
568760341921959936
569623415767871489
568011935347838977
568735060104511488
568760341921959936
569623415767871489
568011935347838977
568735060104511488
568760341921959936
569623415767871489
568011935347838977
568735060104511488
568760341921959936
569623415767871489
568011935347838977
568735060104511488
568760341921959936
569623415767871489
568011935347838977
568735060104511488
568760341921959936
569623415767871489
