567814334228774912
567824229296566272
567837709093347328
567839160779730944
567868808586620928
567889601869668352
568043126775943168
568493806414381058
568549060103135232
567814334228774912
567824229296566272
567837709093347328
567839160779730944
567868808586620928
567889601869668352
568043126775943168
568493806414381058
568549060103135232
567814334228774912
567824229296566272
567837709093347328
567839160779730944
567868808586620928
567889601869668352
568043126775943168
568493806414381058
568549060103135232
567814334228774912
567824229296566272
567837709093347328
567839160779730944
567868808586620928
567889601869668352
568043126775943168
568493806414381058
568549060103135232
567814334228774912
567824229296566272
567837709093347328
567839160779730944
567868808586620928
567889601869668352
568043126775943168
568493806414381058
568549060103135232
567814334228774912
567824229296566272
567837709093347328
567839160779730944
567868808586620928
567889601869668352
568043126775943168
568493806414381058
568549060103135232
567814334228774912
567824229296566272
567837709093347328
567839160779730944
567868808586620928
567889601869668352
568043126775943168
568493806414381058
568549060103135232
567814334228774912
567824229296566272
567837709093347328
567839160779730944
567868808586620928
567889601869668352
568043126775943168
568493806414381058
568549060103135232
