567739357881040896
567750645462360064
567761113631449089
567781663469481984
567808255566602240
567831380157206528
567835334572130304
567860775752208385
567886894761005056
568008391773196288
568165058229997569
568458513636134913
568481405681999872
568503120130658305
568612163578773504
568789500727570432
568795875612463104
568796449863028736
568801535662166016
568880030123745280
568887455044259842
568898784861814785
568911851674836992
568928251554299906
569146084632760320
569228892638019585
569349932131487746
569361701495304192
569393942296432640
569492459258056704
569507522412986368
569507632509267968
569507834930442241
569542909533384707
569558156512088064
569561754163769344
569593694963310593
569598671420919808
569601519663906819
569602861467885568
569606901325017090
569619861879590912
569657202325229568
569661509988708352
569662113989439488
569663875836219392
569682010270101504
569694483769659392
569738487269756928
569759459632750592
567739357881040896
567750645462360064
567761113631449089
567781663469481984
567808255566602240
567831380157206528
567835334572130304
567860775752208385
567886894761005056
568008391773196288
568165058229997569
568458513636134913
568481405681999872
568503120130658305
568612163578773504
568789500727570432
568795875612463104
568796449863028736
568801535662166016
568880030123745280
568887455044259842
568898784861814785
568911851674836992
568928251554299906
569146084632760320
569228892638019585
569349932131487746
569361701495304192
569393942296432640
569492459258056704
569507522412986368
569507632509267968
569507834930442241
569542909533384707
569558156512088064
569561754163769344
569593694963310593
569598671420919808
569601519663906819
569602861467885568
569606901325017090
569619861879590912
569657202325229568
569661509988708352
569662113989439488
569663875836219392
569682010270101504
569694483769659392
569738487269756928
569759459632750592
567739357881040896
567750645462360064
567761113631449089
567781663469481984
567808255566602240
567831380157206528
567835334572130304
567860775752208385
567886894761005056
568008391773196288
568165058229997569
568458513636134913
568481405681999872
568503120130658305
568612163578773504
568789500727570432
568795875612463104
568796449863028736
568801535662166016
568880030123745280
568887455044259842
568898784861814785
568911851674836992
568928251554299906
569146084632760320
569228892638019585
569349932131487746
569361701495304192
569393942296432640
569492459258056704
569507522412986368
569507632509267968
569507834930442241
569542909533384707
569558156512088064
569561754163769344
569593694963310593
569598671420919808
569601519663906819
569602861467885568
569606901325017090
569619861879590912
569657202325229568
569661509988708352
569662113989439488
569663875836219392
569682010270101504
569694483769659392
569738487269756928
569759459632750592
569870248779902976
569919319821434880
569950215513497601
569966422744395776
569966563245367297
569970626057801728
569971542538346496
570040802845421568
570045020402626561
570092218058346496
570226414525542400
570270444646850561
570282089863626752
570285537833168896
570298018685165568
570298455068971008
