569658340147646464
569663325383979008
569693820398510080
569729569428627456
569765076980215809
569658340147646464
569663325383979008
569693820398510080
569729569428627456
569765076980215809
569658340147646464
569663325383979008
569693820398510080
569729569428627456
569765076980215809
569658340147646464
569663325383979008
569693820398510080
569729569428627456
569765076980215809
569658340147646464
569663325383979008
569693820398510080
569729569428627456
569765076980215809
569658340147646464
569663325383979008
569693820398510080
569729569428627456
569765076980215809
569658340147646464
569663325383979008
569693820398510080
569729569428627456
569765076980215809
569658340147646464
569663325383979008
569693820398510080
569729569428627456
569765076980215809
