567765457731624960
567841954484068353
567872077899763712
567873467401371648
568133255410671617
568471227418832896
568556953640820736
568793043664560128
569243185832169472
569526458529349632
569815182265978880
567765457731624960
567841954484068353
567872077899763712
567873467401371648
568133255410671617
568471227418832896
568556953640820736
568793043664560128
569243185832169472
569526458529349632
569815182265978880
567765457731624960
567841954484068353
567872077899763712
567873467401371648
568133255410671617
568471227418832896
568556953640820736
568793043664560128
569243185832169472
569526458529349632
569815182265978880
569853568200503296
569871932251729920
569891440135794688
569908722778157056
569958524270342144
569961410161192960
570048275367079937
570121321192894464
570272172679282688
