567772012735922176
567842366473834498
567903883047088128
568231742449922049
568352500748849153
568440384897966080
568955862124863488
569130479690981376
569209958627016706
569218762907324416
569271020395241472
569506361266085888
569558986665537537
569586373042278400
569591642367401984
569596502558920707
569606226880929792
569624865558245376
569659515706028033
569669062206332929
569802164060557312
569816394180788224
567772012735922176
567842366473834498
567903883047088128
568231742449922049
568352500748849153
568440384897966080
568955862124863488
569130479690981376
569209958627016706
569218762907324416
569271020395241472
569506361266085888
569558986665537537
569586373042278400
569591642367401984
569596502558920707
569606226880929792
569624865558245376
569659515706028033
569669062206332929
569802164060557312
569816394180788224
567772012735922176
567842366473834498
567903883047088128
568231742449922049
568352500748849153
568440384897966080
568955862124863488
569130479690981376
569209958627016706
569218762907324416
569271020395241472
569506361266085888
569558986665537537
569586373042278400
569591642367401984
569596502558920707
569606226880929792
569624865558245376
569659515706028033
569669062206332929
569802164060557312
569816394180788224
569910395667935232
569921646057926656
569969386062266368
569996897009717248
569998043761803264
570036538488139776
570276018751016960
570283712409051136
