567771225104338944
567790510502371328
568057046303576065
568168661732724736
568269181394817024
568430874049581058
568611276026351618
568757933502148608
568840247657820160
568882014415249408
569226228152053760
569279586921353216
569519571314589696
569617083194933248
569679642447052800
569698788216049664
567771225104338944
567790510502371328
568057046303576065
568168661732724736
568269181394817024
568430874049581058
568611276026351618
568757933502148608
568840247657820160
568882014415249408
569226228152053760
569279586921353216
569519571314589696
569617083194933248
569679642447052800
569698788216049664
567771225104338944
567790510502371328
568057046303576065
568168661732724736
568269181394817024
568430874049581058
568611276026351618
568757933502148608
568840247657820160
568882014415249408
569226228152053760
569279586921353216
569519571314589696
569617083194933248
569679642447052800
569698788216049664
569884616649269248
569938672935546880
570128633957736448
570138826032713729
570195492006707200
567771225104338944
567790510502371328
568057046303576065
568168661732724736
568269181394817024
568430874049581058
568611276026351618
568757933502148608
568840247657820160
568882014415249408
569226228152053760
569279586921353216
569519571314589696
569617083194933248
569679642447052800
569698788216049664
569884616649269248
569938672935546880
570128633957736448
570138826032713729
570195492006707200
567771225104338944
567790510502371328
568057046303576065
568168661732724736
568269181394817024
568430874049581058
568611276026351618
568757933502148608
568840247657820160
568882014415249408
569226228152053760
569279586921353216
569519571314589696
569617083194933248
569679642447052800
569698788216049664
569884616649269248
569938672935546880
570128633957736448
570138826032713729
570195492006707200
567771225104338944
567790510502371328
568057046303576065
568168661732724736
568269181394817024
568430874049581058
568611276026351618
568757933502148608
568840247657820160
568882014415249408
569226228152053760
569279586921353216
569519571314589696
569617083194933248
569679642447052800
569698788216049664
569884616649269248
569938672935546880
570128633957736448
570138826032713729
570195492006707200
567771225104338944
567790510502371328
568057046303576065
568168661732724736
568269181394817024
568430874049581058
568611276026351618
568757933502148608
568840247657820160
568882014415249408
569226228152053760
569279586921353216
569519571314589696
569617083194933248
569679642447052800
569698788216049664
569884616649269248
569938672935546880
570128633957736448
570138826032713729
570195492006707200
567771225104338944
567790510502371328
568057046303576065
568168661732724736
568269181394817024
568430874049581058
568611276026351618
568757933502148608
568840247657820160
568882014415249408
569226228152053760
569279586921353216
569519571314589696
569617083194933248
569679642447052800
569698788216049664
569884616649269248
569938672935546880
570128633957736448
570138826032713729
570195492006707200
