568503048961724417
568552943005224961
568757671819661314
569129269139537920
569572095794917376
569605935280336896
569666814017294339
569687056542244864
568503048961724417
568552943005224961
568757671819661314
569129269139537920
569572095794917376
569605935280336896
569666814017294339
569687056542244864
568503048961724417
568552943005224961
568757671819661314
569129269139537920
569572095794917376
569605935280336896
569666814017294339
569687056542244864
569865357625851905
569893716711747584
569964162979221504
569966909019398144
570015373447159808
570201740496257024
570229480821628928
