567882458357714944
568450642085171200
568563550475698177
569236645180018689
567882458357714944
568450642085171200
568563550475698177
569236645180018689
567882458357714944
568450642085171200
568563550475698177
569236645180018689
569909718765842432
569990010067423233
570035876845084672
570304633048047616
567882458357714944
568450642085171200
568563550475698177
569236645180018689
569909718765842432
569990010067423233
570035876845084672
570304633048047616
567882458357714944
568450642085171200
568563550475698177
569236645180018689
569909718765842432
569990010067423233
570035876845084672
570304633048047616
567882458357714944
568450642085171200
568563550475698177
569236645180018689
569909718765842432
569990010067423233
570035876845084672
570304633048047616
567882458357714944
568450642085171200
568563550475698177
569236645180018689
569909718765842432
569990010067423233
570035876845084672
570304633048047616
567882458357714944
568450642085171200
568563550475698177
569236645180018689
569909718765842432
569990010067423233
570035876845084672
570304633048047616
