567807278964023296
567908796917420032
568517827482685440
567807278964023296
567908796917420032
568517827482685440
567807278964023296
567908796917420032
568517827482685440
570160277934747648
567807278964023296
567908796917420032
568517827482685440
570160277934747648
567807278964023296
567908796917420032
568517827482685440
570160277934747648
567807278964023296
567908796917420032
568517827482685440
570160277934747648
567807278964023296
567908796917420032
568517827482685440
570160277934747648
567807278964023296
567908796917420032
568517827482685440
570160277934747648
