568067535599505408
568198843034169344
568202174917976064
568416873211015168
568981498046623744
569245152406953984
569341641200439296
569395649310883840
569552552297041920
569622447869304832
569624091646431232
569678065422311424
568067535599505408
568198843034169344
568202174917976064
568416873211015168
568981498046623744
569245152406953984
569341641200439296
569395649310883840
569552552297041920
569622447869304832
569624091646431232
569678065422311424
568067535599505408
568198843034169344
568202174917976064
568416873211015168
568981498046623744
569245152406953984
569341641200439296
569395649310883840
569552552297041920
569622447869304832
569624091646431232
569678065422311424
569872132269682688
569908918421299200
569989007532142592
570002509906837504
570007830083854338
570064443159089153
568067535599505408
568198843034169344
568202174917976064
568416873211015168
568981498046623744
569245152406953984
569341641200439296
569395649310883840
569552552297041920
569622447869304832
569624091646431232
569678065422311424
569872132269682688
569908918421299200
569989007532142592
570002509906837504
570007830083854338
570064443159089153
568067535599505408
568198843034169344
568202174917976064
568416873211015168
568981498046623744
569245152406953984
569341641200439296
569395649310883840
569552552297041920
569622447869304832
569624091646431232
569678065422311424
569872132269682688
569908918421299200
569989007532142592
570002509906837504
570007830083854338
570064443159089153
568067535599505408
568198843034169344
568202174917976064
568416873211015168
568981498046623744
569245152406953984
569341641200439296
569395649310883840
569552552297041920
569622447869304832
569624091646431232
569678065422311424
569872132269682688
569908918421299200
569989007532142592
570002509906837504
570007830083854338
570064443159089153
568067535599505408
568198843034169344
568202174917976064
568416873211015168
568981498046623744
569245152406953984
569341641200439296
569395649310883840
569552552297041920
569622447869304832
569624091646431232
569678065422311424
569872132269682688
569908918421299200
569989007532142592
570002509906837504
570007830083854338
570064443159089153
568067535599505408
568198843034169344
568202174917976064
568416873211015168
568981498046623744
569245152406953984
569341641200439296
569395649310883840
569552552297041920
569622447869304832
569624091646431232
569678065422311424
569872132269682688
569908918421299200
569989007532142592
570002509906837504
570007830083854338
570064443159089153
