567893201719156736
568244663154393088
569609621834301440
569626882053787649
567893201719156736
568244663154393088
569609621834301440
569626882053787649
567893201719156736
568244663154393088
569609621834301440
569626882053787649
570014685166219264
567893201719156736
568244663154393088
569609621834301440
569626882053787649
570014685166219264
567893201719156736
568244663154393088
569609621834301440
569626882053787649
570014685166219264
567893201719156736
568244663154393088
569609621834301440
569626882053787649
570014685166219264
567893201719156736
568244663154393088
569609621834301440
569626882053787649
570014685166219264
567893201719156736
568244663154393088
569609621834301440
569626882053787649
570014685166219264
