567741610373685250
567773611591626752
567893704058474496
568105220410105857
568133255410671617
568169379613032448
568442077400436736
568877353478299648
569172176214962176
569230445654740992
569330030074990592
569330115114627073
569511892215062528
569603127223066624
569619984802054144
569685957437362176
567741610373685250
567773611591626752
567893704058474496
568105220410105857
568133255410671617
568169379613032448
568442077400436736
568877353478299648
569172176214962176
569230445654740992
569330030074990592
569330115114627073
569511892215062528
569603127223066624
569619984802054144
569685957437362176
567741610373685250
567773611591626752
567893704058474496
568105220410105857
568133255410671617
568169379613032448
568442077400436736
568877353478299648
569172176214962176
569230445654740992
569330030074990592
569330115114627073
569511892215062528
569603127223066624
569619984802054144
569685957437362176
569957000752140290
570012000648081409
570033778300620801
570049923858567168
570204930520190978
