567588278875213824
567667301067915264
567686845903826947
567692504397803520
567701830805618688
567716378681933825
567721738155622401
567722689989578752
567724178317402112
567724266045837313
567726092518031360
567727403964055552
567727701620822016
567730299912482816
567734769312882688
567737267095994368
567737598115082241
567737962541375490
567741692854276096
567741700597366784
567746576626356225
567750428595871745
567754136255725568
567754367860633600
567759344360783872
567762685200228352
567763529277923329
567763748559937536
567768330624372736
567769468278988800
567776348828360707
567776761510907904
567777622357475328
567779193342423040
567780426601996288
567781813326589952
567783113309585409
567783187901915136
567783892711526400
567784566614540289
567785481161953280
567785752751505412
567787240399851520
567787583138230272
567788423352950784
567790133224681472
567791059393335297
567795026307325952
567796413880397825
567799665061576704
567802900480585728
567803969235390464
567804646157475840
567804951288901634
567806843310907392
567806964832460800
567807967706488832
567810573002620928
567810786576576512
567812369902133248
567814769077436416
567815252881977344
567821288820203520
567821292797186048
567823564167192576
567827275619549184
567829543723102208
567829997668470785
567834498655604736
567834881939546113
567837218628362241
567840923008237568
567841828411551744
567844774994014208
567848437992984576
567849200295124992
567852264099999744
567854782678982656
567860067602558977
567866540424560640
567868770284208128
567871168214106113
567874261085454338
567875922906456064
567879331810246656
567880317345771520
567880664600698880
567886632155680770
567886700275310592
567890265416945664
567890395322920960
567892966980870144
567896250013601792
567897563065511936
567905158346207233
567907430069329920
567907935331971072
567912190788771840
567912664996786177
567915499868131328
567916726668644352
567923361256460288
567938175634702336
567950666578030594
567965767808864256
567973066929614848
567980868997763072
567982055503622144
567987484556013568
567992830943223808
567995970232795136
568006455317667840
568014567089029120
568018287302447104
568031723004555264
568035703768154112
568035844088590336
568037433503145984
568042046608580608
568045665185452032
568046797475553280
568053507179163648
568053728944791552
568053732929359872
568054955967418368
568058820376854528
568064123621093377
568064972086906880
568068513224654848
568071468312981504
568072822955896832
568073191068794880
568078069568839680
568078149231067136
568079810389549057
568082454336151552
568084495078785024
568084717481775104
568086132346322945
568086568059027456
568087614303166464
568088967419023360
568090890549374976
568091960709230592
568092489011236864
568093988516802560
568099620456423424
568100712309256192
568100786657316864
568100973966569472
568101606585020416
568101669809946624
568103618500530176
568104519633993728
568105106647838720
568107363195973633
568107472260624384
568108968867819520
568111503812870144
568114097142652928
568114394397147137
568118452965085184
568119831519739904
568121659988824064
568121964444950529
568122371854307328
568122723915862016
568130367900798976
568131853929947136
568132185741500416
568132209330098177
568135839814807552
568136521502605312
568137238732771328
568139150710296577
568144357230026752
568144589162287105
568146952635854848
568160713170149376
568162054206435328
568163426343784448
568169348721848322
568175282919739392
568177152924860416
568177882620661760
568180768804978688
568181167054196736
568182386409607168
568184134666981376
568184231819481088
568186002759671808
568191336764948480
568192252792541184
568192567348604928
568198057155641344
568199550084591616
568199579201605632
568202940839800832
568203174198284288
568204231271796736
568205181990637568
568207527067783168
568211739059326976
568214091229224960
568214651336396801
568215698524246016
568217301243133952
568220131819720705
568229143860658176
568229659810209792
568232493779824640
568236231374581760
568236763128463361
568237654606680064
568238379847921665
568239036533497856
568253469129187328
568262925833515008
568282853240209408
568290152151269377
568294699515187200
568299749121654784
568299906466762752
568303933774532608
568305064529408000
568307768551026688
568309328127655936
568326927695491072
568335451741749248
568349321634013184
568364437599436800
568365652597014528
568379591569629185
568380749495164929
568382154071089154
568386996525252609
568391084210036736
568391878871285760
568394432900431872
568402562107498497
568406048777900032
568419991030087681
568422622922469376
568422817601097728
568425272304934912
568428195193729025
568429798604857344
568430087298801666
568432390957355008
568434959226179585
568435938264625152
568438724708544514
568451916319096832
568452676452806656
568453042816868352
568456895515607040
568458879220076545
568464356687679488
568467880481665025
568468732441276416
568469942711885825
568471761051721728
568472920466411520
568474825989054464
568475947617411072
568485707993497603
568487509958774784
568489700232695808
568491160056045568
568491256508231680
568499629043687426
568499798099304449
568501539167473664
568502112457510912
568507977235365888
568509343047352322
568509763048357888
568512847178645505
568514213921947648
568514794287796224
568515553666539520
568517447847780353
568519360953716736
568520126095441920
568526386249351168
568526769373859841
568526847320784896
568529856977199104
568531781835571200
568533099908182016
568543965026390016
568544549536198656
568546837231042560
568548980122103808
568552347812524032
568552809555103744
568556238012678144
568561938457690112
568564957740175360
568567970450055170
568568593262231552
568569739225604096
568571772251082752
568573387817291776
568574014505029632
568574174677114880
568574249553637377
568575417650679808
568575520406765568
568576763212619777
568577243200376833
568579880046227457
568582924729073664
568583014176960513
568589551477886977
568591059602829314
568591278805528576
568591705802469376
568597262378655744
568602941940043776
568604039430033408
568604311598469121
568606225027485696
568609263485984768
568614676612964352
568615812594077696
568620542682468352
568626625857728513
568635531900243968
568637437812944896
568654300802473985
568660340910592000
568663147189415936
568682740020690945
568689188377403392
568703064691113984
568712938019639296
568715107892641792
568725291247525888
568727789311889409
568735841771597825
568737248931397632
568743141861228544
568756110456270849
568758241745719297
568761425029668864
568762267493249024
568769672922812418
568770125114929152
568775898234798081
568779615323299840
568780030538420225
568781140217049088
568783658150191104
568784436428300290
568785094430883840
568790015142178816
568790164404899840
568792520337039360
568794864533385216
568795746721513472
568796240319639552
568798045799784448
568798853656223745
568799486392143872
568800805475782656
568800974632050688
568801276416401408
568802044309430272
568806237804109825
568807823187976193
568807894264578048
568808746689933312
568809330151022592
568809369678315521
568813302140284928
568815117120319488
568815280903864321
568818335200223232
568824637267685377
568825791644966912
568827568973066240
568830466830151680
568831574474661888
568833490818453504
568833608460283904
568833739192557569
568836365309190145
568838020041809920
568839199773732864
568839278681174016
568839596261249024
568841522646552576
568841522663329793
568842695864504320
568843160224452608
568845545986400256
568845553104068609
568846033997803520
568847616404004864
568848068977799168
568848952768000000
568850770331721728
568852319762313216
568858368829313024
568859651980156928
568862134966345729
568863902106320896
568868703762296832
568869594531651584
568873474392854530
568875212202078208
568875453773168640
568876016216600576
568879046215520256
568881357583097857
568882321119510528
568883981371846656
568883988338581504
568884252110159873
568884675021635584
568885007646740480
568885117373927425
568887240685785089
568889116399525888
568889146179072000
568890017365561344
568892047559503873
568892505829347329
568893072001646592
568894341243998208
568894996683870208
568896227917451264
568896751102533632
568898405189038080
568903193930764288
568904684561408000
568906461461393408
568906503358259200
568910590921609216
568911099740839936
568913412505251840
568917429033652226
568919686978641920
568920314073260032
568922616800657411
568924327275401218
568925181848227840
568926018049691648
568928605226426370
568929935273930752
568930692551221248
568932129872039936
568935917341286400
568940264020004864
568941851228528642
568944962311626752
568948016662474752
568948848263081986
568951462413209601
568951532252585987
568951601777512448
568955060165554176
568955324511563776
568957558444175360
568959170730266624
568964652455092224
568964732981530624
568965585620459520
568965870178816000
568967381860503552
568967902520590337
568968312274718721
568977175149293570
568977430439817216
568982253553844225
568983517037772800
568984950709432320
568988406476189696
568988757954678784
568989005162766337
568992290833899520
569002132621398016
569012722169466880
569017002439761920
569017052310056960
569017837576069120
569017927803932672
569018352464588800
569025401906794496
569028851860254720
569036254253346818
569056573731020800
569068027917922304
569078309033803776
569083132353204224
569084344930676736
569085417045143552
569101653573570560
569102757875077121
569103956795904000
569104886119297024
569106746486222849
569113328724807680
569116333998256129
569120847115501568
569125033509048320
569132310110588928
569132950006185985
569134718396051456
569139480101314560
569143528397254656
569144474359738368
569144929093615616
569150828952444928
569151206028931072
569152074052542464
569152332765667328
569153142526332930
569155784988164098
569158629443502081
569159619710361600
569161583718473728
569164042679377921
569165654848204800
569170541250129920
569173103009525760
569176007225188352
569176746735632384
569178197499256832
569179898532761600
569181132685574144
569182050219126785
569182643155300352
569183494259273728
569185441171316737
569192081618370560
569194348375613441
569194554290774016
569194996143755264
569195435736244225
569196701401128961
569198480226439168
569202691185909760
569202715571703808
569202773704646658
569203468419751936
569204255191490560
569208219072991233
569208317408514048
569208480793567233
569208751972065280
569209306874122241
569209566715469824
569211350985134081
569211645710495745
569212570478911489
569213503954915329
569213883371683840
569216546779705344
569218789834821632
569222494952886272
569223492987723778
569225085330071554
569226228152053760
569228110937202688
569228707203837952
569230515833856000
569233955951480832
569234806543929344
569234924785414145
569235825680105472
569237783715422208
569240866684071936
569241776617160704
569243807331409920
569247579692781569
569248700947689474
569249554236878848
569249704543965184
569253285015752704
569256307045179392
569259056956727296
569260526976544768
569268918566719488
569271364521103361
569273451564785664
569274618428526592
569276734798893056
569279532261203968
569280114296401920
569280553574277120
569281144186908672
569292823805042688
569294014026903552
569296707982221312
569304208534597632
569310717393944577
569311644934807552
569318130356502528
569322175175352322
569322478847135744
569323727818657792
569324035835711489
569326191213219841
569327664919498752
569336246474022912
569339072805797888
569341439148236800
569343186046332928
569346431833673732
569347118034501632
569350289729458177
569355673068118016
569357196141719552
569362928710914049
569368523178270721
569370010751094784
569370900568502272
569372340309651457
569377543687700480
569394015055040512
569400869768302592
569429411646156800
569435327544369153
569451572792406016
569452063920226304
569453313462132736
569459618881019905
569480594419281920
569482263345307648
569483390581383168
569484965055832065
569487317917958144
569487788753555456
569488705146068993
569491590105980929
569495653526724608
569497031322030081
569497966660218882
569498738856755200
569500360651509760
569504946120298496
569506137013420032
569508802891882497
569510849846611968
569513103970455552
569513498016923648
569514063019053056
569514902748061696
569519860994203648
569523440547291136
569525641759993856
569526800767983616
569527848131637248
569528410684461057
569530599129501696
569533098402009088
569534268130660352
569534889055395841
569537042201194496
569538840735703040
569539000312188928
569540405676654592
569546689943482368
569547921189933056
569548726265470976
569550230376423424
569551241967067136
569551779752386560
569554776611901440
569555072067051520
569555395339018241
569555719885885441
569556399585402880
569557305961750528
569561425955332097
569562007671853056
569563148472225794
569567252363812864
569570477410275328
569577548318777345
569578439797313536
569581903965265920
569584057270575105
569586098772578304
569587813856841728
569587844693536768
569588073438121984
569589643487928321
569590208095768576
569592590632247297
569592981742878721
569593910869127168
569594973949206529
569595218401439744
569595899204255745
569596357381644289
569596445680115712
569596469105299456
569597328522387456
569598511483789312
569599725240000513
569600985007558656
569603991551782913
569604041141039104
569604066239762432
569604330229092352
569607114462793730
569607509167595520
569612035585155073
569614009369907200
569614085807067136
569614422496444417
569614679154143232
569617776509378560
569620440613826561
569620598307074048
569620873394696192
569621238152368128
569621351650209792
569621840844464128
569622447869304832
569622819283337218
569623248205430785
569624091646431232
569625609799774208
569626389944659970
569626613664653312
569626951733932032
569627346166284288
569628159085301760
569628431236911104
569628922431873025
569629537400696832
569630160233873411
569630266664325120
569631041603788800
569631567032627200
569631860885577729
569633099174322177
569633323997212672
569635707746160642
569637147067551746
569639288649883648
569640193931612160
569644310045417472
569644637343711232
569645065792069632
569646857632096256
569649747213987841
569650401085157376
569654735592140800
569655392931876864
569658152741957634
569658322413965312
569665707870285824
569666011147821057
569666042672369665
569666708278878208
569666866932813824
569666926294798338
569667019693359104
569667805643034624
569668637369491458
569668741484515328
569669059941261312
569669174731153408
569669992624431105
569671087820111872
569671596744380416
569673473607344128
569674104913014784
569674725623926784
569675637365071872
569675848770408448
569676217432977408
569676404893163520
569677827068579840
569678905344270336
569679642447052800
569679850773958657
569680508088688641
569681392369590272
569682192332234752
569682961345470465
569684101197910016
569684686160719872
569688822180503552
569689221658775553
569689743061069824
569690742169292802
569690786180132865
569696080121569280
569696824061235200
569697188508348416
569697701098602497
569698085821001728
569698944084680704
569700243383537664
569700785824669696
569701122899775488
569701178054811648
569702870423117825
569703794453295104
569704454376660992
569704597922557952
569705524138090496
569705869816012801
569713993532600321
569721972600528897
569722907187752960
569723932355358720
569728621344104448
569734821091487744
569735732060753921
569736434803978240
569740962760499200
569745645956771840
569746271336062978
569749422482960384
569749896095358977
569757272760397824
569767473525862400
569769288174870528
569777772115193856
569780939280093185
569792794711220224
569813138910130176
567588278875213824
567667301067915264
567686845903826947
567692504397803520
567701830805618688
567716378681933825
567721738155622401
567722689989578752
567724178317402112
567724266045837313
567726092518031360
567727403964055552
567727701620822016
567730299912482816
567734769312882688
567737267095994368
567737598115082241
567737962541375490
567741692854276096
567741700597366784
567746576626356225
567750428595871745
567754136255725568
567754367860633600
567759344360783872
567762685200228352
567763529277923329
567763748559937536
567768330624372736
567769468278988800
567776348828360707
567776761510907904
567777622357475328
567779193342423040
567780426601996288
567781813326589952
567783113309585409
567783187901915136
567783892711526400
567784566614540289
567785481161953280
567785752751505412
567787240399851520
567787583138230272
567788423352950784
567790133224681472
567791059393335297
567795026307325952
567796413880397825
567799665061576704
567802900480585728
567803969235390464
567804646157475840
567804951288901634
567806843310907392
567806964832460800
567807967706488832
567810573002620928
567810786576576512
567812369902133248
567814769077436416
567815252881977344
567821288820203520
567821292797186048
567823564167192576
567827275619549184
567829543723102208
567829997668470785
567834498655604736
567834881939546113
567837218628362241
567840923008237568
567841828411551744
567844774994014208
567848437992984576
567849200295124992
567852264099999744
567854782678982656
567860067602558977
567866540424560640
567868770284208128
567871168214106113
567874261085454338
567875922906456064
567879331810246656
567880317345771520
567880664600698880
567886632155680770
567886700275310592
567890265416945664
567890395322920960
567892966980870144
567896250013601792
567897563065511936
567905158346207233
567907430069329920
567907935331971072
567912190788771840
567912664996786177
567915499868131328
567916726668644352
567923361256460288
567938175634702336
567950666578030594
567965767808864256
567973066929614848
567980868997763072
567982055503622144
567987484556013568
567992830943223808
567995970232795136
568006455317667840
568014567089029120
568018287302447104
568031723004555264
568035703768154112
568035844088590336
568037433503145984
568042046608580608
568045665185452032
568046797475553280
568053507179163648
568053728944791552
568053732929359872
568054955967418368
568058820376854528
568064123621093377
568064972086906880
568068513224654848
568071468312981504
568072822955896832
568073191068794880
568078069568839680
568078149231067136
568079810389549057
568082454336151552
568084495078785024
568084717481775104
568086132346322945
568086568059027456
568087614303166464
568088967419023360
568090890549374976
568091960709230592
568092489011236864
568093988516802560
568099620456423424
568100712309256192
568100786657316864
568100973966569472
568101606585020416
568101669809946624
568103618500530176
568104519633993728
568105106647838720
568107363195973633
568107472260624384
568108968867819520
568111503812870144
568114097142652928
568114394397147137
568118452965085184
568119831519739904
568121659988824064
568121964444950529
568122371854307328
568122723915862016
568130367900798976
568131853929947136
568132185741500416
568132209330098177
568135839814807552
568136521502605312
568137238732771328
568139150710296577
568144357230026752
568144589162287105
568146952635854848
568160713170149376
568162054206435328
568163426343784448
568169348721848322
568175282919739392
568177152924860416
568177882620661760
568180768804978688
568181167054196736
568182386409607168
568184134666981376
568184231819481088
568186002759671808
568191336764948480
568192252792541184
568192567348604928
568198057155641344
568199550084591616
568199579201605632
568202940839800832
568203174198284288
568204231271796736
568205181990637568
568207527067783168
568211739059326976
568214091229224960
568214651336396801
568215698524246016
568217301243133952
568220131819720705
568229143860658176
568229659810209792
568232493779824640
568236231374581760
568236763128463361
568237654606680064
568238379847921665
568239036533497856
568253469129187328
568262925833515008
568282853240209408
568290152151269377
568294699515187200
568299749121654784
568299906466762752
568303933774532608
568305064529408000
568307768551026688
568309328127655936
568326927695491072
568335451741749248
568349321634013184
568364437599436800
568365652597014528
568379591569629185
568380749495164929
568382154071089154
568386996525252609
568391084210036736
568391878871285760
568394432900431872
568402562107498497
568406048777900032
568419991030087681
568422622922469376
568422817601097728
568425272304934912
568428195193729025
568429798604857344
568430087298801666
568432390957355008
568434959226179585
568435938264625152
568438724708544514
568451916319096832
568452676452806656
568453042816868352
568456895515607040
568458879220076545
568464356687679488
568467880481665025
568468732441276416
568469942711885825
568471761051721728
568472920466411520
568474825989054464
568475947617411072
568485707993497603
568487509958774784
568489700232695808
568491160056045568
568491256508231680
568499629043687426
568499798099304449
568501539167473664
568502112457510912
568507977235365888
568509343047352322
568509763048357888
568512847178645505
568514213921947648
568514794287796224
568515553666539520
568517447847780353
568519360953716736
568520126095441920
568526386249351168
568526769373859841
568526847320784896
568529856977199104
568531781835571200
568533099908182016
568543965026390016
568544549536198656
568546837231042560
568548980122103808
568552347812524032
568552809555103744
568556238012678144
568561938457690112
568564957740175360
568567970450055170
568568593262231552
568569739225604096
568571772251082752
568573387817291776
568574014505029632
568574174677114880
568574249553637377
568575417650679808
568575520406765568
568576763212619777
568577243200376833
568579880046227457
568582924729073664
568583014176960513
568589551477886977
568591059602829314
568591278805528576
568591705802469376
568597262378655744
568602941940043776
568604039430033408
568604311598469121
568606225027485696
568609263485984768
568614676612964352
568615812594077696
568620542682468352
568626625857728513
568635531900243968
568637437812944896
568654300802473985
568660340910592000
568663147189415936
568682740020690945
568689188377403392
568703064691113984
568712938019639296
568715107892641792
568725291247525888
568727789311889409
568735841771597825
568737248931397632
568743141861228544
568756110456270849
568758241745719297
568761425029668864
568762267493249024
568769672922812418
568770125114929152
568775898234798081
568779615323299840
568780030538420225
568781140217049088
568783658150191104
568784436428300290
568785094430883840
568790015142178816
568790164404899840
568792520337039360
568794864533385216
568795746721513472
568796240319639552
568798045799784448
568798853656223745
568799486392143872
568800805475782656
568800974632050688
568801276416401408
568802044309430272
568806237804109825
568807823187976193
568807894264578048
568808746689933312
568809330151022592
568809369678315521
568813302140284928
568815117120319488
568815280903864321
568818335200223232
568824637267685377
568825791644966912
568827568973066240
568830466830151680
568831574474661888
568833490818453504
568833608460283904
568833739192557569
568836365309190145
568838020041809920
568839199773732864
568839278681174016
568839596261249024
568841522646552576
568841522663329793
568842695864504320
568843160224452608
568845545986400256
568845553104068609
568846033997803520
568847616404004864
568848068977799168
568848952768000000
568850770331721728
568852319762313216
568858368829313024
568859651980156928
568862134966345729
568863902106320896
568868703762296832
568869594531651584
568873474392854530
568875212202078208
568875453773168640
568876016216600576
568879046215520256
568881357583097857
568882321119510528
568883981371846656
568883988338581504
568884252110159873
568884675021635584
568885007646740480
568885117373927425
568887240685785089
568889116399525888
568889146179072000
568890017365561344
568892047559503873
568892505829347329
568893072001646592
568894341243998208
568894996683870208
568896227917451264
568896751102533632
568898405189038080
568903193930764288
568904684561408000
568906461461393408
568906503358259200
568910590921609216
568911099740839936
568913412505251840
568917429033652226
568919686978641920
568920314073260032
568922616800657411
568924327275401218
568925181848227840
568926018049691648
568928605226426370
568929935273930752
568930692551221248
568932129872039936
568935917341286400
568940264020004864
568941851228528642
568944962311626752
568948016662474752
568948848263081986
568951462413209601
568951532252585987
568951601777512448
568955060165554176
568955324511563776
568957558444175360
568959170730266624
568964652455092224
568964732981530624
568965585620459520
568965870178816000
568967381860503552
568967902520590337
568968312274718721
568977175149293570
568977430439817216
568982253553844225
568983517037772800
568984950709432320
568988406476189696
568988757954678784
568989005162766337
568992290833899520
569002132621398016
569012722169466880
569017002439761920
569017052310056960
569017837576069120
569017927803932672
569018352464588800
569025401906794496
569028851860254720
569036254253346818
569056573731020800
569068027917922304
569078309033803776
569083132353204224
569084344930676736
569085417045143552
569101653573570560
569102757875077121
569103956795904000
569104886119297024
569106746486222849
569113328724807680
569116333998256129
569120847115501568
569125033509048320
569132310110588928
569132950006185985
569134718396051456
569139480101314560
569143528397254656
569144474359738368
569144929093615616
569150828952444928
569151206028931072
569152074052542464
569152332765667328
569153142526332930
569155784988164098
569158629443502081
569159619710361600
569161583718473728
569164042679377921
569165654848204800
569170541250129920
569173103009525760
569176007225188352
569176746735632384
569178197499256832
569179898532761600
569181132685574144
569182050219126785
569182643155300352
569183494259273728
569185441171316737
569192081618370560
569194348375613441
569194554290774016
569194996143755264
569195435736244225
569196701401128961
569198480226439168
569202691185909760
569202715571703808
569202773704646658
569203468419751936
569204255191490560
569208219072991233
569208317408514048
569208480793567233
569208751972065280
569209306874122241
569209566715469824
569211350985134081
569211645710495745
569212570478911489
569213503954915329
569213883371683840
569216546779705344
569218789834821632
569222494952886272
569223492987723778
569225085330071554
569226228152053760
569228110937202688
569228707203837952
569230515833856000
569233955951480832
569234806543929344
569234924785414145
569235825680105472
569237783715422208
569240866684071936
569241776617160704
569243807331409920
569247579692781569
569248700947689474
569249554236878848
569249704543965184
569253285015752704
569256307045179392
569259056956727296
569260526976544768
569268918566719488
569271364521103361
569273451564785664
569274618428526592
569276734798893056
569279532261203968
569280114296401920
569280553574277120
569281144186908672
569292823805042688
569294014026903552
569296707982221312
569304208534597632
569310717393944577
569311644934807552
569318130356502528
569322175175352322
569322478847135744
569323727818657792
569324035835711489
569326191213219841
569327664919498752
569336246474022912
569339072805797888
569341439148236800
569343186046332928
569346431833673732
569347118034501632
569350289729458177
569355673068118016
569357196141719552
569362928710914049
569368523178270721
569370010751094784
569370900568502272
569372340309651457
569377543687700480
569394015055040512
569400869768302592
569429411646156800
569435327544369153
569451572792406016
569452063920226304
569453313462132736
569459618881019905
569480594419281920
569482263345307648
569483390581383168
569484965055832065
569487317917958144
569487788753555456
569488705146068993
569491590105980929
569495653526724608
569497031322030081
569497966660218882
569498738856755200
569500360651509760
569504946120298496
569506137013420032
569508802891882497
569510849846611968
569513103970455552
569513498016923648
569514063019053056
569514902748061696
569519860994203648
569523440547291136
569525641759993856
569526800767983616
569527848131637248
569528410684461057
569530599129501696
569533098402009088
569534268130660352
569534889055395841
569537042201194496
569538840735703040
569539000312188928
569540405676654592
569546689943482368
569547921189933056
569548726265470976
569550230376423424
569551241967067136
569551779752386560
569554776611901440
569555072067051520
569555395339018241
569555719885885441
569556399585402880
569557305961750528
569561425955332097
569562007671853056
569563148472225794
569567252363812864
569570477410275328
569577548318777345
569578439797313536
569581903965265920
569584057270575105
569586098772578304
569587813856841728
569587844693536768
569588073438121984
569589643487928321
569590208095768576
569592590632247297
569592981742878721
569593910869127168
569594973949206529
569595218401439744
569595899204255745
569596357381644289
569596445680115712
569596469105299456
569597328522387456
569598511483789312
569599725240000513
569600985007558656
569603991551782913
569604041141039104
569604066239762432
569604330229092352
569607114462793730
569607509167595520
569612035585155073
569614009369907200
569614085807067136
569614422496444417
569614679154143232
569617776509378560
569620440613826561
569620598307074048
569620873394696192
569621238152368128
569621351650209792
569621840844464128
569622447869304832
569622819283337218
569623248205430785
569624091646431232
569625609799774208
569626389944659970
569626613664653312
569626951733932032
569627346166284288
569628159085301760
569628431236911104
569628922431873025
569629537400696832
569630160233873411
569630266664325120
569631041603788800
569631567032627200
569631860885577729
569633099174322177
569633323997212672
569635707746160642
569637147067551746
569639288649883648
569640193931612160
569644310045417472
569644637343711232
569645065792069632
569646857632096256
569649747213987841
569650401085157376
569654735592140800
569655392931876864
569658152741957634
569658322413965312
569665707870285824
569666011147821057
569666042672369665
569666708278878208
569666866932813824
569666926294798338
569667019693359104
569667805643034624
569668637369491458
569668741484515328
569669059941261312
569669174731153408
569669992624431105
569671087820111872
569671596744380416
569673473607344128
569674104913014784
569674725623926784
569675637365071872
569675848770408448
569676217432977408
569676404893163520
569677827068579840
569678905344270336
569679642447052800
569679850773958657
569680508088688641
569681392369590272
569682192332234752
569682961345470465
569684101197910016
569684686160719872
569688822180503552
569689221658775553
569689743061069824
569690742169292802
569690786180132865
569696080121569280
569696824061235200
569697188508348416
569697701098602497
569698085821001728
569698944084680704
569700243383537664
569700785824669696
569701122899775488
569701178054811648
569702870423117825
569703794453295104
569704454376660992
569704597922557952
569705524138090496
569705869816012801
569713993532600321
569721972600528897
569722907187752960
569723932355358720
569728621344104448
569734821091487744
569735732060753921
569736434803978240
569740962760499200
569745645956771840
569746271336062978
569749422482960384
569749896095358977
569757272760397824
569767473525862400
569769288174870528
569777772115193856
569780939280093185
569792794711220224
569813138910130176
569824565091823616
569826633152110592
569827206928715776
569829960178905089
569834720424361985
569842553966571520
569843082994315264
567588278875213824
567667301067915264
567686845903826947
567692504397803520
567701830805618688
567716378681933825
567721738155622401
567722689989578752
567724178317402112
567724266045837313
567726092518031360
567727403964055552
567727701620822016
567730299912482816
567734769312882688
567737267095994368
567737598115082241
567737962541375490
567741692854276096
567741700597366784
567746576626356225
567750428595871745
567754136255725568
567754367860633600
567759344360783872
567762685200228352
567763529277923329
567763748559937536
567768330624372736
567769468278988800
567776348828360707
567776761510907904
567777622357475328
567779193342423040
567780426601996288
567781813326589952
567783113309585409
567783187901915136
567783892711526400
567784566614540289
567785481161953280
567785752751505412
567787240399851520
567787583138230272
567788423352950784
567790133224681472
567791059393335297
567795026307325952
567796413880397825
567799665061576704
567802900480585728
567803969235390464
567804646157475840
567804951288901634
567806843310907392
567806964832460800
567807967706488832
567810573002620928
567810786576576512
567812369902133248
567814769077436416
567815252881977344
567821288820203520
567821292797186048
567823564167192576
567827275619549184
567829543723102208
567829997668470785
567834498655604736
567834881939546113
567837218628362241
567840923008237568
567841828411551744
567844774994014208
567848437992984576
567849200295124992
567852264099999744
567854782678982656
567860067602558977
567866540424560640
567868770284208128
567871168214106113
567874261085454338
567875922906456064
567879331810246656
567880317345771520
567880664600698880
567886632155680770
567886700275310592
567890265416945664
567890395322920960
567892966980870144
567896250013601792
567897563065511936
567905158346207233
567907430069329920
567907935331971072
567912190788771840
567912664996786177
567915499868131328
567916726668644352
567923361256460288
567938175634702336
567950666578030594
567965767808864256
567973066929614848
567980868997763072
567982055503622144
567987484556013568
567992830943223808
567995970232795136
568006455317667840
568014567089029120
568018287302447104
568031723004555264
568035703768154112
568035844088590336
568037433503145984
568042046608580608
568045665185452032
568046797475553280
568053507179163648
568053728944791552
568053732929359872
568054955967418368
568058820376854528
568064123621093377
568064972086906880
568068513224654848
568071468312981504
568072822955896832
568073191068794880
568078069568839680
568078149231067136
568079810389549057
568082454336151552
568084495078785024
568084717481775104
568086132346322945
568086568059027456
568087614303166464
568088967419023360
568090890549374976
568091960709230592
568092489011236864
568093988516802560
568099620456423424
568100712309256192
568100786657316864
568100973966569472
568101606585020416
568101669809946624
568103618500530176
568104519633993728
568105106647838720
568107363195973633
568107472260624384
568108968867819520
568111503812870144
568114097142652928
568114394397147137
568118452965085184
568119831519739904
568121659988824064
568121964444950529
568122371854307328
568122723915862016
568130367900798976
568131853929947136
568132185741500416
568132209330098177
568135839814807552
568136521502605312
568137238732771328
568139150710296577
568144357230026752
568144589162287105
568146952635854848
568160713170149376
568162054206435328
568163426343784448
568169348721848322
568175282919739392
568177152924860416
568177882620661760
568180768804978688
568181167054196736
568182386409607168
568184134666981376
568184231819481088
568186002759671808
568191336764948480
568192252792541184
568192567348604928
568198057155641344
568199550084591616
568199579201605632
568202940839800832
568203174198284288
568204231271796736
568205181990637568
568207527067783168
568211739059326976
568214091229224960
568214651336396801
568215698524246016
568217301243133952
568220131819720705
568229143860658176
568229659810209792
568232493779824640
568236231374581760
568236763128463361
568237654606680064
568238379847921665
568239036533497856
568253469129187328
568262925833515008
568282853240209408
568290152151269377
568294699515187200
568299749121654784
568299906466762752
568303933774532608
568305064529408000
568307768551026688
568309328127655936
568326927695491072
568335451741749248
568349321634013184
568364437599436800
568365652597014528
568379591569629185
568380749495164929
568382154071089154
568386996525252609
568391084210036736
568391878871285760
568394432900431872
568402562107498497
568406048777900032
568419991030087681
568422622922469376
568422817601097728
568425272304934912
568428195193729025
568429798604857344
568430087298801666
568432390957355008
568434959226179585
568435938264625152
568438724708544514
568451916319096832
568452676452806656
568453042816868352
568456895515607040
568458879220076545
568464356687679488
568467880481665025
568468732441276416
568469942711885825
568471761051721728
568472920466411520
568474825989054464
568475947617411072
568485707993497603
568487509958774784
568489700232695808
568491160056045568
568491256508231680
568499629043687426
568499798099304449
568501539167473664
568502112457510912
568507977235365888
568509343047352322
568509763048357888
568512847178645505
568514213921947648
568514794287796224
568515553666539520
568517447847780353
568519360953716736
568520126095441920
568526386249351168
568526769373859841
568526847320784896
568529856977199104
568531781835571200
568533099908182016
568543965026390016
568544549536198656
568546837231042560
568548980122103808
568552347812524032
568552809555103744
568556238012678144
568561938457690112
568564957740175360
568567970450055170
568568593262231552
568569739225604096
568571772251082752
568573387817291776
568574014505029632
568574174677114880
568574249553637377
568575417650679808
568575520406765568
568576763212619777
568577243200376833
568579880046227457
568582924729073664
568583014176960513
568589551477886977
568591059602829314
568591278805528576
568591705802469376
568597262378655744
568602941940043776
568604039430033408
568604311598469121
568606225027485696
568609263485984768
568614676612964352
568615812594077696
568620542682468352
568626625857728513
568635531900243968
568637437812944896
568654300802473985
568660340910592000
568663147189415936
568682740020690945
568689188377403392
568703064691113984
568712938019639296
568715107892641792
568725291247525888
568727789311889409
568735841771597825
568737248931397632
568743141861228544
568756110456270849
568758241745719297
568761425029668864
568762267493249024
568769672922812418
568770125114929152
568775898234798081
568779615323299840
568780030538420225
568781140217049088
568783658150191104
568784436428300290
568785094430883840
568790015142178816
568790164404899840
568792520337039360
568794864533385216
568795746721513472
568796240319639552
568798045799784448
568798853656223745
568799486392143872
568800805475782656
568800974632050688
568801276416401408
568802044309430272
568806237804109825
568807823187976193
568807894264578048
568808746689933312
568809330151022592
568809369678315521
568813302140284928
568815117120319488
568815280903864321
568818335200223232
568824637267685377
568825791644966912
568827568973066240
568830466830151680
568831574474661888
568833490818453504
568833608460283904
568833739192557569
568836365309190145
568838020041809920
568839199773732864
568839278681174016
568839596261249024
568841522646552576
568841522663329793
568842695864504320
568843160224452608
568845545986400256
568845553104068609
568846033997803520
568847616404004864
568848068977799168
568848952768000000
568850770331721728
568852319762313216
568858368829313024
568859651980156928
568862134966345729
568863902106320896
568868703762296832
568869594531651584
568873474392854530
568875212202078208
568875453773168640
568876016216600576
568879046215520256
568881357583097857
568882321119510528
568883981371846656
568883988338581504
568884252110159873
568884675021635584
568885007646740480
568885117373927425
568887240685785089
568889116399525888
568889146179072000
568890017365561344
568892047559503873
568892505829347329
568893072001646592
568894341243998208
568894996683870208
568896227917451264
568896751102533632
568898405189038080
568903193930764288
568904684561408000
568906461461393408
568906503358259200
568910590921609216
568911099740839936
568913412505251840
568917429033652226
568919686978641920
568920314073260032
568922616800657411
568924327275401218
568925181848227840
568926018049691648
568928605226426370
568929935273930752
568930692551221248
568932129872039936
568935917341286400
568940264020004864
568941851228528642
568944962311626752
568948016662474752
568948848263081986
568951462413209601
568951532252585987
568951601777512448
568955060165554176
568955324511563776
568957558444175360
568959170730266624
568964652455092224
568964732981530624
568965585620459520
568965870178816000
568967381860503552
568967902520590337
568968312274718721
568977175149293570
568977430439817216
568982253553844225
568983517037772800
568984950709432320
568988406476189696
568988757954678784
568989005162766337
568992290833899520
569002132621398016
569012722169466880
569017002439761920
569017052310056960
569017837576069120
569017927803932672
569018352464588800
569025401906794496
569028851860254720
569036254253346818
569056573731020800
569068027917922304
569078309033803776
569083132353204224
569084344930676736
569085417045143552
569101653573570560
569102757875077121
569103956795904000
569104886119297024
569106746486222849
569113328724807680
569116333998256129
569120847115501568
569125033509048320
569132310110588928
569132950006185985
569134718396051456
569139480101314560
569143528397254656
569144474359738368
569144929093615616
569150828952444928
569151206028931072
569152074052542464
569152332765667328
569153142526332930
569155784988164098
569158629443502081
569159619710361600
569161583718473728
569164042679377921
569165654848204800
569170541250129920
569173103009525760
569176007225188352
569176746735632384
569178197499256832
569179898532761600
569181132685574144
569182050219126785
569182643155300352
569183494259273728
569185441171316737
569192081618370560
569194348375613441
569194554290774016
569194996143755264
569195435736244225
569196701401128961
569198480226439168
569202691185909760
569202715571703808
569202773704646658
569203468419751936
569204255191490560
569208219072991233
569208317408514048
569208480793567233
569208751972065280
569209306874122241
569209566715469824
569211350985134081
569211645710495745
569212570478911489
569213503954915329
569213883371683840
569216546779705344
569218789834821632
569222494952886272
569223492987723778
569225085330071554
569226228152053760
569228110937202688
569228707203837952
569230515833856000
569233955951480832
569234806543929344
569234924785414145
569235825680105472
569237783715422208
569240866684071936
569241776617160704
569243807331409920
569247579692781569
569248700947689474
569249554236878848
569249704543965184
569253285015752704
569256307045179392
569259056956727296
569260526976544768
569268918566719488
569271364521103361
569273451564785664
569274618428526592
569276734798893056
569279532261203968
569280114296401920
569280553574277120
569281144186908672
569292823805042688
569294014026903552
569296707982221312
569304208534597632
569310717393944577
569311644934807552
569318130356502528
569322175175352322
569322478847135744
569323727818657792
569324035835711489
569326191213219841
569327664919498752
569336246474022912
569339072805797888
569341439148236800
569343186046332928
569346431833673732
569347118034501632
569350289729458177
569355673068118016
569357196141719552
569362928710914049
569368523178270721
569370010751094784
569370900568502272
569372340309651457
569377543687700480
569394015055040512
569400869768302592
569429411646156800
569435327544369153
569451572792406016
569452063920226304
569453313462132736
569459618881019905
569480594419281920
569482263345307648
569483390581383168
569484965055832065
569487317917958144
569487788753555456
569488705146068993
569491590105980929
569495653526724608
569497031322030081
569497966660218882
569498738856755200
569500360651509760
569504946120298496
569506137013420032
569508802891882497
569510849846611968
569513103970455552
569513498016923648
569514063019053056
569514902748061696
569519860994203648
569523440547291136
569525641759993856
569526800767983616
569527848131637248
569528410684461057
569530599129501696
569533098402009088
569534268130660352
569534889055395841
569537042201194496
569538840735703040
569539000312188928
569540405676654592
569546689943482368
569547921189933056
569548726265470976
569550230376423424
569551241967067136
569551779752386560
569554776611901440
569555072067051520
569555395339018241
569555719885885441
569556399585402880
569557305961750528
569561425955332097
569562007671853056
569563148472225794
569567252363812864
569570477410275328
569577548318777345
569578439797313536
569581903965265920
569584057270575105
569586098772578304
569587813856841728
569587844693536768
569588073438121984
569589643487928321
569590208095768576
569592590632247297
569592981742878721
569593910869127168
569594973949206529
569595218401439744
569595899204255745
569596357381644289
569596445680115712
569596469105299456
569597328522387456
569598511483789312
569599725240000513
569600985007558656
569603991551782913
569604041141039104
569604066239762432
569604330229092352
569607114462793730
569607509167595520
569612035585155073
569614009369907200
569614085807067136
569614422496444417
569614679154143232
569617776509378560
569620440613826561
569620598307074048
569620873394696192
569621238152368128
569621351650209792
569621840844464128
569622447869304832
569622819283337218
569623248205430785
569624091646431232
569625609799774208
569626389944659970
569626613664653312
569626951733932032
569627346166284288
569628159085301760
569628431236911104
569628922431873025
569629537400696832
569630160233873411
569630266664325120
569631041603788800
569631567032627200
569631860885577729
569633099174322177
569633323997212672
569635707746160642
569637147067551746
569639288649883648
569640193931612160
569644310045417472
569644637343711232
569645065792069632
569646857632096256
569649747213987841
569650401085157376
569654735592140800
569655392931876864
569658152741957634
569658322413965312
569665707870285824
569666011147821057
569666042672369665
569666708278878208
569666866932813824
569666926294798338
569667019693359104
569667805643034624
569668637369491458
569668741484515328
569669059941261312
569669174731153408
569669992624431105
569671087820111872
569671596744380416
569673473607344128
569674104913014784
569674725623926784
569675637365071872
569675848770408448
569676217432977408
569676404893163520
569677827068579840
569678905344270336
569679642447052800
569679850773958657
569680508088688641
569681392369590272
569682192332234752
569682961345470465
569684101197910016
569684686160719872
569688822180503552
569689221658775553
569689743061069824
569690742169292802
569690786180132865
569696080121569280
569696824061235200
569697188508348416
569697701098602497
569698085821001728
569698944084680704
569700243383537664
569700785824669696
569701122899775488
569701178054811648
569702870423117825
569703794453295104
569704454376660992
569704597922557952
569705524138090496
569705869816012801
569713993532600321
569721972600528897
569722907187752960
569723932355358720
569728621344104448
569734821091487744
569735732060753921
569736434803978240
569740962760499200
569745645956771840
569746271336062978
569749422482960384
569749896095358977
569757272760397824
569767473525862400
569769288174870528
569777772115193856
569780939280093185
569792794711220224
569813138910130176
569824565091823616
569826633152110592
569827206928715776
569829960178905089
569834720424361985
569842553966571520
569843082994315264
569844044693577728
569844782702338048
569849281533874176
569849299850305536
569851498118516736
569855773951561728
569856654394720256
569861209781989377
569865061855932416
569867719874650112
569873664612704256
569873665640292353
569873668131717120
569873669700358144
569875430951542784
569876741092552704
569881004262989824
569881035682521088
569883543536574464
569883672679215104
569884559380238336
569891469210755074
569892876642955264
569893737385472000
569894407001939968
569895344458170368
569901802994454528
569904370361483264
569905122047758336
569905567960952832
569908080114339840
569909224521641984
569910441423417345
569910536755748865
569913595762311168
569914957552353280
569917729022586880
569919020784185344
569920656621465601
569921913667104768
569922008588222465
569922973798420480
569923221341908992
569923525508665344
569923934054805504
569924092280774656
569924145380634624
569924375723560961
569924385387241474
569924676715220992
569924793232785408
569925082832728064
569925091095646209
569925111475793921
569925187757592576
569925190236442624
569925362471211008
569925511394119680
569925538946551808
569925940224139264
569925941067186179
569926559982751744
569926608997498881
569926659219922944
569926674353160192
569926688244703232
569926909515034624
569926998824394752
569927035524681728
569927127350407168
569927288751587328
569927856232534016
569927906241212416
569928060587233280
569929075894194176
569929414491779072
569930522677399553
569931469990154242
569932197735604224
569932678688055296
569934048346251264
569934594268471296
569934977963573248
569935592651411456
569935951868207104
569935956880420864
569936426902687744
569936565138403328
569936613016350720
569936640669581313
569936658876862464
569936900804505600
569937408013176832
569937722804211713
569937767775510530
569937862109450240
569937905872822272
569938303694319616
569938470824574976
569938559836299264
569938767860994048
569938845111848961
569938848156930050
569939057247023104
569939281084583937
569939532096925697
569939614175248384
569939924964630528
569940226984042496
569940579221504001
569940834994401280
569940883975446528
569941082420568064
569941314713726976
569941389208719360
569941529902641153
569941616649244673
569942616617447424
569942703494070272
569943774253621248
569943785905332225
569946362126602240
569947151339429889
569947332135018496
569947357787385859
569947389383065600
569947476830101504
569947514633191424
569947518655721472
569947618413031424
569947699471974400
569947823426441216
569948131397410816
569948212607393792
569948225278480384
569948345583562752
569948398545039360
569948710370717696
569948808320315392
569948928864600064
569949217843605504
569949297220980737
569949439101546496
569949588527775744
569949718832398339
569950348908982273
569950766389182464
569950913554620416
569951211471962112
569952252087177216
569952340612149250
569952605721337856
569952664445808640
569953001751732225
569953259479277568
569953507874373632
569954393216454656
569954824265076737
569956115724660736
569956617988345856
569957240960094209
569958588837285890
569958873819279360
569958895700959232
569958946636562433
569959200891252736
569960497312768000
569960635376766976
569960833884803072
569961170389618688
569961185107431425
569961398890991617
569961511440879616
569961785509478400
569961886046760961
569962417876131840
569962605671919616
569962905493315585
569963701794516992
569963701987450880
569964286954618880
569964332026634241
569964670531973120
569965376186019840
569966076047437824
569966440381595648
569967159549534208
569967441591144450
569967910417866752
569968117037707264
569968411561701378
569969374875881472
569972508499283968
569973084398100480
569974641214644224
569976030603059200
569976246135697408
569977517945126912
569977521690669056
569977907222880256
569978798906716161
569979057028227072
569980561344897024
569980827209207809
569980963926765568
569981614543007747
569984229393637377
569984682873352192
569984773365612544
569988078015815680
569988479540695040
569988849608364032
569989504431316993
569989551051177984
569989575793180672
569989812637167617
569989999963213824
569990034444689408
569990481452539904
569992815624781824
569993393767460864
569993437690245120
569993782311198720
569994134997610496
569995235608137728
569995335893848064
569995961570856960
569996141753802752
569996446348517376
569996914546094080
569997215453855744
569997350493663233
569998019694866432
569999632920674304
570000250225754114
570000287080951808
570000614794489856
570000618707746816
570001601051668480
570001601055883265
570001601072652288
570001706676842497
570005004012138496
570005034340974592
570007995813273600
570008005774860289
570009292885123072
570009886198796288
570009951474753537
570011200613806082
570011341483843584
570011803389788160
570013472093642752
570014406320517120
570014689322643456
570016052895092736
570016312610709504
570016325667557376
570016890996723713
570019785788022785
570021054015541248
570025186000539648
570030390309552128
570032108447494144
570032300265578496
570032796472778752
570033593394667521
570033778300620801
570035876845084672
570042533679656960
570043468321419264
570043574097555456
570044516318748672
570044554130423808
570045153295011841
570045645714620417
570050785490419712
570050891929280512
570051666386374657
570051731033235456
570051834188075008
570051991277342720
570053254836416512
570053912214024193
570054105789550592
570056533356224512
570057930332102656
570058986025672704
570063192581390336
570066175008350208
570068466717237249
570073705507725313
570073757508726784
570076792993611776
570078355770339328
570079030029848579
570083021099032576
570083898031513600
570085625061384192
570087510941962241
570091216013955073
570092599316389888
570093964059156481
570098489943666688
570100214733737985
570108724636831745
570118668551458816
570121321192894464
570145106415771648
570156001485312000
570164654061838336
570172301163008000
570174713072369664
570175764643094528
570177752973885440
570179158594220032
570187432815013888
570191286667513856
570191763731841024
570192452486889473
570195036782133248
570199481943261184
570200237622611968
570203916643766273
570206113783795713
570210411926016001
570213762948567040
570214732067700736
570215492838920193
570219228181041153
570224421194964992
570224727047872514
570226870119215104
570227706140323840
570228904469725184
570229176621510659
570229420058918913
570230752476049408
570235209783717889
570237440616570880
570237966355968001
570239165675249666
570239952975482881
570240052279648257
570240336519258112
570241403822813184
570245840612265985
570248591295557632
570248991704788992
570249871107723264
570250566573674496
570251142942171136
570252044528959488
570252431113760768
570252802611679232
570254322694557696
570254721140850689
570258226819637248
570259380999860224
570259632557395968
570259700937134080
570263008762601475
570264145116819457
570264292169162752
570264515285266432
570264740817010689
570264856223330304
570270039737274369
570271730729689088
570274362936266752
570274815736549376
570276439829774336
570277612389412864
570279050276704257
570279442750291969
570279653337927680
570279720937529345
570280800244994048
570280852791422976
570281470507352064
570282469791911936
570283824040382464
570285070184898561
570286565894828032
570286841737318400
570287271234174976
570287408438120448
570291091204919297
570292914686955520
570297402281893888
570298362907508738
570300177367633921
570300248553349120
570301395141836801
570303683872886784
570306086475075585
570306662575300611
570306715599695874
570309345281486848
