567928302725263360
568161313274404864
568240100934426624
568366109461606400
568382780251480064
568385950486802432
568441679503495169
568442492569456640
568606485716078592
568753398100692992
568777943104802817
568849719625158657
568850600261226496
568882321119510528
568897757991186432
568964534083268608
568976030947418112
568995213529759745
569228110937202688
569390507526369280
569598072923123712
569621808963395585
569685261518376960
567928302725263360
568161313274404864
568240100934426624
568366109461606400
568382780251480064
568385950486802432
568441679503495169
568442492569456640
568606485716078592
568753398100692992
568777943104802817
568849719625158657
568850600261226496
568882321119510528
568897757991186432
568964534083268608
568976030947418112
568995213529759745
569228110937202688
569390507526369280
569598072923123712
569621808963395585
569685261518376960
567928302725263360
568161313274404864
568240100934426624
568366109461606400
568382780251480064
568385950486802432
568441679503495169
568442492569456640
568606485716078592
568753398100692992
568777943104802817
568849719625158657
568850600261226496
568882321119510528
568897757991186432
568964534083268608
568976030947418112
568995213529759745
569228110937202688
569390507526369280
569598072923123712
569621808963395585
569685261518376960
569861209781989377
569915529496027136
569916061891633153
569922145264009216
569967305859293184
570001183600812033
570009897846374400
570207886493782019
570263732099649537
570275384714862592
570280755085090816
