567773009092812802
567818783616954369
568049316582932480
568188639412400128
568198666613338112
568403209766744064
568494466929188864
568527922576777216
568531076915662848
568547201208565760
568789267180331008
569153669867945984
569600780048560128
569608307184242688
569643388611330048
569644168584105984
569651470615887872
569668704524308480
569746542275354625
569748667793588224
567773009092812802
567818783616954369
568049316582932480
568188639412400128
568198666613338112
568403209766744064
568494466929188864
568527922576777216
568531076915662848
568547201208565760
568789267180331008
569153669867945984
569600780048560128
569608307184242688
569643388611330048
569644168584105984
569651470615887872
569668704524308480
569746542275354625
569748667793588224
567773009092812802
567818783616954369
568049316582932480
568188639412400128
568198666613338112
568403209766744064
568494466929188864
568527922576777216
568531076915662848
568547201208565760
568789267180331008
569153669867945984
569600780048560128
569608307184242688
569643388611330048
569644168584105984
569651470615887872
569668704524308480
569746542275354625
569748667793588224
569895210777501696
569924654401495040
569938880495026176
569947332135018496
570093520909832192
570096856685871106
570100829396406272
570203037823836160
