568101609894342656
569598457809276928
569614024578600960
568101609894342656
569598457809276928
569614024578600960
568101609894342656
569598457809276928
569614024578600960
570235387009839104
568101609894342656
569598457809276928
569614024578600960
570235387009839104
568101609894342656
569598457809276928
569614024578600960
570235387009839104
568101609894342656
569598457809276928
569614024578600960
570235387009839104
568101609894342656
569598457809276928
569614024578600960
570235387009839104
568101609894342656
569598457809276928
569614024578600960
570235387009839104
