568830466830151680
568830466830151680
568830466830151680
569937700993818625
570101550787350528
570240452588380161
570262676481421312
568830466830151680
569937700993818625
570101550787350528
570240452588380161
570262676481421312
568830466830151680
569937700993818625
570101550787350528
570240452588380161
570262676481421312
568830466830151680
569937700993818625
570101550787350528
570240452588380161
570262676481421312
568830466830151680
569937700993818625
570101550787350528
570240452588380161
570262676481421312
568830466830151680
569937700993818625
570101550787350528
570240452588380161
570262676481421312
