568786745715757056
569213441694568448
569673939183493120
568786745715757056
569213441694568448
569673939183493120
568786745715757056
569213441694568448
569673939183493120
570126668922294272
568786745715757056
569213441694568448
569673939183493120
570126668922294272
568786745715757056
569213441694568448
569673939183493120
570126668922294272
568786745715757056
569213441694568448
569673939183493120
570126668922294272
568786745715757056
569213441694568448
569673939183493120
570126668922294272
568786745715757056
569213441694568448
569673939183493120
570126668922294272
