567734584000135168
567768552644423680
567825347439370240
567838799243309056
567842466851905536
567847966989508608
567864395264573441
567872361304821760
567873006501888000
568054330550587392
568396209091702784
568482785389899776
568781427636092928
568785393358905345
568884344221081600
569114772211437568
569197350901714944
569276042491211777
569277477652172800
569337830184345601
569464183374385152
569464902164856832
569521101736439809
569534372954681344
569591945816772608
569630106940895233
569652497947734017
569688749208178688
569731970562961408
567734584000135168
567768552644423680
567825347439370240
567838799243309056
567842466851905536
567847966989508608
567864395264573441
567872361304821760
567873006501888000
568054330550587392
568396209091702784
568482785389899776
568781427636092928
568785393358905345
568884344221081600
569114772211437568
569197350901714944
569276042491211777
569277477652172800
569337830184345601
569464183374385152
569464902164856832
569521101736439809
569534372954681344
569591945816772608
569630106940895233
569652497947734017
569688749208178688
569731970562961408
567734584000135168
567768552644423680
567825347439370240
567838799243309056
567842466851905536
567847966989508608
567864395264573441
567872361304821760
567873006501888000
568054330550587392
568396209091702784
568482785389899776
568781427636092928
568785393358905345
568884344221081600
569114772211437568
569197350901714944
569276042491211777
569277477652172800
569337830184345601
569464183374385152
569464902164856832
569521101736439809
569534372954681344
569591945816772608
569630106940895233
569652497947734017
569688749208178688
569731970562961408
569865838892691456
569938799397990401
569971233351213056
570021223482191873
570050785490419712
570275314036649984
570303399276761088
