568958227888500736
568971304914853889
569273298325864448
569319239900725248
569322478847135744
569504866260930560
569526294477725697
569608307184242688
569626884549578752
569634077571051521
569722876879884288
568958227888500736
568971304914853889
569273298325864448
569319239900725248
569322478847135744
569504866260930560
569526294477725697
569608307184242688
569626884549578752
569634077571051521
569722876879884288
568958227888500736
568971304914853889
569273298325864448
569319239900725248
569322478847135744
569504866260930560
569526294477725697
569608307184242688
569626884549578752
569634077571051521
569722876879884288
569882324713783296
569940889902034944
569951363670642689
569974318463119361
570254579578720256
