567734731694157824
567738680945958913
567742141334437888
567790581901971456
567793423248547840
567796792847499265
567804488687345665
567836728100200449
567864793404555264
568103967185444866
568115829616861184
568122064919527424
568199988255330304
568214541852495872
568255534941544448
568258093051727873
568337096177528832
568385303267782656
568576829000425472
568588791830736896
568611364803096577
568623037962039297
568903208015433728
568932998051016704
569096764835414016
569204038811717632
569209051260678144
569227063300718593
569261068050141184
569267207324246019
569282355904548864
569304845091524608
569323082701275138
569527176350969856
569570444027822081
569571772355489792
569577959440257025
569589829735821312
569590151657103360
569610542723309568
569616576481267712
569620354781425665
569629631814508544
569708139517480960
567734731694157824
567738680945958913
567742141334437888
567790581901971456
567793423248547840
567796792847499265
567804488687345665
567836728100200449
567864793404555264
568103967185444866
568115829616861184
568122064919527424
568199988255330304
568214541852495872
568255534941544448
568258093051727873
568337096177528832
568385303267782656
568576829000425472
568588791830736896
568611364803096577
568623037962039297
568903208015433728
568932998051016704
569096764835414016
569204038811717632
569209051260678144
569227063300718593
569261068050141184
569267207324246019
569282355904548864
569304845091524608
569323082701275138
569527176350969856
569570444027822081
569571772355489792
569577959440257025
569589829735821312
569590151657103360
569610542723309568
569616576481267712
569620354781425665
569629631814508544
569708139517480960
569817937131016192
569832563403051008
567734731694157824
567738680945958913
567742141334437888
567790581901971456
567793423248547840
567796792847499265
567804488687345665
567836728100200449
567864793404555264
568103967185444866
568115829616861184
568122064919527424
568199988255330304
568214541852495872
568255534941544448
568258093051727873
568337096177528832
568385303267782656
568576829000425472
568588791830736896
568611364803096577
568623037962039297
568903208015433728
568932998051016704
569096764835414016
569204038811717632
569209051260678144
569227063300718593
569261068050141184
569267207324246019
569282355904548864
569304845091524608
569323082701275138
569527176350969856
569570444027822081
569571772355489792
569577959440257025
569589829735821312
569590151657103360
569610542723309568
569616576481267712
569620354781425665
569629631814508544
569708139517480960
569817937131016192
569832563403051008
569882980992335872
569887230019284993
569909718765842432
569910528279228416
569912092351819778
569935261947330560
569950913554620416
569961117235191809
569962494283919360
569966609080586240
570022372901847042
570072252026376192
570181464773562368
570183052401508352
570217606025748480
570227199766179840
570261225520689152
570290334158225408
570291219919736832
570295202616889345
570307615189835777
