567748987512705027
567814300594769920
567825347439370240
567893710949588993
568059091848962048
568210978447323136
568856846523502594
568861899435016192
569237783715422208
569301745219850241
569339717990400000
569483885404413952
569525480178769920
569620017840398337
569648240150204416
569676866824642561
569682545375354880
569687343403106304
567748987512705027
567814300594769920
567825347439370240
567893710949588993
568059091848962048
568210978447323136
568856846523502594
568861899435016192
569237783715422208
569301745219850241
569339717990400000
569483885404413952
569525480178769920
569620017840398337
569648240150204416
569676866824642561
569682545375354880
569687343403106304
567748987512705027
567814300594769920
567825347439370240
567893710949588993
568059091848962048
568210978447323136
568856846523502594
568861899435016192
569237783715422208
569301745219850241
569339717990400000
569483885404413952
569525480178769920
569620017840398337
569648240150204416
569676866824642561
569682545375354880
569687343403106304
569864290578108419
569894295953645568
569947823615012864
569953575226310656
569956170393194496
570006301968867328
570227917877354497
