567791786145378304
567802662026014720
567811913586876417
569754180883247104
567791786145378304
567802662026014720
567811913586876417
569754180883247104
567791786145378304
567802662026014720
567811913586876417
569754180883247104
567791786145378304
567802662026014720
567811913586876417
569754180883247104
567791786145378304
567802662026014720
567811913586876417
569754180883247104
567791786145378304
567802662026014720
567811913586876417
569754180883247104
567791786145378304
567802662026014720
567811913586876417
569754180883247104
567791786145378304
567802662026014720
567811913586876417
569754180883247104
