567803306928775168
567804923782627330
567832862130577408
567842439911858176
569310249859080192
567803306928775168
567804923782627330
567832862130577408
567842439911858176
569310249859080192
567803306928775168
567804923782627330
567832862130577408
567842439911858176
569310249859080192
569896616322334720
570204309041893376
570295174385016832
567803306928775168
567804923782627330
567832862130577408
567842439911858176
569310249859080192
569896616322334720
570204309041893376
570295174385016832
567803306928775168
567804923782627330
567832862130577408
567842439911858176
569310249859080192
569896616322334720
570204309041893376
570295174385016832
567803306928775168
567804923782627330
567832862130577408
567842439911858176
569310249859080192
569896616322334720
570204309041893376
570295174385016832
567803306928775168
567804923782627330
567832862130577408
567842439911858176
569310249859080192
569896616322334720
570204309041893376
570295174385016832
567803306928775168
567804923782627330
567832862130577408
567842439911858176
569310249859080192
569896616322334720
570204309041893376
570295174385016832
