567782645975625729
567801642633162753
568070338438963200
568090851907207169
568141479132200960
568526847320784896
568566729992847360
568801701378928641
568862839340961792
569242143748964353
569273409252827137
569316220551372800
569568300528635906
569659646916440065
567782645975625729
567801642633162753
568070338438963200
568090851907207169
568141479132200960
568526847320784896
568566729992847360
568801701378928641
568862839340961792
569242143748964353
569273409252827137
569316220551372800
569568300528635906
569659646916440065
567782645975625729
567801642633162753
568070338438963200
568090851907207169
568141479132200960
568526847320784896
568566729992847360
568801701378928641
568862839340961792
569242143748964353
569273409252827137
569316220551372800
569568300528635906
569659646916440065
569949655905263616
570273188485197825
567782645975625729
567801642633162753
568070338438963200
568090851907207169
568141479132200960
568526847320784896
568566729992847360
568801701378928641
568862839340961792
569242143748964353
569273409252827137
569316220551372800
569568300528635906
569659646916440065
569949655905263616
570273188485197825
567782645975625729
567801642633162753
568070338438963200
568090851907207169
568141479132200960
568526847320784896
568566729992847360
568801701378928641
568862839340961792
569242143748964353
569273409252827137
569316220551372800
569568300528635906
569659646916440065
569949655905263616
570273188485197825
567782645975625729
567801642633162753
568070338438963200
568090851907207169
568141479132200960
568526847320784896
568566729992847360
568801701378928641
568862839340961792
569242143748964353
569273409252827137
569316220551372800
569568300528635906
569659646916440065
569949655905263616
570273188485197825
567782645975625729
567801642633162753
568070338438963200
568090851907207169
568141479132200960
568526847320784896
568566729992847360
568801701378928641
568862839340961792
569242143748964353
569273409252827137
569316220551372800
569568300528635906
569659646916440065
569949655905263616
570273188485197825
567782645975625729
567801642633162753
568070338438963200
568090851907207169
568141479132200960
568526847320784896
568566729992847360
568801701378928641
568862839340961792
569242143748964353
569273409252827137
569316220551372800
569568300528635906
569659646916440065
569949655905263616
570273188485197825
