568406048777900032
568490780203065347
568761425029668864
568816016622354432
568894687911632896
568920314073260032
569011846432366592
569014098811351040
569475000660422656
569629100114989056
569679850773958657
569748316776325120
569757651539660801
568406048777900032
568490780203065347
568761425029668864
568816016622354432
568894687911632896
568920314073260032
569011846432366592
569014098811351040
569475000660422656
569629100114989056
569679850773958657
569748316776325120
569757651539660801
568406048777900032
568490780203065347
568761425029668864
568816016622354432
568894687911632896
568920314073260032
569011846432366592
569014098811351040
569475000660422656
569629100114989056
569679850773958657
569748316776325120
569757651539660801
570059496300548096
570277724385734656
570305063052283904
