569242689348071425
569480594419281920
569493077368422400
569718465034096640
569242689348071425
569480594419281920
569493077368422400
569718465034096640
569242689348071425
569480594419281920
569493077368422400
569718465034096640
569852334324518912
570223806322581504
570224719011704832
570245576815546368
570246839225745408
569242689348071425
569480594419281920
569493077368422400
569718465034096640
569852334324518912
570223806322581504
570224719011704832
570245576815546368
570246839225745408
569242689348071425
569480594419281920
569493077368422400
569718465034096640
569852334324518912
570223806322581504
570224719011704832
570245576815546368
570246839225745408
569242689348071425
569480594419281920
569493077368422400
569718465034096640
569852334324518912
570223806322581504
570224719011704832
570245576815546368
570246839225745408
569242689348071425
569480594419281920
569493077368422400
569718465034096640
569852334324518912
570223806322581504
570224719011704832
570245576815546368
570246839225745408
569242689348071425
569480594419281920
569493077368422400
569718465034096640
569852334324518912
570223806322581504
570224719011704832
570245576815546368
570246839225745408
