567588278875213824
567727701620822016
567768330624372736
567897563065511936
568192252792541184
568380749495164929
568932129872039936
569294014026903552
569452063920226304
567588278875213824
567727701620822016
567768330624372736
567897563065511936
568192252792541184
568380749495164929
568932129872039936
569294014026903552
569452063920226304
567588278875213824
567727701620822016
567768330624372736
567897563065511936
568192252792541184
568380749495164929
568932129872039936
569294014026903552
569452063920226304
569874043395903489
569874311823036416
569890211301191680
569891267666006016
569891377351233536
569924355011932162
569994045205803009
570291828349669378
567588278875213824
567727701620822016
567768330624372736
567897563065511936
568192252792541184
568380749495164929
568932129872039936
569294014026903552
569452063920226304
569874043395903489
569874311823036416
569890211301191680
569891267666006016
569891377351233536
569924355011932162
569994045205803009
570291828349669378
567588278875213824
567727701620822016
567768330624372736
567897563065511936
568192252792541184
568380749495164929
568932129872039936
569294014026903552
569452063920226304
569874043395903489
569874311823036416
569890211301191680
569891267666006016
569891377351233536
569924355011932162
569994045205803009
570291828349669378
567588278875213824
567727701620822016
567768330624372736
567897563065511936
568192252792541184
568380749495164929
568932129872039936
569294014026903552
569452063920226304
569874043395903489
569874311823036416
569890211301191680
569891267666006016
569891377351233536
569924355011932162
569994045205803009
570291828349669378
567588278875213824
567727701620822016
567768330624372736
567897563065511936
568192252792541184
568380749495164929
568932129872039936
569294014026903552
569452063920226304
569874043395903489
569874311823036416
569890211301191680
569891267666006016
569891377351233536
569924355011932162
569994045205803009
570291828349669378
567588278875213824
567727701620822016
567768330624372736
567897563065511936
568192252792541184
568380749495164929
568932129872039936
569294014026903552
569452063920226304
569874043395903489
569874311823036416
569890211301191680
569891267666006016
569891377351233536
569924355011932162
569994045205803009
570291828349669378
