568983464172584960
569211529880576001
569604904689340416
568983464172584960
569211529880576001
569604904689340416
568983464172584960
569211529880576001
569604904689340416
569972447329574912
570226870119215104
570250252382416896
568983464172584960
569211529880576001
569604904689340416
569972447329574912
570226870119215104
570250252382416896
568983464172584960
569211529880576001
569604904689340416
569972447329574912
570226870119215104
570250252382416896
568983464172584960
569211529880576001
569604904689340416
569972447329574912
570226870119215104
570250252382416896
568983464172584960
569211529880576001
569604904689340416
569972447329574912
570226870119215104
570250252382416896
568983464172584960
569211529880576001
569604904689340416
569972447329574912
570226870119215104
570250252382416896
