567724178317402112
568418531777355776
569534939642925058
569690786180132865
567724178317402112
568418531777355776
569534939642925058
569690786180132865
567724178317402112
568418531777355776
569534939642925058
569690786180132865
570258656383639553
567724178317402112
568418531777355776
569534939642925058
569690786180132865
570258656383639553
567724178317402112
568418531777355776
569534939642925058
569690786180132865
570258656383639553
567724178317402112
568418531777355776
569534939642925058
569690786180132865
570258656383639553
567724178317402112
568418531777355776
569534939642925058
569690786180132865
570258656383639553
567724178317402112
568418531777355776
569534939642925058
569690786180132865
570258656383639553
