569578296360378369
569709870729068544
569578296360378369
569709870729068544
569578296360378369
569709870729068544
569956528507236352
570290993339244547
569578296360378369
569709870729068544
569956528507236352
570290993339244547
569578296360378369
569709870729068544
569956528507236352
570290993339244547
569578296360378369
569709870729068544
569956528507236352
570290993339244547
569578296360378369
569709870729068544
569956528507236352
570290993339244547
569578296360378369
569709870729068544
569956528507236352
570290993339244547
