569380739285786625
569380739285786625
569826411206316032
569380739285786625
569826411206316032
569899646509666304
570265300685488129
569380739285786625
569826411206316032
569899646509666304
570265300685488129
569380739285786625
569826411206316032
569899646509666304
570265300685488129
569380739285786625
569826411206316032
569899646509666304
570265300685488129
569380739285786625
569826411206316032
569899646509666304
570265300685488129
569380739285786625
569826411206316032
569899646509666304
570265300685488129
