567731944151322626
567825886449250304
567883674462588929
567887326350811137
568109565796958209
568130768788185088
568254094739148800
568261238444167170
568457681855340544
568515101319254016
568854401802051584
568947313676148737
568962609375895552
569223653952323584
569252439548952576
569360777926217728
569475000660422656
569489753332191232
569566673235271680
569638678194040832
569665707870285824
569692936880791552
569707473973739520
569779173461336065
567731944151322626
567825886449250304
567883674462588929
567887326350811137
568109565796958209
568130768788185088
568254094739148800
568261238444167170
568457681855340544
568515101319254016
568854401802051584
568947313676148737
568962609375895552
569223653952323584
569252439548952576
569360777926217728
569475000660422656
569489753332191232
569566673235271680
569638678194040832
569665707870285824
569692936880791552
569707473973739520
569779173461336065
569820790905970688
567731944151322626
567825886449250304
567883674462588929
567887326350811137
568109565796958209
568130768788185088
568254094739148800
568261238444167170
568457681855340544
568515101319254016
568854401802051584
568947313676148737
568962609375895552
569223653952323584
569252439548952576
569360777926217728
569475000660422656
569489753332191232
569566673235271680
569638678194040832
569665707870285824
569692936880791552
569707473973739520
569779173461336065
569820790905970688
569868055502696449
569921757647212544
569938487920566272
570017867342725121
570027786053636096
570032949992800256
570114536448995328
570157210183069696
570177697814425600
570276878788861953
567731944151322626
567825886449250304
567883674462588929
567887326350811137
568109565796958209
568130768788185088
568254094739148800
568261238444167170
568457681855340544
568515101319254016
568854401802051584
568947313676148737
568962609375895552
569223653952323584
569252439548952576
569360777926217728
569475000660422656
569489753332191232
569566673235271680
569638678194040832
569665707870285824
569692936880791552
569707473973739520
569779173461336065
569820790905970688
569868055502696449
569921757647212544
569938487920566272
570017867342725121
570027786053636096
570032949992800256
570114536448995328
570157210183069696
570177697814425600
570276878788861953
567731944151322626
567825886449250304
567883674462588929
567887326350811137
568109565796958209
568130768788185088
568254094739148800
568261238444167170
568457681855340544
568515101319254016
568854401802051584
568947313676148737
568962609375895552
569223653952323584
569252439548952576
569360777926217728
569475000660422656
569489753332191232
569566673235271680
569638678194040832
569665707870285824
569692936880791552
569707473973739520
569779173461336065
569820790905970688
569868055502696449
569921757647212544
569938487920566272
570017867342725121
570027786053636096
570032949992800256
570114536448995328
570157210183069696
570177697814425600
570276878788861953
567731944151322626
567825886449250304
567883674462588929
567887326350811137
568109565796958209
568130768788185088
568254094739148800
568261238444167170
568457681855340544
568515101319254016
568854401802051584
568947313676148737
568962609375895552
569223653952323584
569252439548952576
569360777926217728
569475000660422656
569489753332191232
569566673235271680
569638678194040832
569665707870285824
569692936880791552
569707473973739520
569779173461336065
569820790905970688
569868055502696449
569921757647212544
569938487920566272
570017867342725121
570027786053636096
570032949992800256
570114536448995328
570157210183069696
570177697814425600
570276878788861953
567731944151322626
567825886449250304
567883674462588929
567887326350811137
568109565796958209
568130768788185088
568254094739148800
568261238444167170
568457681855340544
568515101319254016
568854401802051584
568947313676148737
568962609375895552
569223653952323584
569252439548952576
569360777926217728
569475000660422656
569489753332191232
569566673235271680
569638678194040832
569665707870285824
569692936880791552
569707473973739520
569779173461336065
569820790905970688
569868055502696449
569921757647212544
569938487920566272
570017867342725121
570027786053636096
570032949992800256
570114536448995328
570157210183069696
570177697814425600
570276878788861953
567731944151322626
567825886449250304
567883674462588929
567887326350811137
568109565796958209
568130768788185088
568254094739148800
568261238444167170
568457681855340544
568515101319254016
568854401802051584
568947313676148737
568962609375895552
569223653952323584
569252439548952576
569360777926217728
569475000660422656
569489753332191232
569566673235271680
569638678194040832
569665707870285824
569692936880791552
569707473973739520
569779173461336065
569820790905970688
569868055502696449
569921757647212544
569938487920566272
570017867342725121
570027786053636096
570032949992800256
570114536448995328
570157210183069696
570177697814425600
570276878788861953
