568159085356384256
568893092927029249
569212558952960000
569539746348675073
569562383489896448
569682667362344960
568159085356384256
568893092927029249
569212558952960000
569539746348675073
569562383489896448
569682667362344960
568159085356384256
568893092927029249
569212558952960000
569539746348675073
569562383489896448
569682667362344960
569847331064934401
569872756302422017
570250989305004033
568159085356384256
568893092927029249
569212558952960000
569539746348675073
569562383489896448
569682667362344960
569847331064934401
569872756302422017
570250989305004033
568159085356384256
568893092927029249
569212558952960000
569539746348675073
569562383489896448
569682667362344960
569847331064934401
569872756302422017
570250989305004033
568159085356384256
568893092927029249
569212558952960000
569539746348675073
569562383489896448
569682667362344960
569847331064934401
569872756302422017
570250989305004033
568159085356384256
568893092927029249
569212558952960000
569539746348675073
569562383489896448
569682667362344960
569847331064934401
569872756302422017
570250989305004033
568159085356384256
568893092927029249
569212558952960000
569539746348675073
569562383489896448
569682667362344960
569847331064934401
569872756302422017
570250989305004033
