567919301732098048
568524550251479040
568764097015058432
568779480019251201
569608866138173440
567919301732098048
568524550251479040
568764097015058432
568779480019251201
569608866138173440
567919301732098048
568524550251479040
568764097015058432
568779480019251201
569608866138173440
569931705022164992
570057521353764864
570192105752039427
567919301732098048
568524550251479040
568764097015058432
568779480019251201
569608866138173440
569931705022164992
570057521353764864
570192105752039427
567919301732098048
568524550251479040
568764097015058432
568779480019251201
569608866138173440
569931705022164992
570057521353764864
570192105752039427
567919301732098048
568524550251479040
568764097015058432
568779480019251201
569608866138173440
569931705022164992
570057521353764864
570192105752039427
567919301732098048
568524550251479040
568764097015058432
568779480019251201
569608866138173440
569931705022164992
570057521353764864
570192105752039427
567919301732098048
568524550251479040
568764097015058432
568779480019251201
569608866138173440
569931705022164992
570057521353764864
570192105752039427
