568166478572204032
568463892453724160
568878244331696128
568990617394647040
569571643044929536
569573704902049793
569621238152368128
569627784626229248
568166478572204032
568463892453724160
568878244331696128
568990617394647040
569571643044929536
569573704902049793
569621238152368128
569627784626229248
568166478572204032
568463892453724160
568878244331696128
568990617394647040
569571643044929536
569573704902049793
569621238152368128
569627784626229248
569946362126602240
569960085654364160
570232494034964481
570305363859406848
