568139253194067968
568272139075387392
568626974278733826
568806138973540352
569349932131487746
569771576528220161
568139253194067968
568272139075387392
568626974278733826
568806138973540352
569349932131487746
569771576528220161
568139253194067968
568272139075387392
568626974278733826
568806138973540352
569349932131487746
569771576528220161
569887533267611648
569970853334650880
570129828969459712
568139253194067968
568272139075387392
568626974278733826
568806138973540352
569349932131487746
569771576528220161
569887533267611648
569970853334650880
570129828969459712
568139253194067968
568272139075387392
568626974278733826
568806138973540352
569349932131487746
569771576528220161
569887533267611648
569970853334650880
570129828969459712
568139253194067968
568272139075387392
568626974278733826
568806138973540352
569349932131487746
569771576528220161
569887533267611648
569970853334650880
570129828969459712
568139253194067968
568272139075387392
568626974278733826
568806138973540352
569349932131487746
569771576528220161
569887533267611648
569970853334650880
570129828969459712
568139253194067968
568272139075387392
568626974278733826
568806138973540352
569349932131487746
569771576528220161
569887533267611648
569970853334650880
570129828969459712
