568082378406682624
568083999761010689
568084860008570881
568084881303072770
568085082746933248
568085366441246720
568085962049216514
568085970983251968
568086667258679296
568140628959358976
568082378406682624
568083999761010689
568084860008570881
568084881303072770
568085082746933248
568085366441246720
568085962049216514
568085970983251968
568086667258679296
568140628959358976
568082378406682624
568083999761010689
568084860008570881
568084881303072770
568085082746933248
568085366441246720
568085962049216514
568085970983251968
568086667258679296
568140628959358976
