567786151370629121
567862240419934208
567922347669262336
568093497431101440
568768864793681921
568769216662282240
569025555343007744
569140808227672064
569200619430420480
569224171303145473
569247394002563072
569250842894733312
569311730540683264
569312688272052224
569357196141719552
569555199062224897
569617089155211265
569678456478404608
569701285588541441
567786151370629121
567862240419934208
567922347669262336
568093497431101440
568768864793681921
568769216662282240
569025555343007744
569140808227672064
569200619430420480
569224171303145473
569247394002563072
569250842894733312
569311730540683264
569312688272052224
569357196141719552
569555199062224897
569617089155211265
569678456478404608
569701285588541441
569832363527708674
567786151370629121
567862240419934208
567922347669262336
568093497431101440
568768864793681921
568769216662282240
569025555343007744
569140808227672064
569200619430420480
569224171303145473
569247394002563072
569250842894733312
569311730540683264
569312688272052224
569357196141719552
569555199062224897
569617089155211265
569678456478404608
569701285588541441
569832363527708674
569917824078090242
569946742277451776
569954475433201665
569996446348517376
567786151370629121
567862240419934208
567922347669262336
568093497431101440
568768864793681921
568769216662282240
569025555343007744
569140808227672064
569200619430420480
569224171303145473
569247394002563072
569250842894733312
569311730540683264
569312688272052224
569357196141719552
569555199062224897
569617089155211265
569678456478404608
569701285588541441
569832363527708674
569917824078090242
569946742277451776
569954475433201665
569996446348517376
567786151370629121
567862240419934208
567922347669262336
568093497431101440
568768864793681921
568769216662282240
569025555343007744
569140808227672064
569200619430420480
569224171303145473
569247394002563072
569250842894733312
569311730540683264
569312688272052224
569357196141719552
569555199062224897
569617089155211265
569678456478404608
569701285588541441
569832363527708674
569917824078090242
569946742277451776
569954475433201665
569996446348517376
567786151370629121
567862240419934208
567922347669262336
568093497431101440
568768864793681921
568769216662282240
569025555343007744
569140808227672064
569200619430420480
569224171303145473
569247394002563072
569250842894733312
569311730540683264
569312688272052224
569357196141719552
569555199062224897
569617089155211265
569678456478404608
569701285588541441
569832363527708674
569917824078090242
569946742277451776
569954475433201665
569996446348517376
567786151370629121
567862240419934208
567922347669262336
568093497431101440
568768864793681921
568769216662282240
569025555343007744
569140808227672064
569200619430420480
569224171303145473
569247394002563072
569250842894733312
569311730540683264
569312688272052224
569357196141719552
569555199062224897
569617089155211265
569678456478404608
569701285588541441
569832363527708674
569917824078090242
569946742277451776
569954475433201665
569996446348517376
567786151370629121
567862240419934208
567922347669262336
568093497431101440
568768864793681921
568769216662282240
569025555343007744
569140808227672064
569200619430420480
569224171303145473
569247394002563072
569250842894733312
569311730540683264
569312688272052224
569357196141719552
569555199062224897
569617089155211265
569678456478404608
569701285588541441
569832363527708674
569917824078090242
569946742277451776
569954475433201665
569996446348517376
