567740187380170752
567769981128282113
567887437826908160
568166195758829568
568793432900177920
569012492598251520
569282249717194754
569337645878390784
569491537610059776
569633036251340800
569634385823182852
569643388611330048
569654749055864832
569688669100994561
567740187380170752
567769981128282113
567887437826908160
568166195758829568
568793432900177920
569012492598251520
569282249717194754
569337645878390784
569491537610059776
569633036251340800
569634385823182852
569643388611330048
569654749055864832
569688669100994561
569838593423708160
567740187380170752
567769981128282113
567887437826908160
568166195758829568
568793432900177920
569012492598251520
569282249717194754
569337645878390784
569491537610059776
569633036251340800
569634385823182852
569643388611330048
569654749055864832
569688669100994561
569838593423708160
569890741666717697
570250252382416896
567740187380170752
567769981128282113
567887437826908160
568166195758829568
568793432900177920
569012492598251520
569282249717194754
569337645878390784
569491537610059776
569633036251340800
569634385823182852
569643388611330048
569654749055864832
569688669100994561
569838593423708160
569890741666717697
570250252382416896
567740187380170752
567769981128282113
567887437826908160
568166195758829568
568793432900177920
569012492598251520
569282249717194754
569337645878390784
569491537610059776
569633036251340800
569634385823182852
569643388611330048
569654749055864832
569688669100994561
569838593423708160
569890741666717697
570250252382416896
567740187380170752
567769981128282113
567887437826908160
568166195758829568
568793432900177920
569012492598251520
569282249717194754
569337645878390784
569491537610059776
569633036251340800
569634385823182852
569643388611330048
569654749055864832
569688669100994561
569838593423708160
569890741666717697
570250252382416896
567740187380170752
567769981128282113
567887437826908160
568166195758829568
568793432900177920
569012492598251520
569282249717194754
569337645878390784
569491537610059776
569633036251340800
569634385823182852
569643388611330048
569654749055864832
569688669100994561
569838593423708160
569890741666717697
570250252382416896
567740187380170752
567769981128282113
567887437826908160
568166195758829568
568793432900177920
569012492598251520
569282249717194754
569337645878390784
569491537610059776
569633036251340800
569634385823182852
569643388611330048
569654749055864832
569688669100994561
569838593423708160
569890741666717697
570250252382416896
