567806964832460800
568064382627921920
568068967098658816
568436966628261889
568530694353190912
568927427847544833
568929782286516224
569129625592274944
569192350607671297
569218789834821632
569311935835062272
569526458529349632
569548188375326721
569683456990580736
569695794598531072
567806964832460800
568064382627921920
568068967098658816
568436966628261889
568530694353190912
568927427847544833
568929782286516224
569129625592274944
569192350607671297
569218789834821632
569311935835062272
569526458529349632
569548188375326721
569683456990580736
569695794598531072
569826411206316032
569838593423708160
567806964832460800
568064382627921920
568068967098658816
568436966628261889
568530694353190912
568927427847544833
568929782286516224
569129625592274944
569192350607671297
569218789834821632
569311935835062272
569526458529349632
569548188375326721
569683456990580736
569695794598531072
569826411206316032
569838593423708160
570031758546063361
570198522911436800
570224727047872514
570234946700357632
570236495367315456
570281010606120960
570291828349669378
570306260010176512
570307390752608257
