569613897516380160
569613897516380160
569613897516380160
570052545298759680
570070364723814402
570176385534300160
570180703746461696
570291066466897921
570291828349669378
569613897516380160
570052545298759680
570070364723814402
570176385534300160
570180703746461696
570291066466897921
570291828349669378
569613897516380160
570052545298759680
570070364723814402
570176385534300160
570180703746461696
570291066466897921
570291828349669378
569613897516380160
570052545298759680
570070364723814402
570176385534300160
570180703746461696
570291066466897921
570291828349669378
569613897516380160
570052545298759680
570070364723814402
570176385534300160
570180703746461696
570291066466897921
570291828349669378
569613897516380160
570052545298759680
570070364723814402
570176385534300160
570180703746461696
570291066466897921
570291828349669378
