568116088631791616
568176529584173056
568243352258236416
568962547891736576
568995256525398016
569102942088900608
569309864759050240
569330686135537664
569342641571291136
569484387055734784
569817471940587520
568116088631791616
568176529584173056
568243352258236416
568962547891736576
568995256525398016
569102942088900608
569309864759050240
569330686135537664
569342641571291136
569484387055734784
569817471940587520
569820619682009088
568116088631791616
568176529584173056
568243352258236416
568962547891736576
568995256525398016
569102942088900608
569309864759050240
569330686135537664
569342641571291136
569484387055734784
569817471940587520
569820619682009088
570051875652767744
570179344833708033
570220053142097920
570269172774649856
570273880486629377
570299331707854848
568116088631791616
568176529584173056
568243352258236416
568962547891736576
568995256525398016
569102942088900608
569309864759050240
569330686135537664
569342641571291136
569484387055734784
569817471940587520
569820619682009088
570051875652767744
570179344833708033
570220053142097920
570269172774649856
570273880486629377
570299331707854848
568116088631791616
568176529584173056
568243352258236416
568962547891736576
568995256525398016
569102942088900608
569309864759050240
569330686135537664
569342641571291136
569484387055734784
569817471940587520
569820619682009088
570051875652767744
570179344833708033
570220053142097920
570269172774649856
570273880486629377
570299331707854848
568116088631791616
568176529584173056
568243352258236416
568962547891736576
568995256525398016
569102942088900608
569309864759050240
569330686135537664
569342641571291136
569484387055734784
569817471940587520
569820619682009088
570051875652767744
570179344833708033
570220053142097920
570269172774649856
570273880486629377
570299331707854848
568116088631791616
568176529584173056
568243352258236416
568962547891736576
568995256525398016
569102942088900608
569309864759050240
569330686135537664
569342641571291136
569484387055734784
569817471940587520
569820619682009088
570051875652767744
570179344833708033
570220053142097920
570269172774649856
570273880486629377
570299331707854848
568116088631791616
568176529584173056
568243352258236416
568962547891736576
568995256525398016
569102942088900608
569309864759050240
569330686135537664
569342641571291136
569484387055734784
569817471940587520
569820619682009088
570051875652767744
570179344833708033
570220053142097920
570269172774649856
570273880486629377
570299331707854848
