567731738924032000
567748702781992960
567760060080599040
567768552644423680
567783187901915136
567791182199197697
567802008292564992
567812687893262336
567853709100720128
567901996763602945
567915852260978688
568029718173356033
568053242426470401
568078627687890946
568094760151486464
568149912665198592
568164165090709504
568183502161743873
568206350804770816
568298411163852800
568397325820956672
568440514506301440
568442711910576128
568519360953716736
568759914514014208
568773648724525056
568780552964145152
568834834040164352
568900052397092864
568944054303625217
568970614238617600
568984098909237248
569034721683861505
569035174328934401
569089890173874176
569116399039344640
569168955786600448
569199676282564609
569206711443181569
569215779830280192
569219928957394944
569220438397751299
569257626715889664
569271943188209667
569352559598682112
569388156031799297
569558986665537537
569580279251255296
569600023597428736
569604083507556353
569617202984255490
569627744021184513
569641676244791296
569644716343455744
569680659288969218
569700244050440192
569703041957564416
569709058636320768
569715361660207105
569717739113320448
569726849988878336
569734069988286464
569741306190172161
569748501342478336
569813808987787264
567731738924032000
567748702781992960
567760060080599040
567768552644423680
567783187901915136
567791182199197697
567802008292564992
567812687893262336
567853709100720128
567901996763602945
567915852260978688
568029718173356033
568053242426470401
568078627687890946
568094760151486464
568149912665198592
568164165090709504
568183502161743873
568206350804770816
568298411163852800
568397325820956672
568440514506301440
568442711910576128
568519360953716736
568759914514014208
568773648724525056
568780552964145152
568834834040164352
568900052397092864
568944054303625217
568970614238617600
568984098909237248
569034721683861505
569035174328934401
569089890173874176
569116399039344640
569168955786600448
569199676282564609
569206711443181569
569215779830280192
569219928957394944
569220438397751299
569257626715889664
569271943188209667
569352559598682112
569388156031799297
569558986665537537
569580279251255296
569600023597428736
569604083507556353
569617202984255490
569627744021184513
569641676244791296
569644716343455744
569680659288969218
569700244050440192
569703041957564416
569709058636320768
569715361660207105
569717739113320448
569726849988878336
569734069988286464
569741306190172161
569748501342478336
569813808987787264
567731738924032000
567748702781992960
567760060080599040
567768552644423680
567783187901915136
567791182199197697
567802008292564992
567812687893262336
567853709100720128
567901996763602945
567915852260978688
568029718173356033
568053242426470401
568078627687890946
568094760151486464
568149912665198592
568164165090709504
568183502161743873
568206350804770816
568298411163852800
568397325820956672
568440514506301440
568442711910576128
568519360953716736
568759914514014208
568773648724525056
568780552964145152
568834834040164352
568900052397092864
568944054303625217
568970614238617600
568984098909237248
569034721683861505
569035174328934401
569089890173874176
569116399039344640
569168955786600448
569199676282564609
569206711443181569
569215779830280192
569219928957394944
569220438397751299
569257626715889664
569271943188209667
569352559598682112
569388156031799297
569558986665537537
569580279251255296
569600023597428736
569604083507556353
569617202984255490
569627744021184513
569641676244791296
569644716343455744
569680659288969218
569700244050440192
569703041957564416
569709058636320768
569715361660207105
569717739113320448
569726849988878336
569734069988286464
569741306190172161
569748501342478336
569813808987787264
569848398129565696
569896010010353664
569907965223763970
569969599711571968
569985084348104704
570005000643956736
570008958691364864
570031016800161792
570045914347237376
570053417311342593
570135205123530752
570139364178530304
570201740496257024
570267535515324417
570270728051765248
570276434763128833
570306867878072320
