568275123037286400
568396209091702784
569717605277130752
569734991862607872
568275123037286400
568396209091702784
569717605277130752
569734991862607872
568275123037286400
568396209091702784
569717605277130752
569734991862607872
569860103341518849
569906117100351493
570038882294607873
570097483432337408
568275123037286400
568396209091702784
569717605277130752
569734991862607872
569860103341518849
569906117100351493
570038882294607873
570097483432337408
568275123037286400
568396209091702784
569717605277130752
569734991862607872
569860103341518849
569906117100351493
570038882294607873
570097483432337408
568275123037286400
568396209091702784
569717605277130752
569734991862607872
569860103341518849
569906117100351493
570038882294607873
570097483432337408
568275123037286400
568396209091702784
569717605277130752
569734991862607872
569860103341518849
569906117100351493
570038882294607873
570097483432337408
568275123037286400
568396209091702784
569717605277130752
569734991862607872
569860103341518849
569906117100351493
570038882294607873
570097483432337408
