567767341090361344
567924953976152064
568444042851323904
568466550337875969
568831574474661888
569277813280415744
569294326259253248
569418962108162048
569487121897033728
569638503199285248
569638751598563328
569699965527666688
569738245237395456
567767341090361344
567924953976152064
568444042851323904
568466550337875969
568831574474661888
569277813280415744
569294326259253248
569418962108162048
569487121897033728
569638503199285248
569638751598563328
569699965527666688
569738245237395456
567767341090361344
567924953976152064
568444042851323904
568466550337875969
568831574474661888
569277813280415744
569294326259253248
569418962108162048
569487121897033728
569638503199285248
569638751598563328
569699965527666688
569738245237395456
569846545715228673
569960311022850048
570055898367799296
570091771675348992
570263871526559745
570270728051765248
570276439829774336
570292976603295744
567767341090361344
567924953976152064
568444042851323904
568466550337875969
568831574474661888
569277813280415744
569294326259253248
569418962108162048
569487121897033728
569638503199285248
569638751598563328
569699965527666688
569738245237395456
569846545715228673
569960311022850048
570055898367799296
570091771675348992
570263871526559745
570270728051765248
570276439829774336
570292976603295744
567767341090361344
567924953976152064
568444042851323904
568466550337875969
568831574474661888
569277813280415744
569294326259253248
569418962108162048
569487121897033728
569638503199285248
569638751598563328
569699965527666688
569738245237395456
569846545715228673
569960311022850048
570055898367799296
570091771675348992
570263871526559745
570270728051765248
570276439829774336
570292976603295744
567767341090361344
567924953976152064
568444042851323904
568466550337875969
568831574474661888
569277813280415744
569294326259253248
569418962108162048
569487121897033728
569638503199285248
569638751598563328
569699965527666688
569738245237395456
569846545715228673
569960311022850048
570055898367799296
570091771675348992
570263871526559745
570270728051765248
570276439829774336
570292976603295744
567767341090361344
567924953976152064
568444042851323904
568466550337875969
568831574474661888
569277813280415744
569294326259253248
569418962108162048
569487121897033728
569638503199285248
569638751598563328
569699965527666688
569738245237395456
569846545715228673
569960311022850048
570055898367799296
570091771675348992
570263871526559745
570270728051765248
570276439829774336
570292976603295744
567767341090361344
567924953976152064
568444042851323904
568466550337875969
568831574474661888
569277813280415744
569294326259253248
569418962108162048
569487121897033728
569638503199285248
569638751598563328
569699965527666688
569738245237395456
569846545715228673
569960311022850048
570055898367799296
570091771675348992
570263871526559745
570270728051765248
570276439829774336
570292976603295744
