567754136255725568
567760115579621376
567767251383808000
567820352329523200
567898186414710784
568051218477654016
568061166871846912
568081558625759233
568147483269971969
568176078595985408
568287936820572160
568385303267782656
568427942382071810
568431753272168448
568463569458741248
568778374451220480
568778730186928128
568787185341751296
568833409138745344
568840215089041409
568857663171366912
568858361011154944
569007629868998656
569078309033803776
569153098595192832
569197350901714944
569250176369471489
569273451564785664
569288008144330752
569536910990950401
569540460810620928
569565359524716544
569572942381649920
569634385823182852
569724056645140480
569749422482960384
569780368309657600
569785570320195585
567754136255725568
567760115579621376
567767251383808000
567820352329523200
567898186414710784
568051218477654016
568061166871846912
568081558625759233
568147483269971969
568176078595985408
568287936820572160
568385303267782656
568427942382071810
568431753272168448
568463569458741248
568778374451220480
568778730186928128
568787185341751296
568833409138745344
568840215089041409
568857663171366912
568858361011154944
569007629868998656
569078309033803776
569153098595192832
569197350901714944
569250176369471489
569273451564785664
569288008144330752
569536910990950401
569540460810620928
569565359524716544
569572942381649920
569634385823182852
569724056645140480
569749422482960384
569780368309657600
569785570320195585
567754136255725568
567760115579621376
567767251383808000
567820352329523200
567898186414710784
568051218477654016
568061166871846912
568081558625759233
568147483269971969
568176078595985408
568287936820572160
568385303267782656
568427942382071810
568431753272168448
568463569458741248
568778374451220480
568778730186928128
568787185341751296
568833409138745344
568840215089041409
568857663171366912
568858361011154944
569007629868998656
569078309033803776
569153098595192832
569197350901714944
569250176369471489
569273451564785664
569288008144330752
569536910990950401
569540460810620928
569565359524716544
569572942381649920
569634385823182852
569724056645140480
569749422482960384
569780368309657600
569785570320195585
569901925358968832
569910299983130625
569916590814203904
569969456190869504
569974423903715328
569975175321653248
570003144366792704
570013289188630529
570053838499143680
570061827100422144
570169851156701185
570232477618442241
570261981569159169
570286925556424705
