568214091229224960
568916213130096640
568916345506566145
568951377231114240
568214091229224960
568916213130096640
568916345506566145
568951377231114240
568214091229224960
568916213130096640
568916345506566145
568951377231114240
568214091229224960
568916213130096640
568916345506566145
568951377231114240
568214091229224960
568916213130096640
568916345506566145
568951377231114240
568214091229224960
568916213130096640
568916345506566145
568951377231114240
568214091229224960
568916213130096640
568916345506566145
568951377231114240
568214091229224960
568916213130096640
568916345506566145
568951377231114240
