568095623875964928
568490860901478400
568502289402630144
568555484589871105
568578057293807616
568605600273141760
569017052310056960
569017837576069120
569017927803932672
569018352464588800
569033988855037952
568095623875964928
568490860901478400
568502289402630144
568555484589871105
568578057293807616
568605600273141760
569017052310056960
569017837576069120
569017927803932672
569018352464588800
569033988855037952
568095623875964928
568490860901478400
568502289402630144
568555484589871105
568578057293807616
568605600273141760
569017052310056960
569017837576069120
569017927803932672
569018352464588800
569033988855037952
569934354241212417
569937260994564098
569959601011068928
570106114202861568
570226104839090176
568095623875964928
568490860901478400
568502289402630144
568555484589871105
568578057293807616
568605600273141760
569017052310056960
569017837576069120
569017927803932672
569018352464588800
569033988855037952
569934354241212417
569937260994564098
569959601011068928
570106114202861568
570226104839090176
568095623875964928
568490860901478400
568502289402630144
568555484589871105
568578057293807616
568605600273141760
569017052310056960
569017837576069120
569017927803932672
569018352464588800
569033988855037952
569934354241212417
569937260994564098
569959601011068928
570106114202861568
570226104839090176
568095623875964928
568490860901478400
568502289402630144
568555484589871105
568578057293807616
568605600273141760
569017052310056960
569017837576069120
569017927803932672
569018352464588800
569033988855037952
569934354241212417
569937260994564098
569959601011068928
570106114202861568
570226104839090176
568095623875964928
568490860901478400
568502289402630144
568555484589871105
568578057293807616
568605600273141760
569017052310056960
569017837576069120
569017927803932672
569018352464588800
569033988855037952
569934354241212417
569937260994564098
569959601011068928
570106114202861568
570226104839090176
568095623875964928
568490860901478400
568502289402630144
568555484589871105
568578057293807616
568605600273141760
569017052310056960
569017837576069120
569017927803932672
569018352464588800
569033988855037952
569934354241212417
569937260994564098
569959601011068928
570106114202861568
570226104839090176
