567787240399851520
567805714216792064
568108322924191744
568224469480833024
568258726668443648
568597968405835776
568724832898162688
568929026644975616
568948323916255233
569574961158815745
567787240399851520
567805714216792064
568108322924191744
568224469480833024
568258726668443648
568597968405835776
568724832898162688
568929026644975616
568948323916255233
569574961158815745
567787240399851520
567805714216792064
568108322924191744
568224469480833024
568258726668443648
568597968405835776
568724832898162688
568929026644975616
568948323916255233
569574961158815745
569922915472244736
569952408450805760
570222625621831680
570266640614498304
570307390752608257
567787240399851520
567805714216792064
568108322924191744
568224469480833024
568258726668443648
568597968405835776
568724832898162688
568929026644975616
568948323916255233
569574961158815745
569922915472244736
569952408450805760
570222625621831680
570266640614498304
570307390752608257
567787240399851520
567805714216792064
568108322924191744
568224469480833024
568258726668443648
568597968405835776
568724832898162688
568929026644975616
568948323916255233
569574961158815745
569922915472244736
569952408450805760
570222625621831680
570266640614498304
570307390752608257
567787240399851520
567805714216792064
568108322924191744
568224469480833024
568258726668443648
568597968405835776
568724832898162688
568929026644975616
568948323916255233
569574961158815745
569922915472244736
569952408450805760
570222625621831680
570266640614498304
570307390752608257
567787240399851520
567805714216792064
568108322924191744
568224469480833024
568258726668443648
568597968405835776
568724832898162688
568929026644975616
568948323916255233
569574961158815745
569922915472244736
569952408450805760
570222625621831680
570266640614498304
570307390752608257
567787240399851520
567805714216792064
568108322924191744
568224469480833024
568258726668443648
568597968405835776
568724832898162688
568929026644975616
568948323916255233
569574961158815745
569922915472244736
569952408450805760
570222625621831680
570266640614498304
570307390752608257
