568064545568092160
568135319876468736
568174139531513856
568672436977168385
568815310016548865
568971449815289856
569007890029129728
569575780864241664
568064545568092160
568135319876468736
568174139531513856
568672436977168385
568815310016548865
568971449815289856
569007890029129728
569575780864241664
568064545568092160
568135319876468736
568174139531513856
568672436977168385
568815310016548865
568971449815289856
569007890029129728
569575780864241664
569937673206534144
569938945871626240
568064545568092160
568135319876468736
568174139531513856
568672436977168385
568815310016548865
568971449815289856
569007890029129728
569575780864241664
569937673206534144
569938945871626240
568064545568092160
568135319876468736
568174139531513856
568672436977168385
568815310016548865
568971449815289856
569007890029129728
569575780864241664
569937673206534144
569938945871626240
568064545568092160
568135319876468736
568174139531513856
568672436977168385
568815310016548865
568971449815289856
569007890029129728
569575780864241664
569937673206534144
569938945871626240
568064545568092160
568135319876468736
568174139531513856
568672436977168385
568815310016548865
568971449815289856
569007890029129728
569575780864241664
569937673206534144
569938945871626240
568064545568092160
568135319876468736
568174139531513856
568672436977168385
568815310016548865
568971449815289856
569007890029129728
569575780864241664
569937673206534144
569938945871626240
