567792433687175168
567804646157475840
568429136584286209
568643928720850944
567792433687175168
567804646157475840
568429136584286209
568643928720850944
567792433687175168
567804646157475840
568429136584286209
568643928720850944
567792433687175168
567804646157475840
568429136584286209
568643928720850944
567792433687175168
567804646157475840
568429136584286209
568643928720850944
567792433687175168
567804646157475840
568429136584286209
568643928720850944
567792433687175168
567804646157475840
568429136584286209
568643928720850944
567792433687175168
567804646157475840
568429136584286209
568643928720850944
