568251373189349376
568760613792579584
568788141236199424
569173103009525760
569318947729887232
569500787849728001
569646535215939585
569724186173640705
568251373189349376
568760613792579584
568788141236199424
569173103009525760
569318947729887232
569500787849728001
569646535215939585
569724186173640705
568251373189349376
568760613792579584
568788141236199424
569173103009525760
569318947729887232
569500787849728001
569646535215939585
569724186173640705
569969218306904067
569971233351213056
570226143045033985
570270848201797632
