567814334228774912
568199579201605632
568599168949886977
568853290513010688
568895188338380801
568920221882257408
569163696041172992
569595015518793730
569645522363011072
569659515706028033
567814334228774912
568199579201605632
568599168949886977
568853290513010688
568895188338380801
568920221882257408
569163696041172992
569595015518793730
569645522363011072
569659515706028033
567814334228774912
568199579201605632
568599168949886977
568853290513010688
568895188338380801
568920221882257408
569163696041172992
569595015518793730
569645522363011072
569659515706028033
569895927273517056
569918026918727680
569923730614460416
570068397544710144
567814334228774912
568199579201605632
568599168949886977
568853290513010688
568895188338380801
568920221882257408
569163696041172992
569595015518793730
569645522363011072
569659515706028033
569895927273517056
569918026918727680
569923730614460416
570068397544710144
567814334228774912
568199579201605632
568599168949886977
568853290513010688
568895188338380801
568920221882257408
569163696041172992
569595015518793730
569645522363011072
569659515706028033
569895927273517056
569918026918727680
569923730614460416
570068397544710144
567814334228774912
568199579201605632
568599168949886977
568853290513010688
568895188338380801
568920221882257408
569163696041172992
569595015518793730
569645522363011072
569659515706028033
569895927273517056
569918026918727680
569923730614460416
570068397544710144
567814334228774912
568199579201605632
568599168949886977
568853290513010688
568895188338380801
568920221882257408
569163696041172992
569595015518793730
569645522363011072
569659515706028033
569895927273517056
569918026918727680
569923730614460416
570068397544710144
567814334228774912
568199579201605632
568599168949886977
568853290513010688
568895188338380801
568920221882257408
569163696041172992
569595015518793730
569645522363011072
569659515706028033
569895927273517056
569918026918727680
569923730614460416
570068397544710144
