567686758708817921
567725170367148034
567735204656066560
567738484082114561
567760797062152192
567765690589790208
567790995148783616
567800823674310658
567807269707206657
567854566122864640
567881459161260032
567884863031762945
567892395867656193
567898236809277440
567935142418780161
568094760151486464
568107670177239040
568126461477068800
568139479237525505
568172001300340736
568172843520950272
568173724974878720
568174545854726144
568180768804978688
568181747357229057
568193603954085888
568196150718824448
568220033299542016
568237611208318976
568240029413163008
568244413031448577
568251373189349376
568298773941755904
568396209091702784
568430874049581058
568433716206436353
568437324587012096
568444042851323904
568462805235597312
568484677868265473
568495595440234496
568496445164273665
568526521910079488
568594708177555457
568599227342852096
568606485716078592
568606997546999809
568616603568492544
568625749214642176
568795018816675841
568822571875098624
568829465788350464
568891233386561537
568895587900207104
568899508601430016
568913623327703040
568945176401457153
568948323916255233
568960570486976513
568974008076652545
569017194564096000
569134333166002177
569170372018499584
569186762947493888
569244957698969602
569246231500685314
569275378331717633
569285269981167616
569297850456109056
569300193503367168
569302758018420736
569305113589714944
569326191213219841
569345829653254145
569352847898386432
569431307152953344
569454641320062976
569504172011356160
569513103970455552
569527176350969856
569565393502793728
569572180012371968
569582862472577024
569584744532287490
569587844693536768
569588375037960192
569596325076955137
569602278988120064
569603127223066624
569606005618638848
569609699152273409
569615109363929088
569626884549578752
569629346777968640
569633323997212672
569638503199285248
569641343254970368
569655113477988352
569655861297049600
569657112109965312
569678632567881728
569683741779599361
569686415665025024
569697298768203776
569698949474291713
569705838870466561
569733882007801857
569742312059899904
569769643864408064
569801797851697152
567686758708817921
567725170367148034
567735204656066560
567738484082114561
567760797062152192
567765690589790208
567790995148783616
567800823674310658
567807269707206657
567854566122864640
567881459161260032
567884863031762945
567892395867656193
567898236809277440
567935142418780161
568094760151486464
568107670177239040
568126461477068800
568139479237525505
568172001300340736
568172843520950272
568173724974878720
568174545854726144
568180768804978688
568181747357229057
568193603954085888
568196150718824448
568220033299542016
568237611208318976
568240029413163008
568244413031448577
568251373189349376
568298773941755904
568396209091702784
568430874049581058
568433716206436353
568437324587012096
568444042851323904
568462805235597312
568484677868265473
568495595440234496
568496445164273665
568526521910079488
568594708177555457
568599227342852096
568606485716078592
568606997546999809
568616603568492544
568625749214642176
568795018816675841
568822571875098624
568829465788350464
568891233386561537
568895587900207104
568899508601430016
568913623327703040
568945176401457153
568948323916255233
568960570486976513
568974008076652545
569017194564096000
569134333166002177
569170372018499584
569186762947493888
569244957698969602
569246231500685314
569275378331717633
569285269981167616
569297850456109056
569300193503367168
569302758018420736
569305113589714944
569326191213219841
569345829653254145
569352847898386432
569431307152953344
569454641320062976
569504172011356160
569513103970455552
569527176350969856
569565393502793728
569572180012371968
569582862472577024
569584744532287490
569587844693536768
569588375037960192
569596325076955137
569602278988120064
569603127223066624
569606005618638848
569609699152273409
569615109363929088
569626884549578752
569629346777968640
569633323997212672
569638503199285248
569641343254970368
569655113477988352
569655861297049600
569657112109965312
569678632567881728
569683741779599361
569686415665025024
569697298768203776
569698949474291713
569705838870466561
569733882007801857
569742312059899904
569769643864408064
569801797851697152
567686758708817921
567725170367148034
567735204656066560
567738484082114561
567760797062152192
567765690589790208
567790995148783616
567800823674310658
567807269707206657
567854566122864640
567881459161260032
567884863031762945
567892395867656193
567898236809277440
567935142418780161
568094760151486464
568107670177239040
568126461477068800
568139479237525505
568172001300340736
568172843520950272
568173724974878720
568174545854726144
568180768804978688
568181747357229057
568193603954085888
568196150718824448
568220033299542016
568237611208318976
568240029413163008
568244413031448577
568251373189349376
568298773941755904
568396209091702784
568430874049581058
568433716206436353
568437324587012096
568444042851323904
568462805235597312
568484677868265473
568495595440234496
568496445164273665
568526521910079488
568594708177555457
568599227342852096
568606485716078592
568606997546999809
568616603568492544
568625749214642176
568795018816675841
568822571875098624
568829465788350464
568891233386561537
568895587900207104
568899508601430016
568913623327703040
568945176401457153
568948323916255233
568960570486976513
568974008076652545
569017194564096000
569134333166002177
569170372018499584
569186762947493888
569244957698969602
569246231500685314
569275378331717633
569285269981167616
569297850456109056
569300193503367168
569302758018420736
569305113589714944
569326191213219841
569345829653254145
569352847898386432
569431307152953344
569454641320062976
569504172011356160
569513103970455552
569527176350969856
569565393502793728
569572180012371968
569582862472577024
569584744532287490
569587844693536768
569588375037960192
569596325076955137
569602278988120064
569603127223066624
569606005618638848
569609699152273409
569615109363929088
569626884549578752
569629346777968640
569633323997212672
569638503199285248
569641343254970368
569655113477988352
569655861297049600
569657112109965312
569678632567881728
569683741779599361
569686415665025024
569697298768203776
569698949474291713
569705838870466561
569733882007801857
569742312059899904
569769643864408064
569801797851697152
569856492477657088
569860677650636801
569862271968669697
569870374638235649
569878139003740163
569895210777501696
569896805611089920
569904613069103104
569942888643227648
569947001456070656
569951566784045058
569957703813976065
569959975566467072
569967441591144450
569976124278640640
569977223198822400
569984437720453121
570003828658950145
570011505237716993
570042981794729985
570048528602374144
570050603851710464
570074864708669440
570079676204347394
570084632999428096
570106717490393088
570136977074491392
570184083692658688
570195827341312000
570227199766179840
570241070577139713
570242191685234688
570242829294960640
570252528245456897
570260383862108160
570265596220166144
570271846718775296
570276681551732736
570279812922789888
570280378193330180
570285537833168896
570289085354541058
570307949614256128
567686758708817921
567725170367148034
567735204656066560
567738484082114561
567760797062152192
567765690589790208
567790995148783616
567800823674310658
567807269707206657
567854566122864640
567881459161260032
567884863031762945
567892395867656193
567898236809277440
567935142418780161
568094760151486464
568107670177239040
568126461477068800
568139479237525505
568172001300340736
568172843520950272
568173724974878720
568174545854726144
568180768804978688
568181747357229057
568193603954085888
568196150718824448
568220033299542016
568237611208318976
568240029413163008
568244413031448577
568251373189349376
568298773941755904
568396209091702784
568430874049581058
568433716206436353
568437324587012096
568444042851323904
568462805235597312
568484677868265473
568495595440234496
568496445164273665
568526521910079488
568594708177555457
568599227342852096
568606485716078592
568606997546999809
568616603568492544
568625749214642176
568795018816675841
568822571875098624
568829465788350464
568891233386561537
568895587900207104
568899508601430016
568913623327703040
568945176401457153
568948323916255233
568960570486976513
568974008076652545
569017194564096000
569134333166002177
569170372018499584
569186762947493888
569244957698969602
569246231500685314
569275378331717633
569285269981167616
569297850456109056
569300193503367168
569302758018420736
569305113589714944
569326191213219841
569345829653254145
569352847898386432
569431307152953344
569454641320062976
569504172011356160
569513103970455552
569527176350969856
569565393502793728
569572180012371968
569582862472577024
569584744532287490
569587844693536768
569588375037960192
569596325076955137
569602278988120064
569603127223066624
569606005618638848
569609699152273409
569615109363929088
569626884549578752
569629346777968640
569633323997212672
569638503199285248
569641343254970368
569655113477988352
569655861297049600
569657112109965312
569678632567881728
569683741779599361
569686415665025024
569697298768203776
569698949474291713
569705838870466561
569733882007801857
569742312059899904
569769643864408064
569801797851697152
569856492477657088
569860677650636801
569862271968669697
569870374638235649
569878139003740163
569895210777501696
569896805611089920
569904613069103104
569942888643227648
569947001456070656
569951566784045058
569957703813976065
569959975566467072
569967441591144450
569976124278640640
569977223198822400
569984437720453121
570003828658950145
570011505237716993
570042981794729985
570048528602374144
570050603851710464
570074864708669440
570079676204347394
570084632999428096
570106717490393088
570136977074491392
570184083692658688
570195827341312000
570227199766179840
570241070577139713
570242191685234688
570242829294960640
570252528245456897
570260383862108160
570265596220166144
570271846718775296
570276681551732736
570279812922789888
570280378193330180
570285537833168896
570289085354541058
570307949614256128
567686758708817921
567725170367148034
567735204656066560
567738484082114561
567760797062152192
567765690589790208
567790995148783616
567800823674310658
567807269707206657
567854566122864640
567881459161260032
567884863031762945
567892395867656193
567898236809277440
567935142418780161
568094760151486464
568107670177239040
568126461477068800
568139479237525505
568172001300340736
568172843520950272
568173724974878720
568174545854726144
568180768804978688
568181747357229057
568193603954085888
568196150718824448
568220033299542016
568237611208318976
568240029413163008
568244413031448577
568251373189349376
568298773941755904
568396209091702784
568430874049581058
568433716206436353
568437324587012096
568444042851323904
568462805235597312
568484677868265473
568495595440234496
568496445164273665
568526521910079488
568594708177555457
568599227342852096
568606485716078592
568606997546999809
568616603568492544
568625749214642176
568795018816675841
568822571875098624
568829465788350464
568891233386561537
568895587900207104
568899508601430016
568913623327703040
568945176401457153
568948323916255233
568960570486976513
568974008076652545
569017194564096000
569134333166002177
569170372018499584
569186762947493888
569244957698969602
569246231500685314
569275378331717633
569285269981167616
569297850456109056
569300193503367168
569302758018420736
569305113589714944
569326191213219841
569345829653254145
569352847898386432
569431307152953344
569454641320062976
569504172011356160
569513103970455552
569527176350969856
569565393502793728
569572180012371968
569582862472577024
569584744532287490
569587844693536768
569588375037960192
569596325076955137
569602278988120064
569603127223066624
569606005618638848
569609699152273409
569615109363929088
569626884549578752
569629346777968640
569633323997212672
569638503199285248
569641343254970368
569655113477988352
569655861297049600
569657112109965312
569678632567881728
569683741779599361
569686415665025024
569697298768203776
569698949474291713
569705838870466561
569733882007801857
569742312059899904
569769643864408064
569801797851697152
569856492477657088
569860677650636801
569862271968669697
569870374638235649
569878139003740163
569895210777501696
569896805611089920
569904613069103104
569942888643227648
569947001456070656
569951566784045058
569957703813976065
569959975566467072
569967441591144450
569976124278640640
569977223198822400
569984437720453121
570003828658950145
570011505237716993
570042981794729985
570048528602374144
570050603851710464
570074864708669440
570079676204347394
570084632999428096
570106717490393088
570136977074491392
570184083692658688
570195827341312000
570227199766179840
570241070577139713
570242191685234688
570242829294960640
570252528245456897
570260383862108160
570265596220166144
570271846718775296
570276681551732736
570279812922789888
570280378193330180
570285537833168896
570289085354541058
570307949614256128
567686758708817921
567725170367148034
567735204656066560
567738484082114561
567760797062152192
567765690589790208
567790995148783616
567800823674310658
567807269707206657
567854566122864640
567881459161260032
567884863031762945
567892395867656193
567898236809277440
567935142418780161
568094760151486464
568107670177239040
568126461477068800
568139479237525505
568172001300340736
568172843520950272
568173724974878720
568174545854726144
568180768804978688
568181747357229057
568193603954085888
568196150718824448
568220033299542016
568237611208318976
568240029413163008
568244413031448577
568251373189349376
568298773941755904
568396209091702784
568430874049581058
568433716206436353
568437324587012096
568444042851323904
568462805235597312
568484677868265473
568495595440234496
568496445164273665
568526521910079488
568594708177555457
568599227342852096
568606485716078592
568606997546999809
568616603568492544
568625749214642176
568795018816675841
568822571875098624
568829465788350464
568891233386561537
568895587900207104
568899508601430016
568913623327703040
568945176401457153
568948323916255233
568960570486976513
568974008076652545
569017194564096000
569134333166002177
569170372018499584
569186762947493888
569244957698969602
569246231500685314
569275378331717633
569285269981167616
569297850456109056
569300193503367168
569302758018420736
569305113589714944
569326191213219841
569345829653254145
569352847898386432
569431307152953344
569454641320062976
569504172011356160
569513103970455552
569527176350969856
569565393502793728
569572180012371968
569582862472577024
569584744532287490
569587844693536768
569588375037960192
569596325076955137
569602278988120064
569603127223066624
569606005618638848
569609699152273409
569615109363929088
569626884549578752
569629346777968640
569633323997212672
569638503199285248
569641343254970368
569655113477988352
569655861297049600
569657112109965312
569678632567881728
569683741779599361
569686415665025024
569697298768203776
569698949474291713
569705838870466561
569733882007801857
569742312059899904
569769643864408064
569801797851697152
569856492477657088
569860677650636801
569862271968669697
569870374638235649
569878139003740163
569895210777501696
569896805611089920
569904613069103104
569942888643227648
569947001456070656
569951566784045058
569957703813976065
569959975566467072
569967441591144450
569976124278640640
569977223198822400
569984437720453121
570003828658950145
570011505237716993
570042981794729985
570048528602374144
570050603851710464
570074864708669440
570079676204347394
570084632999428096
570106717490393088
570136977074491392
570184083692658688
570195827341312000
570227199766179840
570241070577139713
570242191685234688
570242829294960640
570252528245456897
570260383862108160
570265596220166144
570271846718775296
570276681551732736
570279812922789888
570280378193330180
570285537833168896
570289085354541058
570307949614256128
567686758708817921
567725170367148034
567735204656066560
567738484082114561
567760797062152192
567765690589790208
567790995148783616
567800823674310658
567807269707206657
567854566122864640
567881459161260032
567884863031762945
567892395867656193
567898236809277440
567935142418780161
568094760151486464
568107670177239040
568126461477068800
568139479237525505
568172001300340736
568172843520950272
568173724974878720
568174545854726144
568180768804978688
568181747357229057
568193603954085888
568196150718824448
568220033299542016
568237611208318976
568240029413163008
568244413031448577
568251373189349376
568298773941755904
568396209091702784
568430874049581058
568433716206436353
568437324587012096
568444042851323904
568462805235597312
568484677868265473
568495595440234496
568496445164273665
568526521910079488
568594708177555457
568599227342852096
568606485716078592
568606997546999809
568616603568492544
568625749214642176
568795018816675841
568822571875098624
568829465788350464
568891233386561537
568895587900207104
568899508601430016
568913623327703040
568945176401457153
568948323916255233
568960570486976513
568974008076652545
569017194564096000
569134333166002177
569170372018499584
569186762947493888
569244957698969602
569246231500685314
569275378331717633
569285269981167616
569297850456109056
569300193503367168
569302758018420736
569305113589714944
569326191213219841
569345829653254145
569352847898386432
569431307152953344
569454641320062976
569504172011356160
569513103970455552
569527176350969856
569565393502793728
569572180012371968
569582862472577024
569584744532287490
569587844693536768
569588375037960192
569596325076955137
569602278988120064
569603127223066624
569606005618638848
569609699152273409
569615109363929088
569626884549578752
569629346777968640
569633323997212672
569638503199285248
569641343254970368
569655113477988352
569655861297049600
569657112109965312
569678632567881728
569683741779599361
569686415665025024
569697298768203776
569698949474291713
569705838870466561
569733882007801857
569742312059899904
569769643864408064
569801797851697152
569856492477657088
569860677650636801
569862271968669697
569870374638235649
569878139003740163
569895210777501696
569896805611089920
569904613069103104
569942888643227648
569947001456070656
569951566784045058
569957703813976065
569959975566467072
569967441591144450
569976124278640640
569977223198822400
569984437720453121
570003828658950145
570011505237716993
570042981794729985
570048528602374144
570050603851710464
570074864708669440
570079676204347394
570084632999428096
570106717490393088
570136977074491392
570184083692658688
570195827341312000
570227199766179840
570241070577139713
570242191685234688
570242829294960640
570252528245456897
570260383862108160
570265596220166144
570271846718775296
570276681551732736
570279812922789888
570280378193330180
570285537833168896
570289085354541058
570307949614256128
567686758708817921
567725170367148034
567735204656066560
567738484082114561
567760797062152192
567765690589790208
567790995148783616
567800823674310658
567807269707206657
567854566122864640
567881459161260032
567884863031762945
567892395867656193
567898236809277440
567935142418780161
568094760151486464
568107670177239040
568126461477068800
568139479237525505
568172001300340736
568172843520950272
568173724974878720
568174545854726144
568180768804978688
568181747357229057
568193603954085888
568196150718824448
568220033299542016
568237611208318976
568240029413163008
568244413031448577
568251373189349376
568298773941755904
568396209091702784
568430874049581058
568433716206436353
568437324587012096
568444042851323904
568462805235597312
568484677868265473
568495595440234496
568496445164273665
568526521910079488
568594708177555457
568599227342852096
568606485716078592
568606997546999809
568616603568492544
568625749214642176
568795018816675841
568822571875098624
568829465788350464
568891233386561537
568895587900207104
568899508601430016
568913623327703040
568945176401457153
568948323916255233
568960570486976513
568974008076652545
569017194564096000
569134333166002177
569170372018499584
569186762947493888
569244957698969602
569246231500685314
569275378331717633
569285269981167616
569297850456109056
569300193503367168
569302758018420736
569305113589714944
569326191213219841
569345829653254145
569352847898386432
569431307152953344
569454641320062976
569504172011356160
569513103970455552
569527176350969856
569565393502793728
569572180012371968
569582862472577024
569584744532287490
569587844693536768
569588375037960192
569596325076955137
569602278988120064
569603127223066624
569606005618638848
569609699152273409
569615109363929088
569626884549578752
569629346777968640
569633323997212672
569638503199285248
569641343254970368
569655113477988352
569655861297049600
569657112109965312
569678632567881728
569683741779599361
569686415665025024
569697298768203776
569698949474291713
569705838870466561
569733882007801857
569742312059899904
569769643864408064
569801797851697152
569856492477657088
569860677650636801
569862271968669697
569870374638235649
569878139003740163
569895210777501696
569896805611089920
569904613069103104
569942888643227648
569947001456070656
569951566784045058
569957703813976065
569959975566467072
569967441591144450
569976124278640640
569977223198822400
569984437720453121
570003828658950145
570011505237716993
570042981794729985
570048528602374144
570050603851710464
570074864708669440
570079676204347394
570084632999428096
570106717490393088
570136977074491392
570184083692658688
570195827341312000
570227199766179840
570241070577139713
570242191685234688
570242829294960640
570252528245456897
570260383862108160
570265596220166144
570271846718775296
570276681551732736
570279812922789888
570280378193330180
570285537833168896
570289085354541058
570307949614256128
