567780888700669952
568101444391276544
568428263762214913
568761600359993344
568927427847544833
569168696083656705
569603039750852608
569647825299963904
569658153115250689
569698145703043072
567780888700669952
568101444391276544
568428263762214913
568761600359993344
568927427847544833
569168696083656705
569603039750852608
569647825299963904
569658153115250689
569698145703043072
567780888700669952
568101444391276544
568428263762214913
568761600359993344
568927427847544833
569168696083656705
569603039750852608
569647825299963904
569658153115250689
569698145703043072
569867211852156928
569874879794831360
569953672861388800
569975126659342336
570002150115254272
567780888700669952
568101444391276544
568428263762214913
568761600359993344
568927427847544833
569168696083656705
569603039750852608
569647825299963904
569658153115250689
569698145703043072
569867211852156928
569874879794831360
569953672861388800
569975126659342336
570002150115254272
567780888700669952
568101444391276544
568428263762214913
568761600359993344
568927427847544833
569168696083656705
569603039750852608
569647825299963904
569658153115250689
569698145703043072
569867211852156928
569874879794831360
569953672861388800
569975126659342336
570002150115254272
567780888700669952
568101444391276544
568428263762214913
568761600359993344
568927427847544833
569168696083656705
569603039750852608
569647825299963904
569658153115250689
569698145703043072
569867211852156928
569874879794831360
569953672861388800
569975126659342336
570002150115254272
567780888700669952
568101444391276544
568428263762214913
568761600359993344
568927427847544833
569168696083656705
569603039750852608
569647825299963904
569658153115250689
569698145703043072
569867211852156928
569874879794831360
569953672861388800
569975126659342336
570002150115254272
567780888700669952
568101444391276544
568428263762214913
568761600359993344
568927427847544833
569168696083656705
569603039750852608
569647825299963904
569658153115250689
569698145703043072
569867211852156928
569874879794831360
569953672861388800
569975126659342336
570002150115254272
