567867311744380928
569741986502041602
567867311744380928
569741986502041602
567867311744380928
569741986502041602
569975126659342336
569999614624927744
569999790328541184
567867311744380928
569741986502041602
569975126659342336
569999614624927744
569999790328541184
567867311744380928
569741986502041602
569975126659342336
569999614624927744
569999790328541184
567867311744380928
569741986502041602
569975126659342336
569999614624927744
569999790328541184
567867311744380928
569741986502041602
569975126659342336
569999614624927744
569999790328541184
567867311744380928
569741986502041602
569975126659342336
569999614624927744
569999790328541184
