567744381432516608
567800574051151872
567804923782627330
567888186967470080
567983341405745152
568066292114001921
568070522908442625
568425272304934912
568625014037045248
568757775205056512
568820700489781248
568855071322198016
568870342443184128
569174663089287169
569204692401590273
569215035089690624
569282249717194754
569302780013355008
569358195862462464
569583943772610560
569612804350717953
569613526328717313
569615206625599488
569663687948181504
569666679963312129
569675498873159680
569681774307123200
569737682466656258
569799734774272002
567744381432516608
567800574051151872
567804923782627330
567888186967470080
567983341405745152
568066292114001921
568070522908442625
568425272304934912
568625014037045248
568757775205056512
568820700489781248
568855071322198016
568870342443184128
569174663089287169
569204692401590273
569215035089690624
569282249717194754
569302780013355008
569358195862462464
569583943772610560
569612804350717953
569613526328717313
569615206625599488
569663687948181504
569666679963312129
569675498873159680
569681774307123200
569737682466656258
569799734774272002
569841224221392897
567744381432516608
567800574051151872
567804923782627330
567888186967470080
567983341405745152
568066292114001921
568070522908442625
568425272304934912
568625014037045248
568757775205056512
568820700489781248
568855071322198016
568870342443184128
569174663089287169
569204692401590273
569215035089690624
569282249717194754
569302780013355008
569358195862462464
569583943772610560
569612804350717953
569613526328717313
569615206625599488
569663687948181504
569666679963312129
569675498873159680
569681774307123200
569737682466656258
569799734774272002
569841224221392897
569903120781852672
569938799397990401
569986246648442881
570247748286435328
567744381432516608
567800574051151872
567804923782627330
567888186967470080
567983341405745152
568066292114001921
568070522908442625
568425272304934912
568625014037045248
568757775205056512
568820700489781248
568855071322198016
568870342443184128
569174663089287169
569204692401590273
569215035089690624
569282249717194754
569302780013355008
569358195862462464
569583943772610560
569612804350717953
569613526328717313
569615206625599488
569663687948181504
569666679963312129
569675498873159680
569681774307123200
569737682466656258
569799734774272002
569841224221392897
569903120781852672
569938799397990401
569986246648442881
570247748286435328
567744381432516608
567800574051151872
567804923782627330
567888186967470080
567983341405745152
568066292114001921
568070522908442625
568425272304934912
568625014037045248
568757775205056512
568820700489781248
568855071322198016
568870342443184128
569174663089287169
569204692401590273
569215035089690624
569282249717194754
569302780013355008
569358195862462464
569583943772610560
569612804350717953
569613526328717313
569615206625599488
569663687948181504
569666679963312129
569675498873159680
569681774307123200
569737682466656258
569799734774272002
569841224221392897
569903120781852672
569938799397990401
569986246648442881
570247748286435328
567744381432516608
567800574051151872
567804923782627330
567888186967470080
567983341405745152
568066292114001921
568070522908442625
568425272304934912
568625014037045248
568757775205056512
568820700489781248
568855071322198016
568870342443184128
569174663089287169
569204692401590273
569215035089690624
569282249717194754
569302780013355008
569358195862462464
569583943772610560
569612804350717953
569613526328717313
569615206625599488
569663687948181504
569666679963312129
569675498873159680
569681774307123200
569737682466656258
569799734774272002
569841224221392897
569903120781852672
569938799397990401
569986246648442881
570247748286435328
567744381432516608
567800574051151872
567804923782627330
567888186967470080
567983341405745152
568066292114001921
568070522908442625
568425272304934912
568625014037045248
568757775205056512
568820700489781248
568855071322198016
568870342443184128
569174663089287169
569204692401590273
569215035089690624
569282249717194754
569302780013355008
569358195862462464
569583943772610560
569612804350717953
569613526328717313
569615206625599488
569663687948181504
569666679963312129
569675498873159680
569681774307123200
569737682466656258
569799734774272002
569841224221392897
569903120781852672
569938799397990401
569986246648442881
570247748286435328
567744381432516608
567800574051151872
567804923782627330
567888186967470080
567983341405745152
568066292114001921
568070522908442625
568425272304934912
568625014037045248
568757775205056512
568820700489781248
568855071322198016
568870342443184128
569174663089287169
569204692401590273
569215035089690624
569282249717194754
569302780013355008
569358195862462464
569583943772610560
569612804350717953
569613526328717313
569615206625599488
569663687948181504
569666679963312129
569675498873159680
569681774307123200
569737682466656258
569799734774272002
569841224221392897
569903120781852672
569938799397990401
569986246648442881
570247748286435328
