567731585035014144
567752230111936512
567778703959408641
567786807224705027
567860775752208385
567879304593408001
567883674462588929
568055678201438208
568173388663013377
568183277774868480
568255867751165952
568429798604857344
568855390462603264
568871340498821120
569162276403609600
569182303034974208
569206566035042305
569226313220947969
569242689348071425
569305409925873664
569328854948573187
569591700416393216
569656281885077505
569695553644322816
569701377779183616
569707409985445889
569727598130962432
569732355067244545
567731585035014144
567752230111936512
567778703959408641
567786807224705027
567860775752208385
567879304593408001
567883674462588929
568055678201438208
568173388663013377
568183277774868480
568255867751165952
568429798604857344
568855390462603264
568871340498821120
569162276403609600
569182303034974208
569206566035042305
569226313220947969
569242689348071425
569305409925873664
569328854948573187
569591700416393216
569656281885077505
569695553644322816
569701377779183616
569707409985445889
569727598130962432
569732355067244545
567731585035014144
567752230111936512
567778703959408641
567786807224705027
567860775752208385
567879304593408001
567883674462588929
568055678201438208
568173388663013377
568183277774868480
568255867751165952
568429798604857344
568855390462603264
568871340498821120
569162276403609600
569182303034974208
569206566035042305
569226313220947969
569242689348071425
569305409925873664
569328854948573187
569591700416393216
569656281885077505
569695553644322816
569701377779183616
569707409985445889
569727598130962432
569732355067244545
569882830328569856
569914076496850945
569988842335244289
570000777768345600
570014474993688576
570016890996666368
570040888321318912
570189934096719873
570194141612789760
570245656972894208
570254375081414656
570300915418320897
