567722664597286913
567725820056068096
567747668512735232
567756837320392705
567790177063608320
567800801248161792
567843309349036032
567851387641597952
568090924141703169
568095956866093057
568440587411726336
568464487931613185
568524407850688512
568547839636332544
568849739346608128
568947922731028480
568950850615316480
568969970513653762
569083230361673728
569516969969389568
569572180012371968
569621528951660545
569631575819710464
569651320736522240
569683041578192896
569720247948861440
569721410542645248
569757651539660801
569762365572558848
569762394169221121
569814339785338880
567722664597286913
567725820056068096
567747668512735232
567756837320392705
567790177063608320
567800801248161792
567843309349036032
567851387641597952
568090924141703169
568095956866093057
568440587411726336
568464487931613185
568524407850688512
568547839636332544
568849739346608128
568947922731028480
568950850615316480
568969970513653762
569083230361673728
569516969969389568
569572180012371968
569621528951660545
569631575819710464
569651320736522240
569683041578192896
569720247948861440
569721410542645248
569757651539660801
569762365572558848
569762394169221121
569814339785338880
569817937131016192
567722664597286913
567725820056068096
567747668512735232
567756837320392705
567790177063608320
567800801248161792
567843309349036032
567851387641597952
568090924141703169
568095956866093057
568440587411726336
568464487931613185
568524407850688512
568547839636332544
568849739346608128
568947922731028480
568950850615316480
568969970513653762
569083230361673728
569516969969389568
569572180012371968
569621528951660545
569631575819710464
569651320736522240
569683041578192896
569720247948861440
569721410542645248
569757651539660801
569762365572558848
569762394169221121
569814339785338880
569817937131016192
570063826508320769
570081545211375616
570215106426114048
570259380999860224
570259700937134080
567722664597286913
567725820056068096
567747668512735232
567756837320392705
567790177063608320
567800801248161792
567843309349036032
567851387641597952
568090924141703169
568095956866093057
568440587411726336
568464487931613185
568524407850688512
568547839636332544
568849739346608128
568947922731028480
568950850615316480
568969970513653762
569083230361673728
569516969969389568
569572180012371968
569621528951660545
569631575819710464
569651320736522240
569683041578192896
569720247948861440
569721410542645248
569757651539660801
569762365572558848
569762394169221121
569814339785338880
569817937131016192
570063826508320769
570081545211375616
570215106426114048
570259380999860224
570259700937134080
567722664597286913
567725820056068096
567747668512735232
567756837320392705
567790177063608320
567800801248161792
567843309349036032
567851387641597952
568090924141703169
568095956866093057
568440587411726336
568464487931613185
568524407850688512
568547839636332544
568849739346608128
568947922731028480
568950850615316480
568969970513653762
569083230361673728
569516969969389568
569572180012371968
569621528951660545
569631575819710464
569651320736522240
569683041578192896
569720247948861440
569721410542645248
569757651539660801
569762365572558848
569762394169221121
569814339785338880
569817937131016192
570063826508320769
570081545211375616
570215106426114048
570259380999860224
570259700937134080
567722664597286913
567725820056068096
567747668512735232
567756837320392705
567790177063608320
567800801248161792
567843309349036032
567851387641597952
568090924141703169
568095956866093057
568440587411726336
568464487931613185
568524407850688512
568547839636332544
568849739346608128
568947922731028480
568950850615316480
568969970513653762
569083230361673728
569516969969389568
569572180012371968
569621528951660545
569631575819710464
569651320736522240
569683041578192896
569720247948861440
569721410542645248
569757651539660801
569762365572558848
569762394169221121
569814339785338880
569817937131016192
570063826508320769
570081545211375616
570215106426114048
570259380999860224
570259700937134080
567722664597286913
567725820056068096
567747668512735232
567756837320392705
567790177063608320
567800801248161792
567843309349036032
567851387641597952
568090924141703169
568095956866093057
568440587411726336
568464487931613185
568524407850688512
568547839636332544
568849739346608128
568947922731028480
568950850615316480
568969970513653762
569083230361673728
569516969969389568
569572180012371968
569621528951660545
569631575819710464
569651320736522240
569683041578192896
569720247948861440
569721410542645248
569757651539660801
569762365572558848
569762394169221121
569814339785338880
569817937131016192
570063826508320769
570081545211375616
570215106426114048
570259380999860224
570259700937134080
567722664597286913
567725820056068096
567747668512735232
567756837320392705
567790177063608320
567800801248161792
567843309349036032
567851387641597952
568090924141703169
568095956866093057
568440587411726336
568464487931613185
568524407850688512
568547839636332544
568849739346608128
568947922731028480
568950850615316480
568969970513653762
569083230361673728
569516969969389568
569572180012371968
569621528951660545
569631575819710464
569651320736522240
569683041578192896
569720247948861440
569721410542645248
569757651539660801
569762365572558848
569762394169221121
569814339785338880
569817937131016192
570063826508320769
570081545211375616
570215106426114048
570259380999860224
570259700937134080
