567750645462360064
567770910107897856
567771124235517952
567775140319358976
567797894431117312
567799259224940544
567812370690605056
567823707160354816
567831160978677760
567857221159297024
567875699056467968
567878696356433920
567897182545686528
567897643873148928
568095956866093057
568165573869199361
568183502161743873
568201002731622400
568204705861652480
568326927695491072
568399913358221312
568417913914441728
568432918110064640
568441968327573504
568462402875863041
568467286333513728
568475439460515840
568481515899908096
568494910405517312
568499953041080321
568548629973209089
568551937185951744
568571021554556929
568574614110117888
568597062104813568
568600380977893376
568611819864117248
568656507480481792
568731155303956480
568738229274464256
568812829324775428
568823603627565056
568850938796118016
568895050601508865
568931759150084096
568931996891807744
568958074230190080
568959170730266624
569083230361673728
569104886119297024
569154174929244162
569160924960919552
569184886424268800
569230997650214913
569237713016229888
569259858882662401
569263373092823040
569263908973903872
569273247252008961
569305239834136576
569308168364425216
569324035835711489
569342888615620609
569343738331275264
569346451526041600
569376311824621568
569377149045444608
569408340616351744
569421367243878400
569471541554978817
569485882941509632
569510667612504065
569514501730643968
569540826231152640
569546858122616833
569590965880532993
569604425238454273
569604674715693057
569605928636407808
569615109363929088
569618327078887424
569629228225859584
569631775766368256
569633482915209216
569639923080404994
569644070470963201
569644332573007873
569644637343711232
569644697309872128
569646184005894144
569646886610702337
569650751598944256
569651085348110336
569653423836045312
569654178789724160
569661154638872576
569672361890295808
569675861160386560
569681251734409216
569683872046194688
569684864141824000
569686145275072512
569688050386620416
569689983969202180
569691533101780992
569811013786312704
567750645462360064
567770910107897856
567771124235517952
567775140319358976
567797894431117312
567799259224940544
567812370690605056
567823707160354816
567831160978677760
567857221159297024
567875699056467968
567878696356433920
567897182545686528
567897643873148928
568095956866093057
568165573869199361
568183502161743873
568201002731622400
568204705861652480
568326927695491072
568399913358221312
568417913914441728
568432918110064640
568441968327573504
568462402875863041
568467286333513728
568475439460515840
568481515899908096
568494910405517312
568499953041080321
568548629973209089
568551937185951744
568571021554556929
568574614110117888
568597062104813568
568600380977893376
568611819864117248
568656507480481792
568731155303956480
568738229274464256
568812829324775428
568823603627565056
568850938796118016
568895050601508865
568931759150084096
568931996891807744
568958074230190080
568959170730266624
569083230361673728
569104886119297024
569154174929244162
569160924960919552
569184886424268800
569230997650214913
569237713016229888
569259858882662401
569263373092823040
569263908973903872
569273247252008961
569305239834136576
569308168364425216
569324035835711489
569342888615620609
569343738331275264
569346451526041600
569376311824621568
569377149045444608
569408340616351744
569421367243878400
569471541554978817
569485882941509632
569510667612504065
569514501730643968
569540826231152640
569546858122616833
569590965880532993
569604425238454273
569604674715693057
569605928636407808
569615109363929088
569618327078887424
569629228225859584
569631775766368256
569633482915209216
569639923080404994
569644070470963201
569644332573007873
569644637343711232
569644697309872128
569646184005894144
569646886610702337
569650751598944256
569651085348110336
569653423836045312
569654178789724160
569661154638872576
569672361890295808
569675861160386560
569681251734409216
569683872046194688
569684864141824000
569686145275072512
569688050386620416
569689983969202180
569691533101780992
569811013786312704
569820790905970688
569825634295230466
569827602589835265
567750645462360064
567770910107897856
567771124235517952
567775140319358976
567797894431117312
567799259224940544
567812370690605056
567823707160354816
567831160978677760
567857221159297024
567875699056467968
567878696356433920
567897182545686528
567897643873148928
568095956866093057
568165573869199361
568183502161743873
568201002731622400
568204705861652480
568326927695491072
568399913358221312
568417913914441728
568432918110064640
568441968327573504
568462402875863041
568467286333513728
568475439460515840
568481515899908096
568494910405517312
568499953041080321
568548629973209089
568551937185951744
568571021554556929
568574614110117888
568597062104813568
568600380977893376
568611819864117248
568656507480481792
568731155303956480
568738229274464256
568812829324775428
568823603627565056
568850938796118016
568895050601508865
568931759150084096
568931996891807744
568958074230190080
568959170730266624
569083230361673728
569104886119297024
569154174929244162
569160924960919552
569184886424268800
569230997650214913
569237713016229888
569259858882662401
569263373092823040
569263908973903872
569273247252008961
569305239834136576
569308168364425216
569324035835711489
569342888615620609
569343738331275264
569346451526041600
569376311824621568
569377149045444608
569408340616351744
569421367243878400
569471541554978817
569485882941509632
569510667612504065
569514501730643968
569540826231152640
569546858122616833
569590965880532993
569604425238454273
569604674715693057
569605928636407808
569615109363929088
569618327078887424
569629228225859584
569631775766368256
569633482915209216
569639923080404994
569644070470963201
569644332573007873
569644637343711232
569644697309872128
569646184005894144
569646886610702337
569650751598944256
569651085348110336
569653423836045312
569654178789724160
569661154638872576
569672361890295808
569675861160386560
569681251734409216
569683872046194688
569684864141824000
569686145275072512
569688050386620416
569689983969202180
569691533101780992
569811013786312704
569820790905970688
569825634295230466
569827602589835265
569865536873500672
569874944282234880
569880322487263232
569886919833874432
569905534020820992
569907564156035072
569912776199704578
569932207311048705
569935639539425280
569939265154617344
569942287318458369
569956192111316992
569959601011068928
569980631548973057
569996423074160640
570039094257938432
570076814585913344
570079549914005504
570099506135437312
570104704241307649
570107683027718144
570179455911481344
570196428364111873
570203789963218944
570238126611963905
570245576815546368
570269272502607873
570304244001193984
