568771007529398272
568967381860503552
568771007529398272
568967381860503552
568771007529398272
568967381860503552
570079041547472896
570091033368899584
570172301163008000
570296754832318465
568771007529398272
568967381860503552
570079041547472896
570091033368899584
570172301163008000
570296754832318465
568771007529398272
568967381860503552
570079041547472896
570091033368899584
570172301163008000
570296754832318465
568771007529398272
568967381860503552
570079041547472896
570091033368899584
570172301163008000
570296754832318465
568771007529398272
568967381860503552
570079041547472896
570091033368899584
570172301163008000
570296754832318465
568771007529398272
568967381860503552
570079041547472896
570091033368899584
570172301163008000
570296754832318465
