567733177590874114
567738715657609216
567739453884465152
567739553251725312
567748330734641152
567754096272224256
567773609939058688
567780486978609152
567800210064420864
567802378041450496
567802937394655232
567803627714138112
567805465854488579
567806788708626433
567826761141985280
567869544049414145
567898269961101313
568015003883859969
568056741885288448
568057887223894016
568059390135304193
568069549591035904
568080061372502016
568093190185566208
568113383242911744
568116534855503872
568127434173878272
568137336095170560
568140506116571136
568148807684198401
568149878095753216
568235890205532160
568372335012679680
568446450700558336
568450643175866368
568452051740413952
568458701046050816
568469582295379969
568475947617411072
568482168021917697
568511254530101248
568536883199746048
568538034947297281
568579880046227457
568757671819661314
568776728333541376
568808746689933312
568865011717705730
568879053496655872
568884211739971584
568890074164809728
568910590921609216
568940264020004864
568972990039265280
568986491608834048
569008329038524417
569021593852239872
569096764835414016
569114239996076032
569165102307545088
569185684268789761
569191687794270209
569206071081832448
569209016276004864
569209306874122241
569227063300718593
569250015752749057
569259449115942913
569278020441284608
569301244948324353
569307917712805889
569329921740427264
569354267854704641
569363221791928320
569372422509453313
569373511455776768
569373743698591744
569433059168260096
569439829328408576
569502753694691328
569503512968572928
569507060209090561
569525690950815745
569533355248766976
569537571685924864
569544819510345728
569565776010567680
569587813856841728
569591456190504961
569610889214754816
569612120758878208
569650612545187840
569691438784647168
569713993532600321
569729657248985089
569737258191839232
569759558777892864
569777311475765248
567733177590874114
567738715657609216
567739453884465152
567739553251725312
567748330734641152
567754096272224256
567773609939058688
567780486978609152
567800210064420864
567802378041450496
567802937394655232
567803627714138112
567805465854488579
567806788708626433
567826761141985280
567869544049414145
567898269961101313
568015003883859969
568056741885288448
568057887223894016
568059390135304193
568069549591035904
568080061372502016
568093190185566208
568113383242911744
568116534855503872
568127434173878272
568137336095170560
568140506116571136
568148807684198401
568149878095753216
568235890205532160
568372335012679680
568446450700558336
568450643175866368
568452051740413952
568458701046050816
568469582295379969
568475947617411072
568482168021917697
568511254530101248
568536883199746048
568538034947297281
568579880046227457
568757671819661314
568776728333541376
568808746689933312
568865011717705730
568879053496655872
568884211739971584
568890074164809728
568910590921609216
568940264020004864
568972990039265280
568986491608834048
569008329038524417
569021593852239872
569096764835414016
569114239996076032
569165102307545088
569185684268789761
569191687794270209
569206071081832448
569209016276004864
569209306874122241
569227063300718593
569250015752749057
569259449115942913
569278020441284608
569301244948324353
569307917712805889
569329921740427264
569354267854704641
569363221791928320
569372422509453313
569373511455776768
569373743698591744
569433059168260096
569439829328408576
569502753694691328
569503512968572928
569507060209090561
569525690950815745
569533355248766976
569537571685924864
569544819510345728
569565776010567680
569587813856841728
569591456190504961
569610889214754816
569612120758878208
569650612545187840
569691438784647168
569713993532600321
569729657248985089
569737258191839232
569759558777892864
569777311475765248
569833653871742976
569836091651592192
567733177590874114
567738715657609216
567739453884465152
567739553251725312
567748330734641152
567754096272224256
567773609939058688
567780486978609152
567800210064420864
567802378041450496
567802937394655232
567803627714138112
567805465854488579
567806788708626433
567826761141985280
567869544049414145
567898269961101313
568015003883859969
568056741885288448
568057887223894016
568059390135304193
568069549591035904
568080061372502016
568093190185566208
568113383242911744
568116534855503872
568127434173878272
568137336095170560
568140506116571136
568148807684198401
568149878095753216
568235890205532160
568372335012679680
568446450700558336
568450643175866368
568452051740413952
568458701046050816
568469582295379969
568475947617411072
568482168021917697
568511254530101248
568536883199746048
568538034947297281
568579880046227457
568757671819661314
568776728333541376
568808746689933312
568865011717705730
568879053496655872
568884211739971584
568890074164809728
568910590921609216
568940264020004864
568972990039265280
568986491608834048
569008329038524417
569021593852239872
569096764835414016
569114239996076032
569165102307545088
569185684268789761
569191687794270209
569206071081832448
569209016276004864
569209306874122241
569227063300718593
569250015752749057
569259449115942913
569278020441284608
569301244948324353
569307917712805889
569329921740427264
569354267854704641
569363221791928320
569372422509453313
569373511455776768
569373743698591744
569433059168260096
569439829328408576
569502753694691328
569503512968572928
569507060209090561
569525690950815745
569533355248766976
569537571685924864
569544819510345728
569565776010567680
569587813856841728
569591456190504961
569610889214754816
569612120758878208
569650612545187840
569691438784647168
569713993532600321
569729657248985089
569737258191839232
569759558777892864
569777311475765248
569833653871742976
569836091651592192
569852332797775872
569854535608311809
569884033775063040
569890084893413376
569892024708689920
569892141335334913
569902219602100225
569905534020820992
569917442455175168
569920593597894657
569923507263557632
569940740454936576
569966609080586240
569989023478841345
570001983408635904
570021301223604224
570035728832446465
570049018820042752
570049195446444033
570059381284302848
570065297568194560
570083363169669121
570088135851266048
570101777934086146
570202204281425920
570226164146397184
570234946700357632
570240336519258112
570272015598411776
570280737951375360
570287238145290240
570289080090689536
570298411582394368
570302460235026433
567733177590874114
567738715657609216
567739453884465152
567739553251725312
567748330734641152
567754096272224256
567773609939058688
567780486978609152
567800210064420864
567802378041450496
567802937394655232
567803627714138112
567805465854488579
567806788708626433
567826761141985280
567869544049414145
567898269961101313
568015003883859969
568056741885288448
568057887223894016
568059390135304193
568069549591035904
568080061372502016
568093190185566208
568113383242911744
568116534855503872
568127434173878272
568137336095170560
568140506116571136
568148807684198401
568149878095753216
568235890205532160
568372335012679680
568446450700558336
568450643175866368
568452051740413952
568458701046050816
568469582295379969
568475947617411072
568482168021917697
568511254530101248
568536883199746048
568538034947297281
568579880046227457
568757671819661314
568776728333541376
568808746689933312
568865011717705730
568879053496655872
568884211739971584
568890074164809728
568910590921609216
568940264020004864
568972990039265280
568986491608834048
569008329038524417
569021593852239872
569096764835414016
569114239996076032
569165102307545088
569185684268789761
569191687794270209
569206071081832448
569209016276004864
569209306874122241
569227063300718593
569250015752749057
569259449115942913
569278020441284608
569301244948324353
569307917712805889
569329921740427264
569354267854704641
569363221791928320
569372422509453313
569373511455776768
569373743698591744
569433059168260096
569439829328408576
569502753694691328
569503512968572928
569507060209090561
569525690950815745
569533355248766976
569537571685924864
569544819510345728
569565776010567680
569587813856841728
569591456190504961
569610889214754816
569612120758878208
569650612545187840
569691438784647168
569713993532600321
569729657248985089
569737258191839232
569759558777892864
569777311475765248
569833653871742976
569836091651592192
569852332797775872
569854535608311809
569884033775063040
569890084893413376
569892024708689920
569892141335334913
569902219602100225
569905534020820992
569917442455175168
569920593597894657
569923507263557632
569940740454936576
569966609080586240
569989023478841345
570001983408635904
570021301223604224
570035728832446465
570049018820042752
570049195446444033
570059381284302848
570065297568194560
570083363169669121
570088135851266048
570101777934086146
570202204281425920
570226164146397184
570234946700357632
570240336519258112
570272015598411776
570280737951375360
570287238145290240
570289080090689536
570298411582394368
570302460235026433
567733177590874114
567738715657609216
567739453884465152
567739553251725312
567748330734641152
567754096272224256
567773609939058688
567780486978609152
567800210064420864
567802378041450496
567802937394655232
567803627714138112
567805465854488579
567806788708626433
567826761141985280
567869544049414145
567898269961101313
568015003883859969
568056741885288448
568057887223894016
568059390135304193
568069549591035904
568080061372502016
568093190185566208
568113383242911744
568116534855503872
568127434173878272
568137336095170560
568140506116571136
568148807684198401
568149878095753216
568235890205532160
568372335012679680
568446450700558336
568450643175866368
568452051740413952
568458701046050816
568469582295379969
568475947617411072
568482168021917697
568511254530101248
568536883199746048
568538034947297281
568579880046227457
568757671819661314
568776728333541376
568808746689933312
568865011717705730
568879053496655872
568884211739971584
568890074164809728
568910590921609216
568940264020004864
568972990039265280
568986491608834048
569008329038524417
569021593852239872
569096764835414016
569114239996076032
569165102307545088
569185684268789761
569191687794270209
569206071081832448
569209016276004864
569209306874122241
569227063300718593
569250015752749057
569259449115942913
569278020441284608
569301244948324353
569307917712805889
569329921740427264
569354267854704641
569363221791928320
569372422509453313
569373511455776768
569373743698591744
569433059168260096
569439829328408576
569502753694691328
569503512968572928
569507060209090561
569525690950815745
569533355248766976
569537571685924864
569544819510345728
569565776010567680
569587813856841728
569591456190504961
569610889214754816
569612120758878208
569650612545187840
569691438784647168
569713993532600321
569729657248985089
569737258191839232
569759558777892864
569777311475765248
569833653871742976
569836091651592192
569852332797775872
569854535608311809
569884033775063040
569890084893413376
569892024708689920
569892141335334913
569902219602100225
569905534020820992
569917442455175168
569920593597894657
569923507263557632
569940740454936576
569966609080586240
569989023478841345
570001983408635904
570021301223604224
570035728832446465
570049018820042752
570049195446444033
570059381284302848
570065297568194560
570083363169669121
570088135851266048
570101777934086146
570202204281425920
570226164146397184
570234946700357632
570240336519258112
570272015598411776
570280737951375360
570287238145290240
570289080090689536
570298411582394368
570302460235026433
567733177590874114
567738715657609216
567739453884465152
567739553251725312
567748330734641152
567754096272224256
567773609939058688
567780486978609152
567800210064420864
567802378041450496
567802937394655232
567803627714138112
567805465854488579
567806788708626433
567826761141985280
567869544049414145
567898269961101313
568015003883859969
568056741885288448
568057887223894016
568059390135304193
568069549591035904
568080061372502016
568093190185566208
568113383242911744
568116534855503872
568127434173878272
568137336095170560
568140506116571136
568148807684198401
568149878095753216
568235890205532160
568372335012679680
568446450700558336
568450643175866368
568452051740413952
568458701046050816
568469582295379969
568475947617411072
568482168021917697
568511254530101248
568536883199746048
568538034947297281
568579880046227457
568757671819661314
568776728333541376
568808746689933312
568865011717705730
568879053496655872
568884211739971584
568890074164809728
568910590921609216
568940264020004864
568972990039265280
568986491608834048
569008329038524417
569021593852239872
569096764835414016
569114239996076032
569165102307545088
569185684268789761
569191687794270209
569206071081832448
569209016276004864
569209306874122241
569227063300718593
569250015752749057
569259449115942913
569278020441284608
569301244948324353
569307917712805889
569329921740427264
569354267854704641
569363221791928320
569372422509453313
569373511455776768
569373743698591744
569433059168260096
569439829328408576
569502753694691328
569503512968572928
569507060209090561
569525690950815745
569533355248766976
569537571685924864
569544819510345728
569565776010567680
569587813856841728
569591456190504961
569610889214754816
569612120758878208
569650612545187840
569691438784647168
569713993532600321
569729657248985089
569737258191839232
569759558777892864
569777311475765248
569833653871742976
569836091651592192
569852332797775872
569854535608311809
569884033775063040
569890084893413376
569892024708689920
569892141335334913
569902219602100225
569905534020820992
569917442455175168
569920593597894657
569923507263557632
569940740454936576
569966609080586240
569989023478841345
570001983408635904
570021301223604224
570035728832446465
570049018820042752
570049195446444033
570059381284302848
570065297568194560
570083363169669121
570088135851266048
570101777934086146
570202204281425920
570226164146397184
570234946700357632
570240336519258112
570272015598411776
570280737951375360
570287238145290240
570289080090689536
570298411582394368
570302460235026433
567733177590874114
567738715657609216
567739453884465152
567739553251725312
567748330734641152
567754096272224256
567773609939058688
567780486978609152
567800210064420864
567802378041450496
567802937394655232
567803627714138112
567805465854488579
567806788708626433
567826761141985280
567869544049414145
567898269961101313
568015003883859969
568056741885288448
568057887223894016
568059390135304193
568069549591035904
568080061372502016
568093190185566208
568113383242911744
568116534855503872
568127434173878272
568137336095170560
568140506116571136
568148807684198401
568149878095753216
568235890205532160
568372335012679680
568446450700558336
568450643175866368
568452051740413952
568458701046050816
568469582295379969
568475947617411072
568482168021917697
568511254530101248
568536883199746048
568538034947297281
568579880046227457
568757671819661314
568776728333541376
568808746689933312
568865011717705730
568879053496655872
568884211739971584
568890074164809728
568910590921609216
568940264020004864
568972990039265280
568986491608834048
569008329038524417
569021593852239872
569096764835414016
569114239996076032
569165102307545088
569185684268789761
569191687794270209
569206071081832448
569209016276004864
569209306874122241
569227063300718593
569250015752749057
569259449115942913
569278020441284608
569301244948324353
569307917712805889
569329921740427264
569354267854704641
569363221791928320
569372422509453313
569373511455776768
569373743698591744
569433059168260096
569439829328408576
569502753694691328
569503512968572928
569507060209090561
569525690950815745
569533355248766976
569537571685924864
569544819510345728
569565776010567680
569587813856841728
569591456190504961
569610889214754816
569612120758878208
569650612545187840
569691438784647168
569713993532600321
569729657248985089
569737258191839232
569759558777892864
569777311475765248
569833653871742976
569836091651592192
569852332797775872
569854535608311809
569884033775063040
569890084893413376
569892024708689920
569892141335334913
569902219602100225
569905534020820992
569917442455175168
569920593597894657
569923507263557632
569940740454936576
569966609080586240
569989023478841345
570001983408635904
570021301223604224
570035728832446465
570049018820042752
570049195446444033
570059381284302848
570065297568194560
570083363169669121
570088135851266048
570101777934086146
570202204281425920
570226164146397184
570234946700357632
570240336519258112
570272015598411776
570280737951375360
570287238145290240
570289080090689536
570298411582394368
570302460235026433
567733177590874114
567738715657609216
567739453884465152
567739553251725312
567748330734641152
567754096272224256
567773609939058688
567780486978609152
567800210064420864
567802378041450496
567802937394655232
567803627714138112
567805465854488579
567806788708626433
567826761141985280
567869544049414145
567898269961101313
568015003883859969
568056741885288448
568057887223894016
568059390135304193
568069549591035904
568080061372502016
568093190185566208
568113383242911744
568116534855503872
568127434173878272
568137336095170560
568140506116571136
568148807684198401
568149878095753216
568235890205532160
568372335012679680
568446450700558336
568450643175866368
568452051740413952
568458701046050816
568469582295379969
568475947617411072
568482168021917697
568511254530101248
568536883199746048
568538034947297281
568579880046227457
568757671819661314
568776728333541376
568808746689933312
568865011717705730
568879053496655872
568884211739971584
568890074164809728
568910590921609216
568940264020004864
568972990039265280
568986491608834048
569008329038524417
569021593852239872
569096764835414016
569114239996076032
569165102307545088
569185684268789761
569191687794270209
569206071081832448
569209016276004864
569209306874122241
569227063300718593
569250015752749057
569259449115942913
569278020441284608
569301244948324353
569307917712805889
569329921740427264
569354267854704641
569363221791928320
569372422509453313
569373511455776768
569373743698591744
569433059168260096
569439829328408576
569502753694691328
569503512968572928
569507060209090561
569525690950815745
569533355248766976
569537571685924864
569544819510345728
569565776010567680
569587813856841728
569591456190504961
569610889214754816
569612120758878208
569650612545187840
569691438784647168
569713993532600321
569729657248985089
569737258191839232
569759558777892864
569777311475765248
569833653871742976
569836091651592192
569852332797775872
569854535608311809
569884033775063040
569890084893413376
569892024708689920
569892141335334913
569902219602100225
569905534020820992
569917442455175168
569920593597894657
569923507263557632
569940740454936576
569966609080586240
569989023478841345
570001983408635904
570021301223604224
570035728832446465
570049018820042752
570049195446444033
570059381284302848
570065297568194560
570083363169669121
570088135851266048
570101777934086146
570202204281425920
570226164146397184
570234946700357632
570240336519258112
570272015598411776
570280737951375360
570287238145290240
570289080090689536
570298411582394368
570302460235026433
