567734795849834497
567738388980068352
567747668512735232
567856486950576128
567860775752208385
567891481555382272
568067535599505408
568070522908442625
568105570215055360
568113601480757248
568281546999754752
568291966909181952
568432405482229760
568454386617356291
568490780203065347
568505228062023680
568532050979893249
568595632140775424
568773869512761345
568778553933889536
568819406207356928
568847735530643457
568917869762904066
569015669347319808
569059097632337920
569152332765667328
569153142526332930
569168028014743552
569241682283081728
569247182475407360
569261989735718914
569340749466226688
569362149400838144
569471541554978817
569482497496473600
569494421345046528
569526029859094528
569568878977794048
569596394819883008
569627784626229248
569629100114989056
569631404306210816
569642200595898368
569644249337110528
569649508113625089
569665295381614594
569674597479677952
569675481857064960
569676250312249344
569677776384598017
569682751063924736
569685957437362176
569692064511692801
569695286907551745
569747702981853185
567734795849834497
567738388980068352
567747668512735232
567856486950576128
567860775752208385
567891481555382272
568067535599505408
568070522908442625
568105570215055360
568113601480757248
568281546999754752
568291966909181952
568432405482229760
568454386617356291
568490780203065347
568505228062023680
568532050979893249
568595632140775424
568773869512761345
568778553933889536
568819406207356928
568847735530643457
568917869762904066
569015669347319808
569059097632337920
569152332765667328
569153142526332930
569168028014743552
569241682283081728
569247182475407360
569261989735718914
569340749466226688
569362149400838144
569471541554978817
569482497496473600
569494421345046528
569526029859094528
569568878977794048
569596394819883008
569627784626229248
569629100114989056
569631404306210816
569642200595898368
569644249337110528
569649508113625089
569665295381614594
569674597479677952
569675481857064960
569676250312249344
569677776384598017
569682751063924736
569685957437362176
569692064511692801
569695286907551745
569747702981853185
567734795849834497
567738388980068352
567747668512735232
567856486950576128
567860775752208385
567891481555382272
568067535599505408
568070522908442625
568105570215055360
568113601480757248
568281546999754752
568291966909181952
568432405482229760
568454386617356291
568490780203065347
568505228062023680
568532050979893249
568595632140775424
568773869512761345
568778553933889536
568819406207356928
568847735530643457
568917869762904066
569015669347319808
569059097632337920
569152332765667328
569153142526332930
569168028014743552
569241682283081728
569247182475407360
569261989735718914
569340749466226688
569362149400838144
569471541554978817
569482497496473600
569494421345046528
569526029859094528
569568878977794048
569596394819883008
569627784626229248
569629100114989056
569631404306210816
569642200595898368
569644249337110528
569649508113625089
569665295381614594
569674597479677952
569675481857064960
569676250312249344
569677776384598017
569682751063924736
569685957437362176
569692064511692801
569695286907551745
569747702981853185
569903120781852672
569931327253966849
569937457837273088
569941858132070400
570001191796678656
570002269577441280
570062369096908801
570095043169529857
570099717314457600
570101817041747968
570159741441335296
570214732067700736
570219379696148480
570239632807370753
570271574462369793
570283851018317824
570300177367633921
570305063052283904
