567770621451702273
567770722882580480
567847737061941249
568006084360863745
568177098038349825
568526349565972480
568536646963970048
568584434376577024
568598334643916800
568602309703249921
568634467587264512
568764059732058112
568803679018491904
568861573479059456
568884252110159873
569002703558475777
569033300662218752
569257932908470273
569262088008417280
569376311824621568
569540659209596928
569546412121202689
569571763744452608
569611549960044544
569628752231018496
569640733466103808
569655614432915456
569679210454724609
567770621451702273
567770722882580480
567847737061941249
568006084360863745
568177098038349825
568526349565972480
568536646963970048
568584434376577024
568598334643916800
568602309703249921
568634467587264512
568764059732058112
568803679018491904
568861573479059456
568884252110159873
569002703558475777
569033300662218752
569257932908470273
569262088008417280
569376311824621568
569540659209596928
569546412121202689
569571763744452608
569611549960044544
569628752231018496
569640733466103808
569655614432915456
569679210454724609
567770621451702273
567770722882580480
567847737061941249
568006084360863745
568177098038349825
568526349565972480
568536646963970048
568584434376577024
568598334643916800
568602309703249921
568634467587264512
568764059732058112
568803679018491904
568861573479059456
568884252110159873
569002703558475777
569033300662218752
569257932908470273
569262088008417280
569376311824621568
569540659209596928
569546412121202689
569571763744452608
569611549960044544
569628752231018496
569640733466103808
569655614432915456
569679210454724609
569908175953993728
569933360564342784
570056726793359360
570106114202861568
