568533371602608128
569108027644645376
569470098534207489
568533371602608128
569108027644645376
569470098534207489
568533371602608128
569108027644645376
569470098534207489
569852334324518912
569874043395903489
570296273611448320
568533371602608128
569108027644645376
569470098534207489
569852334324518912
569874043395903489
570296273611448320
568533371602608128
569108027644645376
569470098534207489
569852334324518912
569874043395903489
570296273611448320
568533371602608128
569108027644645376
569470098534207489
569852334324518912
569874043395903489
570296273611448320
568533371602608128
569108027644645376
569470098534207489
569852334324518912
569874043395903489
570296273611448320
568533371602608128
569108027644645376
569470098534207489
569852334324518912
569874043395903489
570296273611448320
