568159364550406144
568236000390082560
568249367590768640
568257389402710016
568258545772335104
568159364550406144
568236000390082560
568249367590768640
568257389402710016
568258545772335104
568159364550406144
568236000390082560
568249367590768640
568257389402710016
568258545772335104
568159364550406144
568236000390082560
568249367590768640
568257389402710016
568258545772335104
568159364550406144
568236000390082560
568249367590768640
568257389402710016
568258545772335104
568159364550406144
568236000390082560
568249367590768640
568257389402710016
568258545772335104
568159364550406144
568236000390082560
568249367590768640
568257389402710016
568258545772335104
568159364550406144
568236000390082560
568249367590768640
568257389402710016
568258545772335104
