567733609130233856
567766633637502976
567827442657677313
567828973893259264
568095014435229696
568115928044404736
568117667879628800
568173792406740994
568210743390117888
568379591569629185
568383068244819968
568462402875863041
568513007849840640
568555130624217089
568821349688471552
568854243097976832
568955862124863488
568976030947418112
569101653573570560
569289545058947072
569327066887401473
569544271017037824
569636980612427776
569642063005753344
569647597666889728
569659646916440065
569679210454724609
569704066760232960
569717866611630081
569777772115193856
567733609130233856
567766633637502976
567827442657677313
567828973893259264
568095014435229696
568115928044404736
568117667879628800
568173792406740994
568210743390117888
568379591569629185
568383068244819968
568462402875863041
568513007849840640
568555130624217089
568821349688471552
568854243097976832
568955862124863488
568976030947418112
569101653573570560
569289545058947072
569327066887401473
569544271017037824
569636980612427776
569642063005753344
569647597666889728
569659646916440065
569679210454724609
569704066760232960
569717866611630081
569777772115193856
569826411206316032
567733609130233856
567766633637502976
567827442657677313
567828973893259264
568095014435229696
568115928044404736
568117667879628800
568173792406740994
568210743390117888
568379591569629185
568383068244819968
568462402875863041
568513007849840640
568555130624217089
568821349688471552
568854243097976832
568955862124863488
568976030947418112
569101653573570560
569289545058947072
569327066887401473
569544271017037824
569636980612427776
569642063005753344
569647597666889728
569659646916440065
569679210454724609
569704066760232960
569717866611630081
569777772115193856
569826411206316032
569911674158731264
570042339575640066
570119853312311296
