568027668026937344
568167414493532161
568218389619077121
568255924130983936
568496664677363712
568501367754661888
568558887290441728
568626974278733826
568746335446441984
568879046215520256
568879791648088065
569259575800569857
569277477652172800
569291509305970688
569310249859080192
569330646901895169
569526458529349632
569605359406485504
569609621834301440
569638521817968641
569698840149950464
569774078233419776
568027668026937344
568167414493532161
568218389619077121
568255924130983936
568496664677363712
568501367754661888
568558887290441728
568626974278733826
568746335446441984
568879046215520256
568879791648088065
569259575800569857
569277477652172800
569291509305970688
569310249859080192
569330646901895169
569526458529349632
569605359406485504
569609621834301440
569638521817968641
569698840149950464
569774078233419776
568027668026937344
568167414493532161
568218389619077121
568255924130983936
568496664677363712
568501367754661888
568558887290441728
568626974278733826
568746335446441984
568879046215520256
568879791648088065
569259575800569857
569277477652172800
569291509305970688
569310249859080192
569330646901895169
569526458529349632
569605359406485504
569609621834301440
569638521817968641
569698840149950464
569774078233419776
569867107749531648
569910789651496960
569941616649244673
569977008077148161
570003111772692480
570007761355980800
570036932270358528
570067529206358016
570085628576202752
570224618272731136
570241050079420417
568027668026937344
568167414493532161
568218389619077121
568255924130983936
568496664677363712
568501367754661888
568558887290441728
568626974278733826
568746335446441984
568879046215520256
568879791648088065
569259575800569857
569277477652172800
569291509305970688
569310249859080192
569330646901895169
569526458529349632
569605359406485504
569609621834301440
569638521817968641
569698840149950464
569774078233419776
569867107749531648
569910789651496960
569941616649244673
569977008077148161
570003111772692480
570007761355980800
570036932270358528
570067529206358016
570085628576202752
570224618272731136
570241050079420417
568027668026937344
568167414493532161
568218389619077121
568255924130983936
568496664677363712
568501367754661888
568558887290441728
568626974278733826
568746335446441984
568879046215520256
568879791648088065
569259575800569857
569277477652172800
569291509305970688
569310249859080192
569330646901895169
569526458529349632
569605359406485504
569609621834301440
569638521817968641
569698840149950464
569774078233419776
569867107749531648
569910789651496960
569941616649244673
569977008077148161
570003111772692480
570007761355980800
570036932270358528
570067529206358016
570085628576202752
570224618272731136
570241050079420417
568027668026937344
568167414493532161
568218389619077121
568255924130983936
568496664677363712
568501367754661888
568558887290441728
568626974278733826
568746335446441984
568879046215520256
568879791648088065
569259575800569857
569277477652172800
569291509305970688
569310249859080192
569330646901895169
569526458529349632
569605359406485504
569609621834301440
569638521817968641
569698840149950464
569774078233419776
569867107749531648
569910789651496960
569941616649244673
569977008077148161
570003111772692480
570007761355980800
570036932270358528
570067529206358016
570085628576202752
570224618272731136
570241050079420417
568027668026937344
568167414493532161
568218389619077121
568255924130983936
568496664677363712
568501367754661888
568558887290441728
568626974278733826
568746335446441984
568879046215520256
568879791648088065
569259575800569857
569277477652172800
569291509305970688
569310249859080192
569330646901895169
569526458529349632
569605359406485504
569609621834301440
569638521817968641
569698840149950464
569774078233419776
569867107749531648
569910789651496960
569941616649244673
569977008077148161
570003111772692480
570007761355980800
570036932270358528
570067529206358016
570085628576202752
570224618272731136
570241050079420417
568027668026937344
568167414493532161
568218389619077121
568255924130983936
568496664677363712
568501367754661888
568558887290441728
568626974278733826
568746335446441984
568879046215520256
568879791648088065
569259575800569857
569277477652172800
569291509305970688
569310249859080192
569330646901895169
569526458529349632
569605359406485504
569609621834301440
569638521817968641
569698840149950464
569774078233419776
569867107749531648
569910789651496960
569941616649244673
569977008077148161
570003111772692480
570007761355980800
570036932270358528
570067529206358016
570085628576202752
570224618272731136
570241050079420417
