568063784318832640
568116996761452544
568161901089132544
568443870570278912
568475305675001857
568857278721478656
569191875271372801
569598457809276928
569705276481282048
569748289945362435
568063784318832640
568116996761452544
568161901089132544
568443870570278912
568475305675001857
568857278721478656
569191875271372801
569598457809276928
569705276481282048
569748289945362435
568063784318832640
568116996761452544
568161901089132544
568443870570278912
568475305675001857
568857278721478656
569191875271372801
569598457809276928
569705276481282048
569748289945362435
570062369096908801
570201347414462464
570220267462529024
568063784318832640
568116996761452544
568161901089132544
568443870570278912
568475305675001857
568857278721478656
569191875271372801
569598457809276928
569705276481282048
569748289945362435
570062369096908801
570201347414462464
570220267462529024
568063784318832640
568116996761452544
568161901089132544
568443870570278912
568475305675001857
568857278721478656
569191875271372801
569598457809276928
569705276481282048
569748289945362435
570062369096908801
570201347414462464
570220267462529024
568063784318832640
568116996761452544
568161901089132544
568443870570278912
568475305675001857
568857278721478656
569191875271372801
569598457809276928
569705276481282048
569748289945362435
570062369096908801
570201347414462464
570220267462529024
568063784318832640
568116996761452544
568161901089132544
568443870570278912
568475305675001857
568857278721478656
569191875271372801
569598457809276928
569705276481282048
569748289945362435
570062369096908801
570201347414462464
570220267462529024
568063784318832640
568116996761452544
568161901089132544
568443870570278912
568475305675001857
568857278721478656
569191875271372801
569598457809276928
569705276481282048
569748289945362435
570062369096908801
570201347414462464
570220267462529024
