567734128011784192
567738192426590209
567739785406873601
567764411205439488
567807269707206657
567812687893262336
568011684067078144
568148149610483712
568246736222879744
568284538914385920
568360334609612801
568439319779790848
568561041774231553
568588273137754112
568651726858747904
568768028831289344
568809510644527104
568834026317832193
568843439107919872
568917792172351488
568968761954443264
568981931599237120
568989460618203136
569115483313582080
569152792314687488
569178715051188226
569223830759059458
569509520034156544
569541291467522048
569551863260913664
569595015518793730
569614436660432896
569625953602834433
569658903044218880
569680231012773888
569719540520628224
569734641193586688
567734128011784192
567738192426590209
567739785406873601
567764411205439488
567807269707206657
567812687893262336
568011684067078144
568148149610483712
568246736222879744
568284538914385920
568360334609612801
568439319779790848
568561041774231553
568588273137754112
568651726858747904
568768028831289344
568809510644527104
568834026317832193
568843439107919872
568917792172351488
568968761954443264
568981931599237120
568989460618203136
569115483313582080
569152792314687488
569178715051188226
569223830759059458
569509520034156544
569541291467522048
569551863260913664
569595015518793730
569614436660432896
569625953602834433
569658903044218880
569680231012773888
569719540520628224
569734641193586688
567734128011784192
567738192426590209
567739785406873601
567764411205439488
567807269707206657
567812687893262336
568011684067078144
568148149610483712
568246736222879744
568284538914385920
568360334609612801
568439319779790848
568561041774231553
568588273137754112
568651726858747904
568768028831289344
568809510644527104
568834026317832193
568843439107919872
568917792172351488
568968761954443264
568981931599237120
568989460618203136
569115483313582080
569152792314687488
569178715051188226
569223830759059458
569509520034156544
569541291467522048
569551863260913664
569595015518793730
569614436660432896
569625953602834433
569658903044218880
569680231012773888
569719540520628224
569734641193586688
569895932394917888
569908805724712961
569934076641030146
569950980638412800
569954583209881600
569956624036540416
569983967467868161
570037961020080129
570064443159089153
570095172303900672
570143200935063552
570176104541122561
570231607757381632
570249204767055872
570261977332731904
570302060035497984
570306250442985473
567734128011784192
567738192426590209
567739785406873601
567764411205439488
567807269707206657
567812687893262336
568011684067078144
568148149610483712
568246736222879744
568284538914385920
568360334609612801
568439319779790848
568561041774231553
568588273137754112
568651726858747904
568768028831289344
568809510644527104
568834026317832193
568843439107919872
568917792172351488
568968761954443264
568981931599237120
568989460618203136
569115483313582080
569152792314687488
569178715051188226
569223830759059458
569509520034156544
569541291467522048
569551863260913664
569595015518793730
569614436660432896
569625953602834433
569658903044218880
569680231012773888
569719540520628224
569734641193586688
569895932394917888
569908805724712961
569934076641030146
569950980638412800
569954583209881600
569956624036540416
569983967467868161
570037961020080129
570064443159089153
570095172303900672
570143200935063552
570176104541122561
570231607757381632
570249204767055872
570261977332731904
570302060035497984
570306250442985473
567734128011784192
567738192426590209
567739785406873601
567764411205439488
567807269707206657
567812687893262336
568011684067078144
568148149610483712
568246736222879744
568284538914385920
568360334609612801
568439319779790848
568561041774231553
568588273137754112
568651726858747904
568768028831289344
568809510644527104
568834026317832193
568843439107919872
568917792172351488
568968761954443264
568981931599237120
568989460618203136
569115483313582080
569152792314687488
569178715051188226
569223830759059458
569509520034156544
569541291467522048
569551863260913664
569595015518793730
569614436660432896
569625953602834433
569658903044218880
569680231012773888
569719540520628224
569734641193586688
569895932394917888
569908805724712961
569934076641030146
569950980638412800
569954583209881600
569956624036540416
569983967467868161
570037961020080129
570064443159089153
570095172303900672
570143200935063552
570176104541122561
570231607757381632
570249204767055872
570261977332731904
570302060035497984
570306250442985473
567734128011784192
567738192426590209
567739785406873601
567764411205439488
567807269707206657
567812687893262336
568011684067078144
568148149610483712
568246736222879744
568284538914385920
568360334609612801
568439319779790848
568561041774231553
568588273137754112
568651726858747904
568768028831289344
568809510644527104
568834026317832193
568843439107919872
568917792172351488
568968761954443264
568981931599237120
568989460618203136
569115483313582080
569152792314687488
569178715051188226
569223830759059458
569509520034156544
569541291467522048
569551863260913664
569595015518793730
569614436660432896
569625953602834433
569658903044218880
569680231012773888
569719540520628224
569734641193586688
569895932394917888
569908805724712961
569934076641030146
569950980638412800
569954583209881600
569956624036540416
569983967467868161
570037961020080129
570064443159089153
570095172303900672
570143200935063552
570176104541122561
570231607757381632
570249204767055872
570261977332731904
570302060035497984
570306250442985473
567734128011784192
567738192426590209
567739785406873601
567764411205439488
567807269707206657
567812687893262336
568011684067078144
568148149610483712
568246736222879744
568284538914385920
568360334609612801
568439319779790848
568561041774231553
568588273137754112
568651726858747904
568768028831289344
568809510644527104
568834026317832193
568843439107919872
568917792172351488
568968761954443264
568981931599237120
568989460618203136
569115483313582080
569152792314687488
569178715051188226
569223830759059458
569509520034156544
569541291467522048
569551863260913664
569595015518793730
569614436660432896
569625953602834433
569658903044218880
569680231012773888
569719540520628224
569734641193586688
569895932394917888
569908805724712961
569934076641030146
569950980638412800
569954583209881600
569956624036540416
569983967467868161
570037961020080129
570064443159089153
570095172303900672
570143200935063552
570176104541122561
570231607757381632
570249204767055872
570261977332731904
570302060035497984
570306250442985473
567734128011784192
567738192426590209
567739785406873601
567764411205439488
567807269707206657
567812687893262336
568011684067078144
568148149610483712
568246736222879744
568284538914385920
568360334609612801
568439319779790848
568561041774231553
568588273137754112
568651726858747904
568768028831289344
568809510644527104
568834026317832193
568843439107919872
568917792172351488
568968761954443264
568981931599237120
568989460618203136
569115483313582080
569152792314687488
569178715051188226
569223830759059458
569509520034156544
569541291467522048
569551863260913664
569595015518793730
569614436660432896
569625953602834433
569658903044218880
569680231012773888
569719540520628224
569734641193586688
569895932394917888
569908805724712961
569934076641030146
569950980638412800
569954583209881600
569956624036540416
569983967467868161
570037961020080129
570064443159089153
570095172303900672
570143200935063552
570176104541122561
570231607757381632
570249204767055872
570261977332731904
570302060035497984
570306250442985473
