567724943375626240
567799935173947392
567878696356433920
568416493446270976
568951922734055424
569314535103983617
569358476402499584
569691648579338240
567724943375626240
567799935173947392
567878696356433920
568416493446270976
568951922734055424
569314535103983617
569358476402499584
569691648579338240
567724943375626240
567799935173947392
567878696356433920
568416493446270976
568951922734055424
569314535103983617
569358476402499584
569691648579338240
567724943375626240
567799935173947392
567878696356433920
568416493446270976
568951922734055424
569314535103983617
569358476402499584
569691648579338240
567724943375626240
567799935173947392
567878696356433920
568416493446270976
568951922734055424
569314535103983617
569358476402499584
569691648579338240
567724943375626240
567799935173947392
567878696356433920
568416493446270976
568951922734055424
569314535103983617
569358476402499584
569691648579338240
567724943375626240
567799935173947392
567878696356433920
568416493446270976
568951922734055424
569314535103983617
569358476402499584
569691648579338240
567724943375626240
567799935173947392
567878696356433920
568416493446270976
568951922734055424
569314535103983617
569358476402499584
569691648579338240
