568437324587012096
568631243228762112
568767621186912256
569571437389881344
568437324587012096
568631243228762112
568767621186912256
569571437389881344
568437324587012096
568631243228762112
568767621186912256
569571437389881344
568437324587012096
568631243228762112
568767621186912256
569571437389881344
568437324587012096
568631243228762112
568767621186912256
569571437389881344
568437324587012096
568631243228762112
568767621186912256
569571437389881344
568437324587012096
568631243228762112
568767621186912256
569571437389881344
568437324587012096
568631243228762112
568767621186912256
569571437389881344
