567829088380919809
568519360953716736
568524407850688512
568526769373859841
568900531696984064
567829088380919809
568519360953716736
568524407850688512
568526769373859841
568900531696984064
567829088380919809
568519360953716736
568524407850688512
568526769373859841
568900531696984064
567829088380919809
568519360953716736
568524407850688512
568526769373859841
568900531696984064
567829088380919809
568519360953716736
568524407850688512
568526769373859841
568900531696984064
567829088380919809
568519360953716736
568524407850688512
568526769373859841
568900531696984064
567829088380919809
568519360953716736
568524407850688512
568526769373859841
568900531696984064
567829088380919809
568519360953716736
568524407850688512
568526769373859841
568900531696984064
