567750328729485314
567761790357209088
567768450471587840
567772012735922176
567818765888557056
567822098950791168
567849500536152064
567886091975462912
567893710949588993
567928302725263360
567969619849265153
568006455317667840
568046603916996609
568051218477654016
568104744025268224
568112076549451776
568115075266973696
568136806224379904
568141442951942146
568191336764948480
568198057155641344
568429677779365888
568573057184473089
568607562251108352
568787831436345344
568823143789416449
568828240502128640
568969667106045952
568985883589906432
568987808792223744
568989687353729024
569185441171316737
569188266089381888
569213883371683840
569218838190907393
569253190551498752
569273733334077440
569281033365037056
569309864759050240
569316673942990848
569318905476476928
569352134774415360
569532924036407297
569557662997852160
569623164143185920
569632379326869504
569634318349246464
569640446999203842
569643354557796353
569650294746820609
569658553381883905
569678153783877634
569683804857745409
569693042040418304
569696666611261440
569733015896592385
569735732060753921
569747702981853185
569748667793588224
567750328729485314
567761790357209088
567768450471587840
567772012735922176
567818765888557056
567822098950791168
567849500536152064
567886091975462912
567893710949588993
567928302725263360
567969619849265153
568006455317667840
568046603916996609
568051218477654016
568104744025268224
568112076549451776
568115075266973696
568136806224379904
568141442951942146
568191336764948480
568198057155641344
568429677779365888
568573057184473089
568607562251108352
568787831436345344
568823143789416449
568828240502128640
568969667106045952
568985883589906432
568987808792223744
568989687353729024
569185441171316737
569188266089381888
569213883371683840
569218838190907393
569253190551498752
569273733334077440
569281033365037056
569309864759050240
569316673942990848
569318905476476928
569352134774415360
569532924036407297
569557662997852160
569623164143185920
569632379326869504
569634318349246464
569640446999203842
569643354557796353
569650294746820609
569658553381883905
569678153783877634
569683804857745409
569693042040418304
569696666611261440
569733015896592385
569735732060753921
569747702981853185
569748667793588224
569842095483199488
567750328729485314
567761790357209088
567768450471587840
567772012735922176
567818765888557056
567822098950791168
567849500536152064
567886091975462912
567893710949588993
567928302725263360
567969619849265153
568006455317667840
568046603916996609
568051218477654016
568104744025268224
568112076549451776
568115075266973696
568136806224379904
568141442951942146
568191336764948480
568198057155641344
568429677779365888
568573057184473089
568607562251108352
568787831436345344
568823143789416449
568828240502128640
568969667106045952
568985883589906432
568987808792223744
568989687353729024
569185441171316737
569188266089381888
569213883371683840
569218838190907393
569253190551498752
569273733334077440
569281033365037056
569309864759050240
569316673942990848
569318905476476928
569352134774415360
569532924036407297
569557662997852160
569623164143185920
569632379326869504
569634318349246464
569640446999203842
569643354557796353
569650294746820609
569658553381883905
569678153783877634
569683804857745409
569693042040418304
569696666611261440
569733015896592385
569735732060753921
569747702981853185
569748667793588224
569842095483199488
569862271968669697
569899063790825472
569902322718871552
569905773276307457
569916590814203904
569918327767879680
569921757647212544
569962494283919360
569963701794516992
570212491134930945
570246963901427713
570256553502068736
570272997052805120
567750328729485314
567761790357209088
567768450471587840
567772012735922176
567818765888557056
567822098950791168
567849500536152064
567886091975462912
567893710949588993
567928302725263360
567969619849265153
568006455317667840
568046603916996609
568051218477654016
568104744025268224
568112076549451776
568115075266973696
568136806224379904
568141442951942146
568191336764948480
568198057155641344
568429677779365888
568573057184473089
568607562251108352
568787831436345344
568823143789416449
568828240502128640
568969667106045952
568985883589906432
568987808792223744
568989687353729024
569185441171316737
569188266089381888
569213883371683840
569218838190907393
569253190551498752
569273733334077440
569281033365037056
569309864759050240
569316673942990848
569318905476476928
569352134774415360
569532924036407297
569557662997852160
569623164143185920
569632379326869504
569634318349246464
569640446999203842
569643354557796353
569650294746820609
569658553381883905
569678153783877634
569683804857745409
569693042040418304
569696666611261440
569733015896592385
569735732060753921
569747702981853185
569748667793588224
569842095483199488
569862271968669697
569899063790825472
569902322718871552
569905773276307457
569916590814203904
569918327767879680
569921757647212544
569962494283919360
569963701794516992
570212491134930945
570246963901427713
570256553502068736
570272997052805120
567750328729485314
567761790357209088
567768450471587840
567772012735922176
567818765888557056
567822098950791168
567849500536152064
567886091975462912
567893710949588993
567928302725263360
567969619849265153
568006455317667840
568046603916996609
568051218477654016
568104744025268224
568112076549451776
568115075266973696
568136806224379904
568141442951942146
568191336764948480
568198057155641344
568429677779365888
568573057184473089
568607562251108352
568787831436345344
568823143789416449
568828240502128640
568969667106045952
568985883589906432
568987808792223744
568989687353729024
569185441171316737
569188266089381888
569213883371683840
569218838190907393
569253190551498752
569273733334077440
569281033365037056
569309864759050240
569316673942990848
569318905476476928
569352134774415360
569532924036407297
569557662997852160
569623164143185920
569632379326869504
569634318349246464
569640446999203842
569643354557796353
569650294746820609
569658553381883905
569678153783877634
569683804857745409
569693042040418304
569696666611261440
569733015896592385
569735732060753921
569747702981853185
569748667793588224
569842095483199488
569862271968669697
569899063790825472
569902322718871552
569905773276307457
569916590814203904
569918327767879680
569921757647212544
569962494283919360
569963701794516992
570212491134930945
570246963901427713
570256553502068736
570272997052805120
567750328729485314
567761790357209088
567768450471587840
567772012735922176
567818765888557056
567822098950791168
567849500536152064
567886091975462912
567893710949588993
567928302725263360
567969619849265153
568006455317667840
568046603916996609
568051218477654016
568104744025268224
568112076549451776
568115075266973696
568136806224379904
568141442951942146
568191336764948480
568198057155641344
568429677779365888
568573057184473089
568607562251108352
568787831436345344
568823143789416449
568828240502128640
568969667106045952
568985883589906432
568987808792223744
568989687353729024
569185441171316737
569188266089381888
569213883371683840
569218838190907393
569253190551498752
569273733334077440
569281033365037056
569309864759050240
569316673942990848
569318905476476928
569352134774415360
569532924036407297
569557662997852160
569623164143185920
569632379326869504
569634318349246464
569640446999203842
569643354557796353
569650294746820609
569658553381883905
569678153783877634
569683804857745409
569693042040418304
569696666611261440
569733015896592385
569735732060753921
569747702981853185
569748667793588224
569842095483199488
569862271968669697
569899063790825472
569902322718871552
569905773276307457
569916590814203904
569918327767879680
569921757647212544
569962494283919360
569963701794516992
570212491134930945
570246963901427713
570256553502068736
570272997052805120
567750328729485314
567761790357209088
567768450471587840
567772012735922176
567818765888557056
567822098950791168
567849500536152064
567886091975462912
567893710949588993
567928302725263360
567969619849265153
568006455317667840
568046603916996609
568051218477654016
568104744025268224
568112076549451776
568115075266973696
568136806224379904
568141442951942146
568191336764948480
568198057155641344
568429677779365888
568573057184473089
568607562251108352
568787831436345344
568823143789416449
568828240502128640
568969667106045952
568985883589906432
568987808792223744
568989687353729024
569185441171316737
569188266089381888
569213883371683840
569218838190907393
569253190551498752
569273733334077440
569281033365037056
569309864759050240
569316673942990848
569318905476476928
569352134774415360
569532924036407297
569557662997852160
569623164143185920
569632379326869504
569634318349246464
569640446999203842
569643354557796353
569650294746820609
569658553381883905
569678153783877634
569683804857745409
569693042040418304
569696666611261440
569733015896592385
569735732060753921
569747702981853185
569748667793588224
569842095483199488
569862271968669697
569899063790825472
569902322718871552
569905773276307457
569916590814203904
569918327767879680
569921757647212544
569962494283919360
569963701794516992
570212491134930945
570246963901427713
570256553502068736
570272997052805120
567750328729485314
567761790357209088
567768450471587840
567772012735922176
567818765888557056
567822098950791168
567849500536152064
567886091975462912
567893710949588993
567928302725263360
567969619849265153
568006455317667840
568046603916996609
568051218477654016
568104744025268224
568112076549451776
568115075266973696
568136806224379904
568141442951942146
568191336764948480
568198057155641344
568429677779365888
568573057184473089
568607562251108352
568787831436345344
568823143789416449
568828240502128640
568969667106045952
568985883589906432
568987808792223744
568989687353729024
569185441171316737
569188266089381888
569213883371683840
569218838190907393
569253190551498752
569273733334077440
569281033365037056
569309864759050240
569316673942990848
569318905476476928
569352134774415360
569532924036407297
569557662997852160
569623164143185920
569632379326869504
569634318349246464
569640446999203842
569643354557796353
569650294746820609
569658553381883905
569678153783877634
569683804857745409
569693042040418304
569696666611261440
569733015896592385
569735732060753921
569747702981853185
569748667793588224
569842095483199488
569862271968669697
569899063790825472
569902322718871552
569905773276307457
569916590814203904
569918327767879680
569921757647212544
569962494283919360
569963701794516992
570212491134930945
570246963901427713
570256553502068736
570272997052805120
