568647808619659264
568648777315147777
569044397645385728
569046984369111041
569546689943482368
569626613664653312
569627374674964480
569644716343455744
569677478077136897
568647808619659264
568648777315147777
569044397645385728
569046984369111041
569546689943482368
569626613664653312
569627374674964480
569644716343455744
569677478077136897
568647808619659264
568648777315147777
569044397645385728
569046984369111041
569546689943482368
569626613664653312
569627374674964480
569644716343455744
569677478077136897
570070044547403777
570198775203016704
