567927596572360704
568198057155641344
569306871242366977
569375244751745025
567927596572360704
568198057155641344
569306871242366977
569375244751745025
567927596572360704
568198057155641344
569306871242366977
569375244751745025
569888931443052544
569942656522047490
570048726380765184
570134947828080640
570139364178530304
567927596572360704
568198057155641344
569306871242366977
569375244751745025
569888931443052544
569942656522047490
570048726380765184
570134947828080640
570139364178530304
567927596572360704
568198057155641344
569306871242366977
569375244751745025
569888931443052544
569942656522047490
570048726380765184
570134947828080640
570139364178530304
567927596572360704
568198057155641344
569306871242366977
569375244751745025
569888931443052544
569942656522047490
570048726380765184
570134947828080640
570139364178530304
567927596572360704
568198057155641344
569306871242366977
569375244751745025
569888931443052544
569942656522047490
570048726380765184
570134947828080640
570139364178530304
567927596572360704
568198057155641344
569306871242366977
569375244751745025
569888931443052544
569942656522047490
570048726380765184
570134947828080640
570139364178530304
