568861899435016192
568883464923000832
569116399039344640
569600694388445184
568861899435016192
568883464923000832
569116399039344640
569600694388445184
568861899435016192
568883464923000832
569116399039344640
569600694388445184
569967841727942657
569967938607972352
569967965346664448
569968023592943616
570020023630057472
568861899435016192
568883464923000832
569116399039344640
569600694388445184
569967841727942657
569967938607972352
569967965346664448
569968023592943616
570020023630057472
568861899435016192
568883464923000832
569116399039344640
569600694388445184
569967841727942657
569967938607972352
569967965346664448
569968023592943616
570020023630057472
568861899435016192
568883464923000832
569116399039344640
569600694388445184
569967841727942657
569967938607972352
569967965346664448
569968023592943616
570020023630057472
568861899435016192
568883464923000832
569116399039344640
569600694388445184
569967841727942657
569967938607972352
569967965346664448
569968023592943616
570020023630057472
568861899435016192
568883464923000832
569116399039344640
569600694388445184
569967841727942657
569967938607972352
569967965346664448
569968023592943616
570020023630057472
