567845492849287169
567851561474383873
567898236809277440
568056665821413376
568085949663584256
568129661227499524
568162290890964992
568248950450311169
568629820306952192
568790795253186560
568854082536001536
568899587424931840
568905087608881152
569096740676222976
569110078403551232
569250990291062786
569296356143050754
569373375988150272
569508406551322624
569583725408870401
569641810571763712
569645505950695424
569671435309809664
569699154965827584
569810990189191168
567845492849287169
567851561474383873
567898236809277440
568056665821413376
568085949663584256
568129661227499524
568162290890964992
568248950450311169
568629820306952192
568790795253186560
568854082536001536
568899587424931840
568905087608881152
569096740676222976
569110078403551232
569250990291062786
569296356143050754
569373375988150272
569508406551322624
569583725408870401
569641810571763712
569645505950695424
569671435309809664
569699154965827584
569810990189191168
569832053241450496
569834720424361985
567845492849287169
567851561474383873
567898236809277440
568056665821413376
568085949663584256
568129661227499524
568162290890964992
568248950450311169
568629820306952192
568790795253186560
568854082536001536
568899587424931840
568905087608881152
569096740676222976
569110078403551232
569250990291062786
569296356143050754
569373375988150272
569508406551322624
569583725408870401
569641810571763712
569645505950695424
569671435309809664
569699154965827584
569810990189191168
569832053241450496
569834720424361985
569869808092749824
569880508181696513
569929141962698752
570031138913329152
570084871101661184
570085132251598850
570244720229797889
570245576815546368
570261328511643648
