567810274083782657
567812349895245824
567814094678675458
567826054522617858
567848201505476608
567953560362733568
568133255410671617
568716015338717184
567810274083782657
567812349895245824
567814094678675458
567826054522617858
567848201505476608
567953560362733568
568133255410671617
568716015338717184
567810274083782657
567812349895245824
567814094678675458
567826054522617858
567848201505476608
567953560362733568
568133255410671617
568716015338717184
567810274083782657
567812349895245824
567814094678675458
567826054522617858
567848201505476608
567953560362733568
568133255410671617
568716015338717184
567810274083782657
567812349895245824
567814094678675458
567826054522617858
567848201505476608
567953560362733568
568133255410671617
568716015338717184
567810274083782657
567812349895245824
567814094678675458
567826054522617858
567848201505476608
567953560362733568
568133255410671617
568716015338717184
567810274083782657
567812349895245824
567814094678675458
567826054522617858
567848201505476608
567953560362733568
568133255410671617
568716015338717184
567810274083782657
567812349895245824
567814094678675458
567826054522617858
567848201505476608
567953560362733568
568133255410671617
568716015338717184
