567594449874587648
567727479633477632
567734731694157824
567755402943930368
567773176031145984
567790175813681153
567793072060276736
567811573265260544
567824229296566272
567865703765798912
567868544572063744
567907070269198337
568049646062444544
568072136192966656
568089253424594944
568103735827804160
568115571788808192
568129940371214336
568138663864852481
568138996112445440
568161901089132544
568187725834289152
568190250377461760
568203709802532864
568229032652709888
568263079789608961
568278231973044225
568388502431395840
568413746726457344
568442328794464256
568453351479721986
568485564112117760
568502226597101568
568527922576777216
568551350025330691
568557220473884672
568566729992847360
568575335148580864
568603081274986496
568604899870711808
568606225027485696
568772334632349696
568779110710964224
568810700828741633
568812046747201537
568818346042339328
568823050571026432
568823817679847425
568828064152424448
568857956470517760
568898792755470336
568925938840240128
568934521506107392
568946825798905856
568986491608834048
569011727532032001
569143915405651968
569156321636847617
569165652876881920
569212318283771904
569247182475407360
569253190551498752
569255280275369984
569261077877248000
569273795850178560
569305409925873664
569317490276360193
569349960228974592
569362149400838144
569385898573299712
569392880911036416
569485882941509632
569492269000204288
569496193249767424
569525690950815745
569526029859094528
569526070615138304
569526960268963840
569559433887526913
569569639543541762
569572184768835585
569573528149716992
569589460226183168
569596097540132864
569614500044918784
569623171210436608
569623343424413697
569623396729917440
569625014179377152
569625356942098432
569625848334000128
569633279546036224
569639607639285761
569649590632374273
569649617802891264
569651579307069440
569655113477988352
569657504273027073
569664636179476480
569671454419079169
569672330261106688
569672510565969920
569672763536842752
569679642447052800
569685957437362176
569690664029462529
569691574625415168
569695412740714496
569700247275876352
569701607144693760
569709246150893568
569716646165778432
569716908787933184
569724119748636672
569725805066002432
569726350380150784
569728483384930304
569745528382038016
569748884164988929
569758482989084674
569759999083171840
567594449874587648
567727479633477632
567734731694157824
567755402943930368
567773176031145984
567790175813681153
567793072060276736
567811573265260544
567824229296566272
567865703765798912
567868544572063744
567907070269198337
568049646062444544
568072136192966656
568089253424594944
568103735827804160
568115571788808192
568129940371214336
568138663864852481
568138996112445440
568161901089132544
568187725834289152
568190250377461760
568203709802532864
568229032652709888
568263079789608961
568278231973044225
568388502431395840
568413746726457344
568442328794464256
568453351479721986
568485564112117760
568502226597101568
568527922576777216
568551350025330691
568557220473884672
568566729992847360
568575335148580864
568603081274986496
568604899870711808
568606225027485696
568772334632349696
568779110710964224
568810700828741633
568812046747201537
568818346042339328
568823050571026432
568823817679847425
568828064152424448
568857956470517760
568898792755470336
568925938840240128
568934521506107392
568946825798905856
568986491608834048
569011727532032001
569143915405651968
569156321636847617
569165652876881920
569212318283771904
569247182475407360
569253190551498752
569255280275369984
569261077877248000
569273795850178560
569305409925873664
569317490276360193
569349960228974592
569362149400838144
569385898573299712
569392880911036416
569485882941509632
569492269000204288
569496193249767424
569525690950815745
569526029859094528
569526070615138304
569526960268963840
569559433887526913
569569639543541762
569572184768835585
569573528149716992
569589460226183168
569596097540132864
569614500044918784
569623171210436608
569623343424413697
569623396729917440
569625014179377152
569625356942098432
569625848334000128
569633279546036224
569639607639285761
569649590632374273
569649617802891264
569651579307069440
569655113477988352
569657504273027073
569664636179476480
569671454419079169
569672330261106688
569672510565969920
569672763536842752
569679642447052800
569685957437362176
569690664029462529
569691574625415168
569695412740714496
569700247275876352
569701607144693760
569709246150893568
569716646165778432
569716908787933184
569724119748636672
569725805066002432
569726350380150784
569728483384930304
569745528382038016
569748884164988929
569758482989084674
569759999083171840
569832363527708674
567594449874587648
567727479633477632
567734731694157824
567755402943930368
567773176031145984
567790175813681153
567793072060276736
567811573265260544
567824229296566272
567865703765798912
567868544572063744
567907070269198337
568049646062444544
568072136192966656
568089253424594944
568103735827804160
568115571788808192
568129940371214336
568138663864852481
568138996112445440
568161901089132544
568187725834289152
568190250377461760
568203709802532864
568229032652709888
568263079789608961
568278231973044225
568388502431395840
568413746726457344
568442328794464256
568453351479721986
568485564112117760
568502226597101568
568527922576777216
568551350025330691
568557220473884672
568566729992847360
568575335148580864
568603081274986496
568604899870711808
568606225027485696
568772334632349696
568779110710964224
568810700828741633
568812046747201537
568818346042339328
568823050571026432
568823817679847425
568828064152424448
568857956470517760
568898792755470336
568925938840240128
568934521506107392
568946825798905856
568986491608834048
569011727532032001
569143915405651968
569156321636847617
569165652876881920
569212318283771904
569247182475407360
569253190551498752
569255280275369984
569261077877248000
569273795850178560
569305409925873664
569317490276360193
569349960228974592
569362149400838144
569385898573299712
569392880911036416
569485882941509632
569492269000204288
569496193249767424
569525690950815745
569526029859094528
569526070615138304
569526960268963840
569559433887526913
569569639543541762
569572184768835585
569573528149716992
569589460226183168
569596097540132864
569614500044918784
569623171210436608
569623343424413697
569623396729917440
569625014179377152
569625356942098432
569625848334000128
569633279546036224
569639607639285761
569649590632374273
569649617802891264
569651579307069440
569655113477988352
569657504273027073
569664636179476480
569671454419079169
569672330261106688
569672510565969920
569672763536842752
569679642447052800
569685957437362176
569690664029462529
569691574625415168
569695412740714496
569700247275876352
569701607144693760
569709246150893568
569716646165778432
569716908787933184
569724119748636672
569725805066002432
569726350380150784
569728483384930304
569745528382038016
569748884164988929
569758482989084674
569759999083171840
569832363527708674
569847671822946304
569850182784966656
569851578276048896
569857805483675648
569866875452203010
569890311608111105
569902219602100225
569903366647586818
569919703054991361
569936062039986176
569940685757014016
569945451564277760
569962873209937920
569969374875881472
569970853334650880
569971374820884481
569982678558048256
569985084348104704
569988479540695040
570001282603229186
570004470370676737
570008684413104128
570021599392329728
570027786053636096
570030165788459010
570036187815149570
570037969819545600
570042186399657984
570049697924009984
570063648468688899
570076476252356608
570081679844319232
570121276016234496
570150741022617600
570166071640133632
570197883716300800
570204088908034049
570205088595058688
570223944260849664
570244951914782721
570261359377698817
570275248052039680
570278679491670016
570283851018317824
