567715917983776772
568107310117212161
568124691673686016
568250000028925952
568273514970501120
568432782386466816
568433045805465600
568478881063276545
568545648284340224
568595632140775424
568604735772741632
568801276416401408
568830466830151680
568873612524032000
569153098595192832
569192350607671297
569358646892748801
569564016906891264
569619208884977664
569634385823182852
569641785347059712
569670559300239360
569673434721951744
569682228269068288
569687410969321472
569714230842302464
569723932355358720
567715917983776772
568107310117212161
568124691673686016
568250000028925952
568273514970501120
568432782386466816
568433045805465600
568478881063276545
568545648284340224
568595632140775424
568604735772741632
568801276416401408
568830466830151680
568873612524032000
569153098595192832
569192350607671297
569358646892748801
569564016906891264
569619208884977664
569634385823182852
569641785347059712
569670559300239360
569673434721951744
569682228269068288
569687410969321472
569714230842302464
569723932355358720
567715917983776772
568107310117212161
568124691673686016
568250000028925952
568273514970501120
568432782386466816
568433045805465600
568478881063276545
568545648284340224
568595632140775424
568604735772741632
568801276416401408
568830466830151680
568873612524032000
569153098595192832
569192350607671297
569358646892748801
569564016906891264
569619208884977664
569634385823182852
569641785347059712
569670559300239360
569673434721951744
569682228269068288
569687410969321472
569714230842302464
569723932355358720
569883984190005248
569892553690124288
569919787888988160
569983149028962304
570063224328081408
570114273021534209
570280776849346561
567715917983776772
568107310117212161
568124691673686016
568250000028925952
568273514970501120
568432782386466816
568433045805465600
568478881063276545
568545648284340224
568595632140775424
568604735772741632
568801276416401408
568830466830151680
568873612524032000
569153098595192832
569192350607671297
569358646892748801
569564016906891264
569619208884977664
569634385823182852
569641785347059712
569670559300239360
569673434721951744
569682228269068288
569687410969321472
569714230842302464
569723932355358720
569883984190005248
569892553690124288
569919787888988160
569983149028962304
570063224328081408
570114273021534209
570280776849346561
567715917983776772
568107310117212161
568124691673686016
568250000028925952
568273514970501120
568432782386466816
568433045805465600
568478881063276545
568545648284340224
568595632140775424
568604735772741632
568801276416401408
568830466830151680
568873612524032000
569153098595192832
569192350607671297
569358646892748801
569564016906891264
569619208884977664
569634385823182852
569641785347059712
569670559300239360
569673434721951744
569682228269068288
569687410969321472
569714230842302464
569723932355358720
569883984190005248
569892553690124288
569919787888988160
569983149028962304
570063224328081408
570114273021534209
570280776849346561
567715917983776772
568107310117212161
568124691673686016
568250000028925952
568273514970501120
568432782386466816
568433045805465600
568478881063276545
568545648284340224
568595632140775424
568604735772741632
568801276416401408
568830466830151680
568873612524032000
569153098595192832
569192350607671297
569358646892748801
569564016906891264
569619208884977664
569634385823182852
569641785347059712
569670559300239360
569673434721951744
569682228269068288
569687410969321472
569714230842302464
569723932355358720
569883984190005248
569892553690124288
569919787888988160
569983149028962304
570063224328081408
570114273021534209
570280776849346561
567715917983776772
568107310117212161
568124691673686016
568250000028925952
568273514970501120
568432782386466816
568433045805465600
568478881063276545
568545648284340224
568595632140775424
568604735772741632
568801276416401408
568830466830151680
568873612524032000
569153098595192832
569192350607671297
569358646892748801
569564016906891264
569619208884977664
569634385823182852
569641785347059712
569670559300239360
569673434721951744
569682228269068288
569687410969321472
569714230842302464
569723932355358720
569883984190005248
569892553690124288
569919787888988160
569983149028962304
570063224328081408
570114273021534209
570280776849346561
567715917983776772
568107310117212161
568124691673686016
568250000028925952
568273514970501120
568432782386466816
568433045805465600
568478881063276545
568545648284340224
568595632140775424
568604735772741632
568801276416401408
568830466830151680
568873612524032000
569153098595192832
569192350607671297
569358646892748801
569564016906891264
569619208884977664
569634385823182852
569641785347059712
569670559300239360
569673434721951744
569682228269068288
569687410969321472
569714230842302464
569723932355358720
569883984190005248
569892553690124288
569919787888988160
569983149028962304
570063224328081408
570114273021534209
570280776849346561
