567836728100200449
567842366473834498
567874275388043264
567875758053400576
567887437826908160
568018490331930625
568148807684198401
568155440267161600
568176390325075968
568410282298621952
568443923485437952
568451244009742336
568485564112117760
568543525505089536
568611819864117248
568762437832478720
568772614639845377
568824821531996162
568999631956393984
569128660101427200
569148485519462400
569176528338202624
569209352730513409
569248875825008640
569264912695840768
569509520034156544
569591730506371072
569608866138173440
569621714046455808
569650423318982657
569660306298945537
569664636179476480
569681799984492544
569683647990599681
569701794714128384
569724119748636672
569727223990775808
569749896095358977
569780773194113025
567836728100200449
567842366473834498
567874275388043264
567875758053400576
567887437826908160
568018490331930625
568148807684198401
568155440267161600
568176390325075968
568410282298621952
568443923485437952
568451244009742336
568485564112117760
568543525505089536
568611819864117248
568762437832478720
568772614639845377
568824821531996162
568999631956393984
569128660101427200
569148485519462400
569176528338202624
569209352730513409
569248875825008640
569264912695840768
569509520034156544
569591730506371072
569608866138173440
569621714046455808
569650423318982657
569660306298945537
569664636179476480
569681799984492544
569683647990599681
569701794714128384
569724119748636672
569727223990775808
569749896095358977
569780773194113025
567836728100200449
567842366473834498
567874275388043264
567875758053400576
567887437826908160
568018490331930625
568148807684198401
568155440267161600
568176390325075968
568410282298621952
568443923485437952
568451244009742336
568485564112117760
568543525505089536
568611819864117248
568762437832478720
568772614639845377
568824821531996162
568999631956393984
569128660101427200
569148485519462400
569176528338202624
569209352730513409
569248875825008640
569264912695840768
569509520034156544
569591730506371072
569608866138173440
569621714046455808
569650423318982657
569660306298945537
569664636179476480
569681799984492544
569683647990599681
569701794714128384
569724119748636672
569727223990775808
569749896095358977
569780773194113025
569868055502696449
569887819297992704
569903377598914562
570003111772692480
570078556711026688
570085423801888768
570092677196181507
570232616755929088
570250443034640384
570259380999860224
570296572375900160
567836728100200449
567842366473834498
567874275388043264
567875758053400576
567887437826908160
568018490331930625
568148807684198401
568155440267161600
568176390325075968
568410282298621952
568443923485437952
568451244009742336
568485564112117760
568543525505089536
568611819864117248
568762437832478720
568772614639845377
568824821531996162
568999631956393984
569128660101427200
569148485519462400
569176528338202624
569209352730513409
569248875825008640
569264912695840768
569509520034156544
569591730506371072
569608866138173440
569621714046455808
569650423318982657
569660306298945537
569664636179476480
569681799984492544
569683647990599681
569701794714128384
569724119748636672
569727223990775808
569749896095358977
569780773194113025
569868055502696449
569887819297992704
569903377598914562
570003111772692480
570078556711026688
570085423801888768
570092677196181507
570232616755929088
570250443034640384
570259380999860224
570296572375900160
567836728100200449
567842366473834498
567874275388043264
567875758053400576
567887437826908160
568018490331930625
568148807684198401
568155440267161600
568176390325075968
568410282298621952
568443923485437952
568451244009742336
568485564112117760
568543525505089536
568611819864117248
568762437832478720
568772614639845377
568824821531996162
568999631956393984
569128660101427200
569148485519462400
569176528338202624
569209352730513409
569248875825008640
569264912695840768
569509520034156544
569591730506371072
569608866138173440
569621714046455808
569650423318982657
569660306298945537
569664636179476480
569681799984492544
569683647990599681
569701794714128384
569724119748636672
569727223990775808
569749896095358977
569780773194113025
569868055502696449
569887819297992704
569903377598914562
570003111772692480
570078556711026688
570085423801888768
570092677196181507
570232616755929088
570250443034640384
570259380999860224
570296572375900160
567836728100200449
567842366473834498
567874275388043264
567875758053400576
567887437826908160
568018490331930625
568148807684198401
568155440267161600
568176390325075968
568410282298621952
568443923485437952
568451244009742336
568485564112117760
568543525505089536
568611819864117248
568762437832478720
568772614639845377
568824821531996162
568999631956393984
569128660101427200
569148485519462400
569176528338202624
569209352730513409
569248875825008640
569264912695840768
569509520034156544
569591730506371072
569608866138173440
569621714046455808
569650423318982657
569660306298945537
569664636179476480
569681799984492544
569683647990599681
569701794714128384
569724119748636672
569727223990775808
569749896095358977
569780773194113025
569868055502696449
569887819297992704
569903377598914562
570003111772692480
570078556711026688
570085423801888768
570092677196181507
570232616755929088
570250443034640384
570259380999860224
570296572375900160
567836728100200449
567842366473834498
567874275388043264
567875758053400576
567887437826908160
568018490331930625
568148807684198401
568155440267161600
568176390325075968
568410282298621952
568443923485437952
568451244009742336
568485564112117760
568543525505089536
568611819864117248
568762437832478720
568772614639845377
568824821531996162
568999631956393984
569128660101427200
569148485519462400
569176528338202624
569209352730513409
569248875825008640
569264912695840768
569509520034156544
569591730506371072
569608866138173440
569621714046455808
569650423318982657
569660306298945537
569664636179476480
569681799984492544
569683647990599681
569701794714128384
569724119748636672
569727223990775808
569749896095358977
569780773194113025
569868055502696449
569887819297992704
569903377598914562
570003111772692480
570078556711026688
570085423801888768
570092677196181507
570232616755929088
570250443034640384
570259380999860224
570296572375900160
567836728100200449
567842366473834498
567874275388043264
567875758053400576
567887437826908160
568018490331930625
568148807684198401
568155440267161600
568176390325075968
568410282298621952
568443923485437952
568451244009742336
568485564112117760
568543525505089536
568611819864117248
568762437832478720
568772614639845377
568824821531996162
568999631956393984
569128660101427200
569148485519462400
569176528338202624
569209352730513409
569248875825008640
569264912695840768
569509520034156544
569591730506371072
569608866138173440
569621714046455808
569650423318982657
569660306298945537
569664636179476480
569681799984492544
569683647990599681
569701794714128384
569724119748636672
569727223990775808
569749896095358977
569780773194113025
569868055502696449
569887819297992704
569903377598914562
570003111772692480
570078556711026688
570085423801888768
570092677196181507
570232616755929088
570250443034640384
570259380999860224
570296572375900160
