567592368451248130
567686845903826947
567688325276770306
567713868747902976
567726594698264576
567727581873848320
567728017196457987
567732427691683840
567733251620356096
567735766416392194
567737617031380992
567738375755415552
567738388980068352
567742578561650688
567744381432516608
567745702231830529
567747769176432640
567753194546421760
567753872967528448
567758296417718272
567760060080599040
567760872739975168
567762099708112897
567767091579592704
567769620648828929
567770347065384960
567772219549478912
567778606546694144
567779798782595072
567781663469481984
567785122708332546
567789749013086208
567800574051151872
567801079388471296
567802015527755776
567802829567467520
567805339790475264
567807278964023296
567811360404336641
567811713870876672
567828700726620160
567830279809937408
567830740373868544
567836660899057664
567845681768968192
567845953245413376
567848374113693697
567850537716092928
567861140895580160
567870895383015424
567872769049825280
567874275388043264
567880664600698880
567883674462588929
567883722948763648
567895664769785856
567905194563997696
567917894144770049
567918161540046848
567930900731854848
567947943593926657
567971836321009664
568018490331930625
568036157482602497
568037842838024192
568040818059190273
568042975856619520
568053242426470401
568056811401703424
568062007108190210
568063225859739648
568064005048152065
568066161922977792
568066302818058240
568066878192508928
568075934609346560
568079024943194112
568083251866152960
568146157534367744
568154777739259907
568168505998229505
568173937714028544
568180928746369027
568186047659507712
568195569350549504
568195829238005760
568199579201605632
568203839242764288
568210928484913152
568214100578324480
568216196132302848
568216414957408256
568216703055876096
568248950450311169
568252805036638209
568253469129187328
568256282668302337
568295728272900096
568352803892150273
568382290352590848
568385303267782656
568413365254488064
568441899402584064
568444091836604416
568450262706167808
568450712314753024
568451138221166592
568453351479721986
568456567835619328
568458157703499776
568460512553353216
568481998257430530
568490268271484929
568511969335984128
568515101319254016
568527292135133184
568527304348942336
568534166742003712
568536558279593985
568552711840358401
568552943005224961
568560130117251072
568561924985782272
568564342150598656
568568593262231552
568568938960805888
568576829000425472
568588936852799488
568602007583354880
568606704566439936
568624572985004033
568625258351063040
568625749214642176
568626625857728513
568635298759860226
568656758027063296
568659661861175297
568710194575872001
568769216662282240
568793221809250304
568805448696115200
568807901608828928
568808340387536896
568815766474244096
568820700489781248
568823603627565056
568823817679847425
568829852721106944
568833409138745344
568834902365503488
568850826552320000
568854401802051584
568860389640962048
568870394708545536
568890203923980288
568893453515378689
568905816973172736
568906726906335234
568911349092212736
568911851674836992
568918313239064576
568945958970531840
568947596242235392
568949545972961280
568951063463616512
568959916498509824
568964732981530624
568996855566245889
568999879176949760
569003484701282304
569021943828983808
569088825420607488
569096233232547840
569130620963696640
569140808227672064
569177080014901248
569180531742486528
569189550570016768
569197910895812608
569209051260678144
569225196386660352
569227490046164992
569230445654740992
569231858485080066
569235531973832704
569242715759779840
569242798953594880
569247182337019904
569274001173979137
569276042491211777
569304208534597632
569318130356502528
569322419036356608
569322456776892417
569323015550296064
569325005823217664
569327066887401473
569328854948573187
569330095644659712
569332442194178049
569336095411965952
569337274707660800
569338341306572800
569357079716229121
569357127040540673
569358956549681152
569359025655181312
569365709500710912
569366383458275329
569369239183872000
569371693602476032
569376145000390656
569388156031799297
569393239700013056
569395278731747329
569415076400242688
569418216935723008
569433059168260096
569435214717562881
569436958281183233
569457148129779714
569468823625027586
569479822226952192
569482278646124544
569497791623512065
569500607637262336
569507522412986368
569511892215062528
569521778797744128
569531768321269760
569532793530785792
569538524321419265
569540659209596928
569544873809989632
569556131078475777
569564853460807680
569567144318365696
569568300528635906
569570644632821760
569576099018985472
569582862472577024
569587686496825344
569588375037960192
569591653121597440
569595015518793730
569595534916202496
569595899204255745
569596325076955137
569596778426855426
569598671420919808
569600720254541824
569602974671990784
569609621834301440
569611735696580611
569615206625599488
569615215144226816
569615290956259328
569616335488966656
569616699604934656
569619246520479745
569621332863754240
569623164105433088
569626683139104768
569626787875053568
569626978397134848
569627005852917762
569634350930636800
569635291490693120
569636454869151744
569639780276953088
569639923080404994
569643671198572544
569644759024852992
569645783974195202
569646144805953536
569649277888106496
569649508113625089
569653423836045312
569659515706028033
569666226974294016
569666513352806400
569667246026416130
569669336991969280
569671368788172800
569672763536842752
569674298924900352
569676317144133632
569676387113672704
569676535973744640
569684654380486656
569688256247427072
569691609404706817
569696824061235200
569702566126325760
569704388106719232
569714755838935040
569715552702345216
569715802703859712
569718162595426304
569725892324253696
569727223990775808
569732365968404480
569735732060753921
569740392372895745
569741325454540800
569748099616215040
569749422482960384
569759558777892864
569766140332937216
569779173461336065
569782352223666176
569785570320195585
569789622491820032
569794574966591489
569813808987787264
569814855349346304
567592368451248130
567686845903826947
567688325276770306
567713868747902976
567726594698264576
567727581873848320
567728017196457987
567732427691683840
567733251620356096
567735766416392194
567737617031380992
567738375755415552
567738388980068352
567742578561650688
567744381432516608
567745702231830529
567747769176432640
567753194546421760
567753872967528448
567758296417718272
567760060080599040
567760872739975168
567762099708112897
567767091579592704
567769620648828929
567770347065384960
567772219549478912
567778606546694144
567779798782595072
567781663469481984
567785122708332546
567789749013086208
567800574051151872
567801079388471296
567802015527755776
567802829567467520
567805339790475264
567807278964023296
567811360404336641
567811713870876672
567828700726620160
567830279809937408
567830740373868544
567836660899057664
567845681768968192
567845953245413376
567848374113693697
567850537716092928
567861140895580160
567870895383015424
567872769049825280
567874275388043264
567880664600698880
567883674462588929
567883722948763648
567895664769785856
567905194563997696
567917894144770049
567918161540046848
567930900731854848
567947943593926657
567971836321009664
568018490331930625
568036157482602497
568037842838024192
568040818059190273
568042975856619520
568053242426470401
568056811401703424
568062007108190210
568063225859739648
568064005048152065
568066161922977792
568066302818058240
568066878192508928
568075934609346560
568079024943194112
568083251866152960
568146157534367744
568154777739259907
568168505998229505
568173937714028544
568180928746369027
568186047659507712
568195569350549504
568195829238005760
568199579201605632
568203839242764288
568210928484913152
568214100578324480
568216196132302848
568216414957408256
568216703055876096
568248950450311169
568252805036638209
568253469129187328
568256282668302337
568295728272900096
568352803892150273
568382290352590848
568385303267782656
568413365254488064
568441899402584064
568444091836604416
568450262706167808
568450712314753024
568451138221166592
568453351479721986
568456567835619328
568458157703499776
568460512553353216
568481998257430530
568490268271484929
568511969335984128
568515101319254016
568527292135133184
568527304348942336
568534166742003712
568536558279593985
568552711840358401
568552943005224961
568560130117251072
568561924985782272
568564342150598656
568568593262231552
568568938960805888
568576829000425472
568588936852799488
568602007583354880
568606704566439936
568624572985004033
568625258351063040
568625749214642176
568626625857728513
568635298759860226
568656758027063296
568659661861175297
568710194575872001
568769216662282240
568793221809250304
568805448696115200
568807901608828928
568808340387536896
568815766474244096
568820700489781248
568823603627565056
568823817679847425
568829852721106944
568833409138745344
568834902365503488
568850826552320000
568854401802051584
568860389640962048
568870394708545536
568890203923980288
568893453515378689
568905816973172736
568906726906335234
568911349092212736
568911851674836992
568918313239064576
568945958970531840
568947596242235392
568949545972961280
568951063463616512
568959916498509824
568964732981530624
568996855566245889
568999879176949760
569003484701282304
569021943828983808
569088825420607488
569096233232547840
569130620963696640
569140808227672064
569177080014901248
569180531742486528
569189550570016768
569197910895812608
569209051260678144
569225196386660352
569227490046164992
569230445654740992
569231858485080066
569235531973832704
569242715759779840
569242798953594880
569247182337019904
569274001173979137
569276042491211777
569304208534597632
569318130356502528
569322419036356608
569322456776892417
569323015550296064
569325005823217664
569327066887401473
569328854948573187
569330095644659712
569332442194178049
569336095411965952
569337274707660800
569338341306572800
569357079716229121
569357127040540673
569358956549681152
569359025655181312
569365709500710912
569366383458275329
569369239183872000
569371693602476032
569376145000390656
569388156031799297
569393239700013056
569395278731747329
569415076400242688
569418216935723008
569433059168260096
569435214717562881
569436958281183233
569457148129779714
569468823625027586
569479822226952192
569482278646124544
569497791623512065
569500607637262336
569507522412986368
569511892215062528
569521778797744128
569531768321269760
569532793530785792
569538524321419265
569540659209596928
569544873809989632
569556131078475777
569564853460807680
569567144318365696
569568300528635906
569570644632821760
569576099018985472
569582862472577024
569587686496825344
569588375037960192
569591653121597440
569595015518793730
569595534916202496
569595899204255745
569596325076955137
569596778426855426
569598671420919808
569600720254541824
569602974671990784
569609621834301440
569611735696580611
569615206625599488
569615215144226816
569615290956259328
569616335488966656
569616699604934656
569619246520479745
569621332863754240
569623164105433088
569626683139104768
569626787875053568
569626978397134848
569627005852917762
569634350930636800
569635291490693120
569636454869151744
569639780276953088
569639923080404994
569643671198572544
569644759024852992
569645783974195202
569646144805953536
569649277888106496
569649508113625089
569653423836045312
569659515706028033
569666226974294016
569666513352806400
569667246026416130
569669336991969280
569671368788172800
569672763536842752
569674298924900352
569676317144133632
569676387113672704
569676535973744640
569684654380486656
569688256247427072
569691609404706817
569696824061235200
569702566126325760
569704388106719232
569714755838935040
569715552702345216
569715802703859712
569718162595426304
569725892324253696
569727223990775808
569732365968404480
569735732060753921
569740392372895745
569741325454540800
569748099616215040
569749422482960384
569759558777892864
569766140332937216
569779173461336065
569782352223666176
569785570320195585
569789622491820032
569794574966591489
569813808987787264
569814855349346304
569817937131016192
569821659097477120
569826452633313280
569828817960869888
569832363527708674
569838973490765824
569842929860263936
569843485911560192
567592368451248130
567686845903826947
567688325276770306
567713868747902976
567726594698264576
567727581873848320
567728017196457987
567732427691683840
567733251620356096
567735766416392194
567737617031380992
567738375755415552
567738388980068352
567742578561650688
567744381432516608
567745702231830529
567747769176432640
567753194546421760
567753872967528448
567758296417718272
567760060080599040
567760872739975168
567762099708112897
567767091579592704
567769620648828929
567770347065384960
567772219549478912
567778606546694144
567779798782595072
567781663469481984
567785122708332546
567789749013086208
567800574051151872
567801079388471296
567802015527755776
567802829567467520
567805339790475264
567807278964023296
567811360404336641
567811713870876672
567828700726620160
567830279809937408
567830740373868544
567836660899057664
567845681768968192
567845953245413376
567848374113693697
567850537716092928
567861140895580160
567870895383015424
567872769049825280
567874275388043264
567880664600698880
567883674462588929
567883722948763648
567895664769785856
567905194563997696
567917894144770049
567918161540046848
567930900731854848
567947943593926657
567971836321009664
568018490331930625
568036157482602497
568037842838024192
568040818059190273
568042975856619520
568053242426470401
568056811401703424
568062007108190210
568063225859739648
568064005048152065
568066161922977792
568066302818058240
568066878192508928
568075934609346560
568079024943194112
568083251866152960
568146157534367744
568154777739259907
568168505998229505
568173937714028544
568180928746369027
568186047659507712
568195569350549504
568195829238005760
568199579201605632
568203839242764288
568210928484913152
568214100578324480
568216196132302848
568216414957408256
568216703055876096
568248950450311169
568252805036638209
568253469129187328
568256282668302337
568295728272900096
568352803892150273
568382290352590848
568385303267782656
568413365254488064
568441899402584064
568444091836604416
568450262706167808
568450712314753024
568451138221166592
568453351479721986
568456567835619328
568458157703499776
568460512553353216
568481998257430530
568490268271484929
568511969335984128
568515101319254016
568527292135133184
568527304348942336
568534166742003712
568536558279593985
568552711840358401
568552943005224961
568560130117251072
568561924985782272
568564342150598656
568568593262231552
568568938960805888
568576829000425472
568588936852799488
568602007583354880
568606704566439936
568624572985004033
568625258351063040
568625749214642176
568626625857728513
568635298759860226
568656758027063296
568659661861175297
568710194575872001
568769216662282240
568793221809250304
568805448696115200
568807901608828928
568808340387536896
568815766474244096
568820700489781248
568823603627565056
568823817679847425
568829852721106944
568833409138745344
568834902365503488
568850826552320000
568854401802051584
568860389640962048
568870394708545536
568890203923980288
568893453515378689
568905816973172736
568906726906335234
568911349092212736
568911851674836992
568918313239064576
568945958970531840
568947596242235392
568949545972961280
568951063463616512
568959916498509824
568964732981530624
568996855566245889
568999879176949760
569003484701282304
569021943828983808
569088825420607488
569096233232547840
569130620963696640
569140808227672064
569177080014901248
569180531742486528
569189550570016768
569197910895812608
569209051260678144
569225196386660352
569227490046164992
569230445654740992
569231858485080066
569235531973832704
569242715759779840
569242798953594880
569247182337019904
569274001173979137
569276042491211777
569304208534597632
569318130356502528
569322419036356608
569322456776892417
569323015550296064
569325005823217664
569327066887401473
569328854948573187
569330095644659712
569332442194178049
569336095411965952
569337274707660800
569338341306572800
569357079716229121
569357127040540673
569358956549681152
569359025655181312
569365709500710912
569366383458275329
569369239183872000
569371693602476032
569376145000390656
569388156031799297
569393239700013056
569395278731747329
569415076400242688
569418216935723008
569433059168260096
569435214717562881
569436958281183233
569457148129779714
569468823625027586
569479822226952192
569482278646124544
569497791623512065
569500607637262336
569507522412986368
569511892215062528
569521778797744128
569531768321269760
569532793530785792
569538524321419265
569540659209596928
569544873809989632
569556131078475777
569564853460807680
569567144318365696
569568300528635906
569570644632821760
569576099018985472
569582862472577024
569587686496825344
569588375037960192
569591653121597440
569595015518793730
569595534916202496
569595899204255745
569596325076955137
569596778426855426
569598671420919808
569600720254541824
569602974671990784
569609621834301440
569611735696580611
569615206625599488
569615215144226816
569615290956259328
569616335488966656
569616699604934656
569619246520479745
569621332863754240
569623164105433088
569626683139104768
569626787875053568
569626978397134848
569627005852917762
569634350930636800
569635291490693120
569636454869151744
569639780276953088
569639923080404994
569643671198572544
569644759024852992
569645783974195202
569646144805953536
569649277888106496
569649508113625089
569653423836045312
569659515706028033
569666226974294016
569666513352806400
569667246026416130
569669336991969280
569671368788172800
569672763536842752
569674298924900352
569676317144133632
569676387113672704
569676535973744640
569684654380486656
569688256247427072
569691609404706817
569696824061235200
569702566126325760
569704388106719232
569714755838935040
569715552702345216
569715802703859712
569718162595426304
569725892324253696
569727223990775808
569732365968404480
569735732060753921
569740392372895745
569741325454540800
569748099616215040
569749422482960384
569759558777892864
569766140332937216
569779173461336065
569782352223666176
569785570320195585
569789622491820032
569794574966591489
569813808987787264
569814855349346304
569817937131016192
569821659097477120
569826452633313280
569828817960869888
569832363527708674
569838973490765824
569842929860263936
569843485911560192
569845438494457856
569848398129565696
569849295786127360
569850239789568000
569851178982338563
569853646411661314
569855477854691328
569860989400649729
569872921700667392
569880005729067008
569880364811837441
569880482109739009
569882980992335872
569886612538023936
569891790343569408
569893064342437888
569899646509666304
569901925358968832
569903366647586818
569903725449322496
569905298481274880
569907019081228288
569909718765842432
569910583694196736
569919970446053377
569921001301024770
569922305423495168
569923163259318274
569926859699437568
569935609940316160
569935692161134592
569936348217352194
569938090510454784
569938487920566272
569939156740149249
569940883975446528
569942084393824256
569944996616351746
569947001456070656
569947331241639936
569949946146742272
569950766485540864
569951253666656257
569951879825907713
569952317556043776
569954220184604672
569956564993310720
569957958634770432
569959283934277633
569960904852312064
569962901601005569
569965873752104960
569968010431066112
569972777593262080
569975113694760960
569981015378112512
569984339800416256
569984682873352192
569985685723209730
569995897234288640
570001191796678656
570006834674835456
570015876902232064
570019785788022785
570020117284724737
570021599392329728
570050603851710464
570052723409874947
570066805810601985
570067865946234883
570068649295241216
570070485653786624
570085837821632512
570086891342733312
570087222663229440
570087324949864448
570098159076171776
570121689503301632
570122183072092160
570132715577552896
570166071640133632
570184073139912704
570188684881821696
570188934564737024
570193599977148416
570197883716300800
570205604314255360
570210970330669056
570217145428090880
570224927602839552
570226365410230272
570232659282145280
570238052943208450
570239463089000449
570242452092813312
570242641264320512
570244910563110912
570261225520689152
570265563035004928
570268160202567680
570270848201797632
570271904508092416
570273188485197825
570275010759102466
570275218515726337
570283712409051136
570284129138274304
570284855163883520
570287651137445888
570292174044200963
570294205999939584
570294445020733440
570295290063925249
570296986827694080
570297070998974464
570298744723415040
570304178314190848
570304440017788929
570305051819941889
