569657725304610816
569658903044218880
569659637575917568
569661069913821184
569657725304610816
569658903044218880
569659637575917568
569661069913821184
569657725304610816
569658903044218880
569659637575917568
569661069913821184
569657725304610816
569658903044218880
569659637575917568
569661069913821184
569657725304610816
569658903044218880
569659637575917568
569661069913821184
569657725304610816
569658903044218880
569659637575917568
569661069913821184
569657725304610816
569658903044218880
569659637575917568
569661069913821184
569657725304610816
569658903044218880
569659637575917568
569661069913821184
