567703258425081857
568107363195973633
568112237765722113
568401416982806528
568781555784507392
568791283575201792
568843696105496577
568923233866555392
568945265899483136
568999888043638785
569001941533003776
569223830759059458
569248843532886016
569324035835711489
569618056605016064
569734065697353729
569748572104560640
567703258425081857
568107363195973633
568112237765722113
568401416982806528
568781555784507392
568791283575201792
568843696105496577
568923233866555392
568945265899483136
568999888043638785
569001941533003776
569223830759059458
569248843532886016
569324035835711489
569618056605016064
569734065697353729
569748572104560640
567703258425081857
568107363195973633
568112237765722113
568401416982806528
568781555784507392
568791283575201792
568843696105496577
568923233866555392
568945265899483136
568999888043638785
569001941533003776
569223830759059458
569248843532886016
569324035835711489
569618056605016064
569734065697353729
569748572104560640
569874524922978304
569875667245871104
569915029950222337
569915133113323520
569915182329286656
569915529496027136
569915550127800320
569966909019398144
569971033182048256
