567879331810246656
568436943131951104
568437120966258688
568437415603507200
568437634835595264
567879331810246656
568436943131951104
568437120966258688
568437415603507200
568437634835595264
567879331810246656
568436943131951104
568437120966258688
568437415603507200
568437634835595264
567879331810246656
568436943131951104
568437120966258688
568437415603507200
568437634835595264
567879331810246656
568436943131951104
568437120966258688
568437415603507200
568437634835595264
567879331810246656
568436943131951104
568437120966258688
568437415603507200
568437634835595264
567879331810246656
568436943131951104
568437120966258688
568437415603507200
568437634835595264
567879331810246656
568436943131951104
568437120966258688
568437415603507200
568437634835595264
