567732811772080129
567743132180033536
567799518448848897
567822848878968832
567873801653997569
568132209330098177
568135153903656960
568209028188233728
568432390957355008
568454607040606208
568522028627533824
568523003778084864
568560786756366336
568593538520231936
568767144407789569
568779794902614016
568808470536962048
568894687911632896
568911851674836992
568912588748292097
568926321369153536
569165517614944256
569168884798005248
569189550570016768
569234639233142784
569238749802074113
569341439148236800
569373650647945216
569381811278770176
569451362687143936
569467550100267008
569470776576880640
569477571726974976
569604173236477952
569613526328717313
569644766779936768
569660111976689664
569669921258409985
569670844047192064
569674294411669504
569706908002578432
569758349354340352
567732811772080129
567743132180033536
567799518448848897
567822848878968832
567873801653997569
568132209330098177
568135153903656960
568209028188233728
568432390957355008
568454607040606208
568522028627533824
568523003778084864
568560786756366336
568593538520231936
568767144407789569
568779794902614016
568808470536962048
568894687911632896
568911851674836992
568912588748292097
568926321369153536
569165517614944256
569168884798005248
569189550570016768
569234639233142784
569238749802074113
569341439148236800
569373650647945216
569381811278770176
569451362687143936
569467550100267008
569470776576880640
569477571726974976
569604173236477952
569613526328717313
569644766779936768
569660111976689664
569669921258409985
569670844047192064
569674294411669504
569706908002578432
569758349354340352
569836091651592192
567732811772080129
567743132180033536
567799518448848897
567822848878968832
567873801653997569
568132209330098177
568135153903656960
568209028188233728
568432390957355008
568454607040606208
568522028627533824
568523003778084864
568560786756366336
568593538520231936
568767144407789569
568779794902614016
568808470536962048
568894687911632896
568911851674836992
568912588748292097
568926321369153536
569165517614944256
569168884798005248
569189550570016768
569234639233142784
569238749802074113
569341439148236800
569373650647945216
569381811278770176
569451362687143936
569467550100267008
569470776576880640
569477571726974976
569604173236477952
569613526328717313
569644766779936768
569660111976689664
569669921258409985
569670844047192064
569674294411669504
569706908002578432
569758349354340352
569836091651592192
569906598472228864
569929945331449856
569969374875881472
569972985521532929
569981473060560896
569993098023063552
570035525761011713
570051834188075008
570065109420101633
570132410588917760
570173181727674368
570175858469515264
570188838775103488
570202730293100544
570236221575704576
570244910563110912
570245402982785024
570248695670841344
570283712409051136
567732811772080129
567743132180033536
567799518448848897
567822848878968832
567873801653997569
568132209330098177
568135153903656960
568209028188233728
568432390957355008
568454607040606208
568522028627533824
568523003778084864
568560786756366336
568593538520231936
568767144407789569
568779794902614016
568808470536962048
568894687911632896
568911851674836992
568912588748292097
568926321369153536
569165517614944256
569168884798005248
569189550570016768
569234639233142784
569238749802074113
569341439148236800
569373650647945216
569381811278770176
569451362687143936
569467550100267008
569470776576880640
569477571726974976
569604173236477952
569613526328717313
569644766779936768
569660111976689664
569669921258409985
569670844047192064
569674294411669504
569706908002578432
569758349354340352
569836091651592192
569906598472228864
569929945331449856
569969374875881472
569972985521532929
569981473060560896
569993098023063552
570035525761011713
570051834188075008
570065109420101633
570132410588917760
570173181727674368
570175858469515264
570188838775103488
570202730293100544
570236221575704576
570244910563110912
570245402982785024
570248695670841344
570283712409051136
567732811772080129
567743132180033536
567799518448848897
567822848878968832
567873801653997569
568132209330098177
568135153903656960
568209028188233728
568432390957355008
568454607040606208
568522028627533824
568523003778084864
568560786756366336
568593538520231936
568767144407789569
568779794902614016
568808470536962048
568894687911632896
568911851674836992
568912588748292097
568926321369153536
569165517614944256
569168884798005248
569189550570016768
569234639233142784
569238749802074113
569341439148236800
569373650647945216
569381811278770176
569451362687143936
569467550100267008
569470776576880640
569477571726974976
569604173236477952
569613526328717313
569644766779936768
569660111976689664
569669921258409985
569670844047192064
569674294411669504
569706908002578432
569758349354340352
569836091651592192
569906598472228864
569929945331449856
569969374875881472
569972985521532929
569981473060560896
569993098023063552
570035525761011713
570051834188075008
570065109420101633
570132410588917760
570173181727674368
570175858469515264
570188838775103488
570202730293100544
570236221575704576
570244910563110912
570245402982785024
570248695670841344
570283712409051136
567732811772080129
567743132180033536
567799518448848897
567822848878968832
567873801653997569
568132209330098177
568135153903656960
568209028188233728
568432390957355008
568454607040606208
568522028627533824
568523003778084864
568560786756366336
568593538520231936
568767144407789569
568779794902614016
568808470536962048
568894687911632896
568911851674836992
568912588748292097
568926321369153536
569165517614944256
569168884798005248
569189550570016768
569234639233142784
569238749802074113
569341439148236800
569373650647945216
569381811278770176
569451362687143936
569467550100267008
569470776576880640
569477571726974976
569604173236477952
569613526328717313
569644766779936768
569660111976689664
569669921258409985
569670844047192064
569674294411669504
569706908002578432
569758349354340352
569836091651592192
569906598472228864
569929945331449856
569969374875881472
569972985521532929
569981473060560896
569993098023063552
570035525761011713
570051834188075008
570065109420101633
570132410588917760
570173181727674368
570175858469515264
570188838775103488
570202730293100544
570236221575704576
570244910563110912
570245402982785024
570248695670841344
570283712409051136
567732811772080129
567743132180033536
567799518448848897
567822848878968832
567873801653997569
568132209330098177
568135153903656960
568209028188233728
568432390957355008
568454607040606208
568522028627533824
568523003778084864
568560786756366336
568593538520231936
568767144407789569
568779794902614016
568808470536962048
568894687911632896
568911851674836992
568912588748292097
568926321369153536
569165517614944256
569168884798005248
569189550570016768
569234639233142784
569238749802074113
569341439148236800
569373650647945216
569381811278770176
569451362687143936
569467550100267008
569470776576880640
569477571726974976
569604173236477952
569613526328717313
569644766779936768
569660111976689664
569669921258409985
569670844047192064
569674294411669504
569706908002578432
569758349354340352
569836091651592192
569906598472228864
569929945331449856
569969374875881472
569972985521532929
569981473060560896
569993098023063552
570035525761011713
570051834188075008
570065109420101633
570132410588917760
570173181727674368
570175858469515264
570188838775103488
570202730293100544
570236221575704576
570244910563110912
570245402982785024
570248695670841344
570283712409051136
567732811772080129
567743132180033536
567799518448848897
567822848878968832
567873801653997569
568132209330098177
568135153903656960
568209028188233728
568432390957355008
568454607040606208
568522028627533824
568523003778084864
568560786756366336
568593538520231936
568767144407789569
568779794902614016
568808470536962048
568894687911632896
568911851674836992
568912588748292097
568926321369153536
569165517614944256
569168884798005248
569189550570016768
569234639233142784
569238749802074113
569341439148236800
569373650647945216
569381811278770176
569451362687143936
569467550100267008
569470776576880640
569477571726974976
569604173236477952
569613526328717313
569644766779936768
569660111976689664
569669921258409985
569670844047192064
569674294411669504
569706908002578432
569758349354340352
569836091651592192
569906598472228864
569929945331449856
569969374875881472
569972985521532929
569981473060560896
569993098023063552
570035525761011713
570051834188075008
570065109420101633
570132410588917760
570173181727674368
570175858469515264
570188838775103488
570202730293100544
570236221575704576
570244910563110912
570245402982785024
570248695670841344
570283712409051136
