567753872967528448
567886632155680770
569252732940320768
569291509305970688
569525679823425536
569608446586200064
569618527948115968
569672448716742656
569686372124102656
569784114309693440
567753872967528448
567886632155680770
569252732940320768
569291509305970688
569525679823425536
569608446586200064
569618527948115968
569672448716742656
569686372124102656
569784114309693440
567753872967528448
567886632155680770
569252732940320768
569291509305970688
569525679823425536
569608446586200064
569618527948115968
569672448716742656
569686372124102656
569784114309693440
569867943888056320
570021225323298816
570063107701272576
570086434410930176
570092184948645889
570095696491241472
570142278729076736
570234327071629312
570250470289068032
