567732427691683840
567801274293563393
567813839539159040
567821292797186048
567851275599110144
568109963509415936
568216196132302848
568266994069295105
568364074427420672
568403209766744064
568431125502144512
568487688510287873
568679098920206337
568760152129720320
568855390462603264
568917429033652226
569006044782800896
569180541662027779
569188967180058625
569248898071580672
569308168364425216
569496919036305408
569529128585555968
569532566610571265
569636003473793024
569640141989552128
569650273091584000
569661113593425920
569677478077136897
569683240828723201
569686415665025024
569709992175116288
569719741906075648
567732427691683840
567801274293563393
567813839539159040
567821292797186048
567851275599110144
568109963509415936
568216196132302848
568266994069295105
568364074427420672
568403209766744064
568431125502144512
568487688510287873
568679098920206337
568760152129720320
568855390462603264
568917429033652226
569006044782800896
569180541662027779
569188967180058625
569248898071580672
569308168364425216
569496919036305408
569529128585555968
569532566610571265
569636003473793024
569640141989552128
569650273091584000
569661113593425920
569677478077136897
569683240828723201
569686415665025024
569709992175116288
569719741906075648
567732427691683840
567801274293563393
567813839539159040
567821292797186048
567851275599110144
568109963509415936
568216196132302848
568266994069295105
568364074427420672
568403209766744064
568431125502144512
568487688510287873
568679098920206337
568760152129720320
568855390462603264
568917429033652226
569006044782800896
569180541662027779
569188967180058625
569248898071580672
569308168364425216
569496919036305408
569529128585555968
569532566610571265
569636003473793024
569640141989552128
569650273091584000
569661113593425920
569677478077136897
569683240828723201
569686415665025024
569709992175116288
569719741906075648
569936273227427840
569988016074149889
569995514558550016
570074976428158976
570116209263427584
570152557475028992
570280782373228544
570284054605639683
567732427691683840
567801274293563393
567813839539159040
567821292797186048
567851275599110144
568109963509415936
568216196132302848
568266994069295105
568364074427420672
568403209766744064
568431125502144512
568487688510287873
568679098920206337
568760152129720320
568855390462603264
568917429033652226
569006044782800896
569180541662027779
569188967180058625
569248898071580672
569308168364425216
569496919036305408
569529128585555968
569532566610571265
569636003473793024
569640141989552128
569650273091584000
569661113593425920
569677478077136897
569683240828723201
569686415665025024
569709992175116288
569719741906075648
569936273227427840
569988016074149889
569995514558550016
570074976428158976
570116209263427584
570152557475028992
570280782373228544
570284054605639683
567732427691683840
567801274293563393
567813839539159040
567821292797186048
567851275599110144
568109963509415936
568216196132302848
568266994069295105
568364074427420672
568403209766744064
568431125502144512
568487688510287873
568679098920206337
568760152129720320
568855390462603264
568917429033652226
569006044782800896
569180541662027779
569188967180058625
569248898071580672
569308168364425216
569496919036305408
569529128585555968
569532566610571265
569636003473793024
569640141989552128
569650273091584000
569661113593425920
569677478077136897
569683240828723201
569686415665025024
569709992175116288
569719741906075648
569936273227427840
569988016074149889
569995514558550016
570074976428158976
570116209263427584
570152557475028992
570280782373228544
570284054605639683
567732427691683840
567801274293563393
567813839539159040
567821292797186048
567851275599110144
568109963509415936
568216196132302848
568266994069295105
568364074427420672
568403209766744064
568431125502144512
568487688510287873
568679098920206337
568760152129720320
568855390462603264
568917429033652226
569006044782800896
569180541662027779
569188967180058625
569248898071580672
569308168364425216
569496919036305408
569529128585555968
569532566610571265
569636003473793024
569640141989552128
569650273091584000
569661113593425920
569677478077136897
569683240828723201
569686415665025024
569709992175116288
569719741906075648
569936273227427840
569988016074149889
569995514558550016
570074976428158976
570116209263427584
570152557475028992
570280782373228544
570284054605639683
567732427691683840
567801274293563393
567813839539159040
567821292797186048
567851275599110144
568109963509415936
568216196132302848
568266994069295105
568364074427420672
568403209766744064
568431125502144512
568487688510287873
568679098920206337
568760152129720320
568855390462603264
568917429033652226
569006044782800896
569180541662027779
569188967180058625
569248898071580672
569308168364425216
569496919036305408
569529128585555968
569532566610571265
569636003473793024
569640141989552128
569650273091584000
569661113593425920
569677478077136897
569683240828723201
569686415665025024
569709992175116288
569719741906075648
569936273227427840
569988016074149889
569995514558550016
570074976428158976
570116209263427584
570152557475028992
570280782373228544
570284054605639683
567732427691683840
567801274293563393
567813839539159040
567821292797186048
567851275599110144
568109963509415936
568216196132302848
568266994069295105
568364074427420672
568403209766744064
568431125502144512
568487688510287873
568679098920206337
568760152129720320
568855390462603264
568917429033652226
569006044782800896
569180541662027779
569188967180058625
569248898071580672
569308168364425216
569496919036305408
569529128585555968
569532566610571265
569636003473793024
569640141989552128
569650273091584000
569661113593425920
569677478077136897
569683240828723201
569686415665025024
569709992175116288
569719741906075648
569936273227427840
569988016074149889
569995514558550016
570074976428158976
570116209263427584
570152557475028992
570280782373228544
570284054605639683
