567790572833103872
568165349004316672
568377318822912000
569366889719304192
569646538814824449
569723864252424193
567790572833103872
568165349004316672
568377318822912000
569366889719304192
569646538814824449
569723864252424193
567790572833103872
568165349004316672
568377318822912000
569366889719304192
569646538814824449
569723864252424193
569910299983130625
569971648876584960
567790572833103872
568165349004316672
568377318822912000
569366889719304192
569646538814824449
569723864252424193
569910299983130625
569971648876584960
567790572833103872
568165349004316672
568377318822912000
569366889719304192
569646538814824449
569723864252424193
569910299983130625
569971648876584960
567790572833103872
568165349004316672
568377318822912000
569366889719304192
569646538814824449
569723864252424193
569910299983130625
569971648876584960
567790572833103872
568165349004316672
568377318822912000
569366889719304192
569646538814824449
569723864252424193
569910299983130625
569971648876584960
567790572833103872
568165349004316672
568377318822912000
569366889719304192
569646538814824449
569723864252424193
569910299983130625
569971648876584960
