567725588937728000
567728057700876288
567736717352763394
567736870365171713
567769337256484864
567802653078728705
567865403101298688
567886909516685312
567916798747619328
568011684067078144
568070439945306112
568084495078785024
568090924141703169
568171538324840449
568253266456395776
568439319779790848
568483773467262976
568486436355346432
568512847178645505
568551937185951744
568595620002279424
568611700674584576
568624487031132162
568643981258723328
568654382620782592
568759027775225856
568760648135544832
568828959879790592
568873031428415489
568921163901984768
568963218703564800
569132950006185985
569168016136495104
569168696083656705
569200932577280000
569242111100514305
569243185832169472
569245091602124800
569268751008436224
569283511192051712
569298147144556544
569298712247312384
569304100048912384
569308255966666753
569323555365752833
569332086345220096
569343070849740801
569368160291463168
569369416963633152
569392511732588544
569433059168260096
569527975252766720
569570819757752320
569613473845542912
569617906390052865
569634833917452288
569635939422593024
569651470615887872
569661662648610816
569668644529147904
569680659288969218
569682667362344960
569692835907129345
569700953164615681
569710389757419520
569711253490409473
569729657248985089
569744079027896320
569753036014247936
567725588937728000
567728057700876288
567736717352763394
567736870365171713
567769337256484864
567802653078728705
567865403101298688
567886909516685312
567916798747619328
568011684067078144
568070439945306112
568084495078785024
568090924141703169
568171538324840449
568253266456395776
568439319779790848
568483773467262976
568486436355346432
568512847178645505
568551937185951744
568595620002279424
568611700674584576
568624487031132162
568643981258723328
568654382620782592
568759027775225856
568760648135544832
568828959879790592
568873031428415489
568921163901984768
568963218703564800
569132950006185985
569168016136495104
569168696083656705
569200932577280000
569242111100514305
569243185832169472
569245091602124800
569268751008436224
569283511192051712
569298147144556544
569298712247312384
569304100048912384
569308255966666753
569323555365752833
569332086345220096
569343070849740801
569368160291463168
569369416963633152
569392511732588544
569433059168260096
569527975252766720
569570819757752320
569613473845542912
569617906390052865
569634833917452288
569635939422593024
569651470615887872
569661662648610816
569668644529147904
569680659288969218
569682667362344960
569692835907129345
569700953164615681
569710389757419520
569711253490409473
569729657248985089
569744079027896320
569753036014247936
567725588937728000
567728057700876288
567736717352763394
567736870365171713
567769337256484864
567802653078728705
567865403101298688
567886909516685312
567916798747619328
568011684067078144
568070439945306112
568084495078785024
568090924141703169
568171538324840449
568253266456395776
568439319779790848
568483773467262976
568486436355346432
568512847178645505
568551937185951744
568595620002279424
568611700674584576
568624487031132162
568643981258723328
568654382620782592
568759027775225856
568760648135544832
568828959879790592
568873031428415489
568921163901984768
568963218703564800
569132950006185985
569168016136495104
569168696083656705
569200932577280000
569242111100514305
569243185832169472
569245091602124800
569268751008436224
569283511192051712
569298147144556544
569298712247312384
569304100048912384
569308255966666753
569323555365752833
569332086345220096
569343070849740801
569368160291463168
569369416963633152
569392511732588544
569433059168260096
569527975252766720
569570819757752320
569613473845542912
569617906390052865
569634833917452288
569635939422593024
569651470615887872
569661662648610816
569668644529147904
569680659288969218
569682667362344960
569692835907129345
569700953164615681
569710389757419520
569711253490409473
569729657248985089
569744079027896320
569753036014247936
569851605358669824
569861240375386112
569862271968669697
569863194929471488
569887742479486976
569889391633518592
569890311608111105
569890695902662657
569891790343569408
569901802994454528
569902743135117314
569905258715082753
569905773276307457
569907031693520896
569908781720702976
569914369905201153
569927263040315392
569936014094897152
569938090510454784
569946921265184768
569958349514485760
569983587572789248
569989034501500928
570009008817500160
570014884651380736
570017867342725121
570085229576265728
570195799256072193
570195970610348032
570280637946421249
570281232287731712
570289584061480960
570293661377961984
570298036938772483
570301488192458752
570304445336178688
567725588937728000
567728057700876288
567736717352763394
567736870365171713
567769337256484864
567802653078728705
567865403101298688
567886909516685312
567916798747619328
568011684067078144
568070439945306112
568084495078785024
568090924141703169
568171538324840449
568253266456395776
568439319779790848
568483773467262976
568486436355346432
568512847178645505
568551937185951744
568595620002279424
568611700674584576
568624487031132162
568643981258723328
568654382620782592
568759027775225856
568760648135544832
568828959879790592
568873031428415489
568921163901984768
568963218703564800
569132950006185985
569168016136495104
569168696083656705
569200932577280000
569242111100514305
569243185832169472
569245091602124800
569268751008436224
569283511192051712
569298147144556544
569298712247312384
569304100048912384
569308255966666753
569323555365752833
569332086345220096
569343070849740801
569368160291463168
569369416963633152
569392511732588544
569433059168260096
569527975252766720
569570819757752320
569613473845542912
569617906390052865
569634833917452288
569635939422593024
569651470615887872
569661662648610816
569668644529147904
569680659288969218
569682667362344960
569692835907129345
569700953164615681
569710389757419520
569711253490409473
569729657248985089
569744079027896320
569753036014247936
569851605358669824
569861240375386112
569862271968669697
569863194929471488
569887742479486976
569889391633518592
569890311608111105
569890695902662657
569891790343569408
569901802994454528
569902743135117314
569905258715082753
569905773276307457
569907031693520896
569908781720702976
569914369905201153
569927263040315392
569936014094897152
569938090510454784
569946921265184768
569958349514485760
569983587572789248
569989034501500928
570009008817500160
570014884651380736
570017867342725121
570085229576265728
570195799256072193
570195970610348032
570280637946421249
570281232287731712
570289584061480960
570293661377961984
570298036938772483
570301488192458752
570304445336178688
567725588937728000
567728057700876288
567736717352763394
567736870365171713
567769337256484864
567802653078728705
567865403101298688
567886909516685312
567916798747619328
568011684067078144
568070439945306112
568084495078785024
568090924141703169
568171538324840449
568253266456395776
568439319779790848
568483773467262976
568486436355346432
568512847178645505
568551937185951744
568595620002279424
568611700674584576
568624487031132162
568643981258723328
568654382620782592
568759027775225856
568760648135544832
568828959879790592
568873031428415489
568921163901984768
568963218703564800
569132950006185985
569168016136495104
569168696083656705
569200932577280000
569242111100514305
569243185832169472
569245091602124800
569268751008436224
569283511192051712
569298147144556544
569298712247312384
569304100048912384
569308255966666753
569323555365752833
569332086345220096
569343070849740801
569368160291463168
569369416963633152
569392511732588544
569433059168260096
569527975252766720
569570819757752320
569613473845542912
569617906390052865
569634833917452288
569635939422593024
569651470615887872
569661662648610816
569668644529147904
569680659288969218
569682667362344960
569692835907129345
569700953164615681
569710389757419520
569711253490409473
569729657248985089
569744079027896320
569753036014247936
569851605358669824
569861240375386112
569862271968669697
569863194929471488
569887742479486976
569889391633518592
569890311608111105
569890695902662657
569891790343569408
569901802994454528
569902743135117314
569905258715082753
569905773276307457
569907031693520896
569908781720702976
569914369905201153
569927263040315392
569936014094897152
569938090510454784
569946921265184768
569958349514485760
569983587572789248
569989034501500928
570009008817500160
570014884651380736
570017867342725121
570085229576265728
570195799256072193
570195970610348032
570280637946421249
570281232287731712
570289584061480960
570293661377961984
570298036938772483
570301488192458752
570304445336178688
567725588937728000
567728057700876288
567736717352763394
567736870365171713
567769337256484864
567802653078728705
567865403101298688
567886909516685312
567916798747619328
568011684067078144
568070439945306112
568084495078785024
568090924141703169
568171538324840449
568253266456395776
568439319779790848
568483773467262976
568486436355346432
568512847178645505
568551937185951744
568595620002279424
568611700674584576
568624487031132162
568643981258723328
568654382620782592
568759027775225856
568760648135544832
568828959879790592
568873031428415489
568921163901984768
568963218703564800
569132950006185985
569168016136495104
569168696083656705
569200932577280000
569242111100514305
569243185832169472
569245091602124800
569268751008436224
569283511192051712
569298147144556544
569298712247312384
569304100048912384
569308255966666753
569323555365752833
569332086345220096
569343070849740801
569368160291463168
569369416963633152
569392511732588544
569433059168260096
569527975252766720
569570819757752320
569613473845542912
569617906390052865
569634833917452288
569635939422593024
569651470615887872
569661662648610816
569668644529147904
569680659288969218
569682667362344960
569692835907129345
569700953164615681
569710389757419520
569711253490409473
569729657248985089
569744079027896320
569753036014247936
569851605358669824
569861240375386112
569862271968669697
569863194929471488
569887742479486976
569889391633518592
569890311608111105
569890695902662657
569891790343569408
569901802994454528
569902743135117314
569905258715082753
569905773276307457
569907031693520896
569908781720702976
569914369905201153
569927263040315392
569936014094897152
569938090510454784
569946921265184768
569958349514485760
569983587572789248
569989034501500928
570009008817500160
570014884651380736
570017867342725121
570085229576265728
570195799256072193
570195970610348032
570280637946421249
570281232287731712
570289584061480960
570293661377961984
570298036938772483
570301488192458752
570304445336178688
567725588937728000
567728057700876288
567736717352763394
567736870365171713
567769337256484864
567802653078728705
567865403101298688
567886909516685312
567916798747619328
568011684067078144
568070439945306112
568084495078785024
568090924141703169
568171538324840449
568253266456395776
568439319779790848
568483773467262976
568486436355346432
568512847178645505
568551937185951744
568595620002279424
568611700674584576
568624487031132162
568643981258723328
568654382620782592
568759027775225856
568760648135544832
568828959879790592
568873031428415489
568921163901984768
568963218703564800
569132950006185985
569168016136495104
569168696083656705
569200932577280000
569242111100514305
569243185832169472
569245091602124800
569268751008436224
569283511192051712
569298147144556544
569298712247312384
569304100048912384
569308255966666753
569323555365752833
569332086345220096
569343070849740801
569368160291463168
569369416963633152
569392511732588544
569433059168260096
569527975252766720
569570819757752320
569613473845542912
569617906390052865
569634833917452288
569635939422593024
569651470615887872
569661662648610816
569668644529147904
569680659288969218
569682667362344960
569692835907129345
569700953164615681
569710389757419520
569711253490409473
569729657248985089
569744079027896320
569753036014247936
569851605358669824
569861240375386112
569862271968669697
569863194929471488
569887742479486976
569889391633518592
569890311608111105
569890695902662657
569891790343569408
569901802994454528
569902743135117314
569905258715082753
569905773276307457
569907031693520896
569908781720702976
569914369905201153
569927263040315392
569936014094897152
569938090510454784
569946921265184768
569958349514485760
569983587572789248
569989034501500928
570009008817500160
570014884651380736
570017867342725121
570085229576265728
570195799256072193
570195970610348032
570280637946421249
570281232287731712
570289584061480960
570293661377961984
570298036938772483
570301488192458752
570304445336178688
567725588937728000
567728057700876288
567736717352763394
567736870365171713
567769337256484864
567802653078728705
567865403101298688
567886909516685312
567916798747619328
568011684067078144
568070439945306112
568084495078785024
568090924141703169
568171538324840449
568253266456395776
568439319779790848
568483773467262976
568486436355346432
568512847178645505
568551937185951744
568595620002279424
568611700674584576
568624487031132162
568643981258723328
568654382620782592
568759027775225856
568760648135544832
568828959879790592
568873031428415489
568921163901984768
568963218703564800
569132950006185985
569168016136495104
569168696083656705
569200932577280000
569242111100514305
569243185832169472
569245091602124800
569268751008436224
569283511192051712
569298147144556544
569298712247312384
569304100048912384
569308255966666753
569323555365752833
569332086345220096
569343070849740801
569368160291463168
569369416963633152
569392511732588544
569433059168260096
569527975252766720
569570819757752320
569613473845542912
569617906390052865
569634833917452288
569635939422593024
569651470615887872
569661662648610816
569668644529147904
569680659288969218
569682667362344960
569692835907129345
569700953164615681
569710389757419520
569711253490409473
569729657248985089
569744079027896320
569753036014247936
569851605358669824
569861240375386112
569862271968669697
569863194929471488
569887742479486976
569889391633518592
569890311608111105
569890695902662657
569891790343569408
569901802994454528
569902743135117314
569905258715082753
569905773276307457
569907031693520896
569908781720702976
569914369905201153
569927263040315392
569936014094897152
569938090510454784
569946921265184768
569958349514485760
569983587572789248
569989034501500928
570009008817500160
570014884651380736
570017867342725121
570085229576265728
570195799256072193
570195970610348032
570280637946421249
570281232287731712
570289584061480960
570293661377961984
570298036938772483
570301488192458752
570304445336178688
