567897182545686528
567903653933101056
568163426343784448
568463244035289088
568795462125428736
568802305606361089
568807928154558464
568896751102533632
568903773491306496
569305113589714944
569306302964506624
569482685061554176
569690693888663552
569738487269756928
569753797704024065
567897182545686528
567903653933101056
568163426343784448
568463244035289088
568795462125428736
568802305606361089
568807928154558464
568896751102533632
568903773491306496
569305113589714944
569306302964506624
569482685061554176
569690693888663552
569738487269756928
569753797704024065
567897182545686528
567903653933101056
568163426343784448
568463244035289088
568795462125428736
568802305606361089
568807928154558464
568896751102533632
568903773491306496
569305113589714944
569306302964506624
569482685061554176
569690693888663552
569738487269756928
569753797704024065
569920090440916994
570208172289474560
570251671265083393
570291066466897921
570296572375900160
567897182545686528
567903653933101056
568163426343784448
568463244035289088
568795462125428736
568802305606361089
568807928154558464
568896751102533632
568903773491306496
569305113589714944
569306302964506624
569482685061554176
569690693888663552
569738487269756928
569753797704024065
569920090440916994
570208172289474560
570251671265083393
570291066466897921
570296572375900160
567897182545686528
567903653933101056
568163426343784448
568463244035289088
568795462125428736
568802305606361089
568807928154558464
568896751102533632
568903773491306496
569305113589714944
569306302964506624
569482685061554176
569690693888663552
569738487269756928
569753797704024065
569920090440916994
570208172289474560
570251671265083393
570291066466897921
570296572375900160
567897182545686528
567903653933101056
568163426343784448
568463244035289088
568795462125428736
568802305606361089
568807928154558464
568896751102533632
568903773491306496
569305113589714944
569306302964506624
569482685061554176
569690693888663552
569738487269756928
569753797704024065
569920090440916994
570208172289474560
570251671265083393
570291066466897921
570296572375900160
567897182545686528
567903653933101056
568163426343784448
568463244035289088
568795462125428736
568802305606361089
568807928154558464
568896751102533632
568903773491306496
569305113589714944
569306302964506624
569482685061554176
569690693888663552
569738487269756928
569753797704024065
569920090440916994
570208172289474560
570251671265083393
570291066466897921
570296572375900160
567897182545686528
567903653933101056
568163426343784448
568463244035289088
568795462125428736
568802305606361089
568807928154558464
568896751102533632
568903773491306496
569305113589714944
569306302964506624
569482685061554176
569690693888663552
569738487269756928
569753797704024065
569920090440916994
570208172289474560
570251671265083393
570291066466897921
570296572375900160
