567718292530688000
567894808439570433
568037880859222016
568166195758829568
568180868126150656
568188595456118785
568195153464143872
568441968327573504
568527517910319104
568537219822010368
568568900767653889
568611819864117248
568752061682208768
568762437832478720
568795462125428736
568825255604699136
568826225621405696
568829906584346624
568903479722246144
568913346675613696
568919230671794176
568971802015170560
568977696786673664
569128660101427200
569202179476754432
569244956663148544
569269594386526209
569306871242366977
569346960181870592
569507060209090561
569512447717085185
569523231524319232
569587157574135808
569591642367401984
569607647051317249
569630712233627648
569650423318982657
569658725016809472
569666428388958209
569666838340210689
569669669948424192
567718292530688000
567894808439570433
568037880859222016
568166195758829568
568180868126150656
568188595456118785
568195153464143872
568441968327573504
568527517910319104
568537219822010368
568568900767653889
568611819864117248
568752061682208768
568762437832478720
568795462125428736
568825255604699136
568826225621405696
568829906584346624
568903479722246144
568913346675613696
568919230671794176
568971802015170560
568977696786673664
569128660101427200
569202179476754432
569244956663148544
569269594386526209
569306871242366977
569346960181870592
569507060209090561
569512447717085185
569523231524319232
569587157574135808
569591642367401984
569607647051317249
569630712233627648
569650423318982657
569658725016809472
569666428388958209
569666838340210689
569669669948424192
569839216512917504
567718292530688000
567894808439570433
568037880859222016
568166195758829568
568180868126150656
568188595456118785
568195153464143872
568441968327573504
568527517910319104
568537219822010368
568568900767653889
568611819864117248
568752061682208768
568762437832478720
568795462125428736
568825255604699136
568826225621405696
568829906584346624
568903479722246144
568913346675613696
568919230671794176
568971802015170560
568977696786673664
569128660101427200
569202179476754432
569244956663148544
569269594386526209
569306871242366977
569346960181870592
569507060209090561
569512447717085185
569523231524319232
569587157574135808
569591642367401984
569607647051317249
569630712233627648
569650423318982657
569658725016809472
569666428388958209
569666838340210689
569669669948424192
569839216512917504
569863871030292481
569868055502696449
569915550127800320
569919793572261888
569920618843521024
569932669288652800
569968565513625600
570008443626647552
570012706704662528
570078556711026688
570078733735821313
570090102195486722
570108724636831745
570229842626478081
570246963901427713
