567736717352763394
567754165904887810
567771662167179264
567807288192290816
568057346607460354
568059376474439680
568134058242400256
568164165090709504
568174975028465664
568206350804770816
568247978835578880
568423029371334656
568522744356212738
568536558279593985
568542896539873281
568595620002279424
568616603568492544
568656014481846272
568762393083449345
569200932577280000
569307466896424961
569328773876871168
569368160291463168
569495613173309441
569525875860905984
569535503827017730
569539000312188928
569589955837628416
569607918569410560
569616836884619264
569626174617485313
569634748177514496
569661662648610816
569670407709544448
569676333766328320
569693592597323776
569709870729068544
567736717352763394
567754165904887810
567771662167179264
567807288192290816
568057346607460354
568059376474439680
568134058242400256
568164165090709504
568174975028465664
568206350804770816
568247978835578880
568423029371334656
568522744356212738
568536558279593985
568542896539873281
568595620002279424
568616603568492544
568656014481846272
568762393083449345
569200932577280000
569307466896424961
569328773876871168
569368160291463168
569495613173309441
569525875860905984
569535503827017730
569539000312188928
569589955837628416
569607918569410560
569616836884619264
569626174617485313
569634748177514496
569661662648610816
569670407709544448
569676333766328320
569693592597323776
569709870729068544
567736717352763394
567754165904887810
567771662167179264
567807288192290816
568057346607460354
568059376474439680
568134058242400256
568164165090709504
568174975028465664
568206350804770816
568247978835578880
568423029371334656
568522744356212738
568536558279593985
568542896539873281
568595620002279424
568616603568492544
568656014481846272
568762393083449345
569200932577280000
569307466896424961
569328773876871168
569368160291463168
569495613173309441
569525875860905984
569535503827017730
569539000312188928
569589955837628416
569607918569410560
569616836884619264
569626174617485313
569634748177514496
569661662648610816
569670407709544448
569676333766328320
569693592597323776
569709870729068544
569863194929471488
569870837815205888
569890695902662657
569901802994454528
569908781720702976
569945085158264832
569958642411122688
569994012670734336
569994678155780096
570000614794489856
570005000643956736
570018892031991808
570036932270358528
570064927550889984
570086488324485121
570239272575315969
570277724385734656
570288667790594048
567736717352763394
567754165904887810
567771662167179264
567807288192290816
568057346607460354
568059376474439680
568134058242400256
568164165090709504
568174975028465664
568206350804770816
568247978835578880
568423029371334656
568522744356212738
568536558279593985
568542896539873281
568595620002279424
568616603568492544
568656014481846272
568762393083449345
569200932577280000
569307466896424961
569328773876871168
569368160291463168
569495613173309441
569525875860905984
569535503827017730
569539000312188928
569589955837628416
569607918569410560
569616836884619264
569626174617485313
569634748177514496
569661662648610816
569670407709544448
569676333766328320
569693592597323776
569709870729068544
569863194929471488
569870837815205888
569890695902662657
569901802994454528
569908781720702976
569945085158264832
569958642411122688
569994012670734336
569994678155780096
570000614794489856
570005000643956736
570018892031991808
570036932270358528
570064927550889984
570086488324485121
570239272575315969
570277724385734656
570288667790594048
567736717352763394
567754165904887810
567771662167179264
567807288192290816
568057346607460354
568059376474439680
568134058242400256
568164165090709504
568174975028465664
568206350804770816
568247978835578880
568423029371334656
568522744356212738
568536558279593985
568542896539873281
568595620002279424
568616603568492544
568656014481846272
568762393083449345
569200932577280000
569307466896424961
569328773876871168
569368160291463168
569495613173309441
569525875860905984
569535503827017730
569539000312188928
569589955837628416
569607918569410560
569616836884619264
569626174617485313
569634748177514496
569661662648610816
569670407709544448
569676333766328320
569693592597323776
569709870729068544
569863194929471488
569870837815205888
569890695902662657
569901802994454528
569908781720702976
569945085158264832
569958642411122688
569994012670734336
569994678155780096
570000614794489856
570005000643956736
570018892031991808
570036932270358528
570064927550889984
570086488324485121
570239272575315969
570277724385734656
570288667790594048
567736717352763394
567754165904887810
567771662167179264
567807288192290816
568057346607460354
568059376474439680
568134058242400256
568164165090709504
568174975028465664
568206350804770816
568247978835578880
568423029371334656
568522744356212738
568536558279593985
568542896539873281
568595620002279424
568616603568492544
568656014481846272
568762393083449345
569200932577280000
569307466896424961
569328773876871168
569368160291463168
569495613173309441
569525875860905984
569535503827017730
569539000312188928
569589955837628416
569607918569410560
569616836884619264
569626174617485313
569634748177514496
569661662648610816
569670407709544448
569676333766328320
569693592597323776
569709870729068544
569863194929471488
569870837815205888
569890695902662657
569901802994454528
569908781720702976
569945085158264832
569958642411122688
569994012670734336
569994678155780096
570000614794489856
570005000643956736
570018892031991808
570036932270358528
570064927550889984
570086488324485121
570239272575315969
570277724385734656
570288667790594048
567736717352763394
567754165904887810
567771662167179264
567807288192290816
568057346607460354
568059376474439680
568134058242400256
568164165090709504
568174975028465664
568206350804770816
568247978835578880
568423029371334656
568522744356212738
568536558279593985
568542896539873281
568595620002279424
568616603568492544
568656014481846272
568762393083449345
569200932577280000
569307466896424961
569328773876871168
569368160291463168
569495613173309441
569525875860905984
569535503827017730
569539000312188928
569589955837628416
569607918569410560
569616836884619264
569626174617485313
569634748177514496
569661662648610816
569670407709544448
569676333766328320
569693592597323776
569709870729068544
569863194929471488
569870837815205888
569890695902662657
569901802994454528
569908781720702976
569945085158264832
569958642411122688
569994012670734336
569994678155780096
570000614794489856
570005000643956736
570018892031991808
570036932270358528
570064927550889984
570086488324485121
570239272575315969
570277724385734656
570288667790594048
567736717352763394
567754165904887810
567771662167179264
567807288192290816
568057346607460354
568059376474439680
568134058242400256
568164165090709504
568174975028465664
568206350804770816
568247978835578880
568423029371334656
568522744356212738
568536558279593985
568542896539873281
568595620002279424
568616603568492544
568656014481846272
568762393083449345
569200932577280000
569307466896424961
569328773876871168
569368160291463168
569495613173309441
569525875860905984
569535503827017730
569539000312188928
569589955837628416
569607918569410560
569616836884619264
569626174617485313
569634748177514496
569661662648610816
569670407709544448
569676333766328320
569693592597323776
569709870729068544
569863194929471488
569870837815205888
569890695902662657
569901802994454528
569908781720702976
569945085158264832
569958642411122688
569994012670734336
569994678155780096
570000614794489856
570005000643956736
570018892031991808
570036932270358528
570064927550889984
570086488324485121
570239272575315969
570277724385734656
570288667790594048
