567821528424845312
567870045981929473
568155779225788416
568562718854111233
568845545986400256
567821528424845312
567870045981929473
568155779225788416
568562718854111233
568845545986400256
569823770308939776
567821528424845312
567870045981929473
568155779225788416
568562718854111233
568845545986400256
569823770308939776
567821528424845312
567870045981929473
568155779225788416
568562718854111233
568845545986400256
569823770308939776
567821528424845312
567870045981929473
568155779225788416
568562718854111233
568845545986400256
569823770308939776
567821528424845312
567870045981929473
568155779225788416
568562718854111233
568845545986400256
569823770308939776
567821528424845312
567870045981929473
568155779225788416
568562718854111233
568845545986400256
569823770308939776
567821528424845312
567870045981929473
568155779225788416
568562718854111233
568845545986400256
569823770308939776
