567702414157824000
567733228690083841
567733682879086592
567737803060940800
567742578561650688
567745016702181376
567765690589790208
567766329352921088
567767997981671424
567773009092812802
567776348828360707
567778009013178368
567786760287096832
567786807224705027
567801569157324800
567806898549051392
567807269707206657
567811142924656640
567811236231954433
567812687893262336
567812799767003136
567818783616954369
567822117237170178
567823459276877824
567825886449250304
567829088380919809
567830740373868544
567842366473834498
567842439911858176
567849520781893632
567853059419856896
567874275388043264
567883674462588929
567887437826908160
567897883875217408
567904569679880192
567907813126582272
567915499868131328
567969280752521216
567996668320346112
568008391773196288
568024213753364480
568044610955681793
568056811401703424
568062804697202688
568064545568092160
568066292114001921
568068942771695616
568075934609346560
568076399166140416
568083251866152960
568098977545134080
568111588546375680
568133754142793728
568139479237525505
568148213418455041
568153430776287233
568155954484797442
568157451729526784
568173388663013377
568180264914051072
568186803930464256
568192660923666433
568199122903293952
568239036533497856
568250452057427970
568275733736353792
568450712314753024
568474546275287040
568490780203065347
568490964173627393
568501367754661888
568503887113498625
568520126095441920
568532221180534784
568542661684015105
568544467944407040
568589551477886977
568591059602829314
568603024320434176
568607094426996738
568611966937214976
568619609101721601
568620349027323905
568624462863720448
568624528131125248
568626368373780481
568627869225766912
568751647809273856
568770352635121664
568793432900177920
568803598638796800
568804534845345792
568807894264578048
568820729879367680
568821261767303168
568822919633240064
568837168350699520
568843464361713664
568846499431337984
568870473934761985
568873474392854530
568881442438176769
568894224738856961
568896751102533632
568917054004334592
568955124300820480
568964974611193858
568969274410168321
568974423358726144
569009316490911745
569025401906794496
569033988855037952
569139808804605953
569196241252282368
569200619430420480
569211825218318336
569221440794271745
569223536507809792
569233434423353344
569238938042421249
569243229138202624
569252020474896385
569264951401054208
569267194028298241
569268243854192640
569273247252008961
569274195332325377
569277352129138688
569278644943757312
569316342769291264
569316516321202176
569322372995551232
569327066887401473
569330782537437184
569330919020093442
569333553705693184
569351618522705920
569359647699812353
569359788120907776
569361587032748032
569378568628674561
569387005131546624
569387453418762241
569388260633542657
569392471966388224
569418216935723008
569472446954389504
569496169652428800
569504232971362304
569505479795326977
569506361266085888
569509520034156544
569512252639981568
569517323180236800
569529813121290240
569544271017037824
569546763297796096
569546858122616833
569549401364029440
569552552297041920
569556399585402880
569556697603280897
569565393502793728
569569120951390209
569572707299299328
569575780864241664
569578016843669504
569578441508458496
569581828258078721
569588375037960192
569588816438169600
569592675638382592
569596445680115712
569600291290656768
569600599588630529
569601519663906819
569602645712769025
569605521050898433
569616573905936384
569617083194933248
569618829627666432
569619861879590912
569620354781425665
569628431236911104
569629990129520641
569631041603788800
569643388611330048
569644675352662016
569648753357037569
569654332246904832
569655420962238465
569657618576355328
569661596898709504
569663325383979008
569664191574859777
569664265218600960
569664668010225664
569666771717890048
569667955727818752
569670589646032896
569675861160386560
569677660890116096
569688256247427072
569689324595376128
569696663742365696
569697188508348416
569698944084680704
569699607707398146
569700068476866560
569700785824669696
569701377779183616
569714127792254976
569717632993263616
569718205524127745
569718492108230657
569720168160428032
569730304111325184
569730801480245248
569734868344684544
569745375713558528
569753041420865536
569762365572558848
569770867841839104
569779173461336065
569780060523261952
569803188901031936
569811225770479616
567702414157824000
567733228690083841
567733682879086592
567737803060940800
567742578561650688
567745016702181376
567765690589790208
567766329352921088
567767997981671424
567773009092812802
567776348828360707
567778009013178368
567786760287096832
567786807224705027
567801569157324800
567806898549051392
567807269707206657
567811142924656640
567811236231954433
567812687893262336
567812799767003136
567818783616954369
567822117237170178
567823459276877824
567825886449250304
567829088380919809
567830740373868544
567842366473834498
567842439911858176
567849520781893632
567853059419856896
567874275388043264
567883674462588929
567887437826908160
567897883875217408
567904569679880192
567907813126582272
567915499868131328
567969280752521216
567996668320346112
568008391773196288
568024213753364480
568044610955681793
568056811401703424
568062804697202688
568064545568092160
568066292114001921
568068942771695616
568075934609346560
568076399166140416
568083251866152960
568098977545134080
568111588546375680
568133754142793728
568139479237525505
568148213418455041
568153430776287233
568155954484797442
568157451729526784
568173388663013377
568180264914051072
568186803930464256
568192660923666433
568199122903293952
568239036533497856
568250452057427970
568275733736353792
568450712314753024
568474546275287040
568490780203065347
568490964173627393
568501367754661888
568503887113498625
568520126095441920
568532221180534784
568542661684015105
568544467944407040
568589551477886977
568591059602829314
568603024320434176
568607094426996738
568611966937214976
568619609101721601
568620349027323905
568624462863720448
568624528131125248
568626368373780481
568627869225766912
568751647809273856
568770352635121664
568793432900177920
568803598638796800
568804534845345792
568807894264578048
568820729879367680
568821261767303168
568822919633240064
568837168350699520
568843464361713664
568846499431337984
568870473934761985
568873474392854530
568881442438176769
568894224738856961
568896751102533632
568917054004334592
568955124300820480
568964974611193858
568969274410168321
568974423358726144
569009316490911745
569025401906794496
569033988855037952
569139808804605953
569196241252282368
569200619430420480
569211825218318336
569221440794271745
569223536507809792
569233434423353344
569238938042421249
569243229138202624
569252020474896385
569264951401054208
569267194028298241
569268243854192640
569273247252008961
569274195332325377
569277352129138688
569278644943757312
569316342769291264
569316516321202176
569322372995551232
569327066887401473
569330782537437184
569330919020093442
569333553705693184
569351618522705920
569359647699812353
569359788120907776
569361587032748032
569378568628674561
569387005131546624
569387453418762241
569388260633542657
569392471966388224
569418216935723008
569472446954389504
569496169652428800
569504232971362304
569505479795326977
569506361266085888
569509520034156544
569512252639981568
569517323180236800
569529813121290240
569544271017037824
569546763297796096
569546858122616833
569549401364029440
569552552297041920
569556399585402880
569556697603280897
569565393502793728
569569120951390209
569572707299299328
569575780864241664
569578016843669504
569578441508458496
569581828258078721
569588375037960192
569588816438169600
569592675638382592
569596445680115712
569600291290656768
569600599588630529
569601519663906819
569602645712769025
569605521050898433
569616573905936384
569617083194933248
569618829627666432
569619861879590912
569620354781425665
569628431236911104
569629990129520641
569631041603788800
569643388611330048
569644675352662016
569648753357037569
569654332246904832
569655420962238465
569657618576355328
569661596898709504
569663325383979008
569664191574859777
569664265218600960
569664668010225664
569666771717890048
569667955727818752
569670589646032896
569675861160386560
569677660890116096
569688256247427072
569689324595376128
569696663742365696
569697188508348416
569698944084680704
569699607707398146
569700068476866560
569700785824669696
569701377779183616
569714127792254976
569717632993263616
569718205524127745
569718492108230657
569720168160428032
569730304111325184
569730801480245248
569734868344684544
569745375713558528
569753041420865536
569762365572558848
569770867841839104
569779173461336065
569780060523261952
569803188901031936
569811225770479616
569841224221392897
567702414157824000
567733228690083841
567733682879086592
567737803060940800
567742578561650688
567745016702181376
567765690589790208
567766329352921088
567767997981671424
567773009092812802
567776348828360707
567778009013178368
567786760287096832
567786807224705027
567801569157324800
567806898549051392
567807269707206657
567811142924656640
567811236231954433
567812687893262336
567812799767003136
567818783616954369
567822117237170178
567823459276877824
567825886449250304
567829088380919809
567830740373868544
567842366473834498
567842439911858176
567849520781893632
567853059419856896
567874275388043264
567883674462588929
567887437826908160
567897883875217408
567904569679880192
567907813126582272
567915499868131328
567969280752521216
567996668320346112
568008391773196288
568024213753364480
568044610955681793
568056811401703424
568062804697202688
568064545568092160
568066292114001921
568068942771695616
568075934609346560
568076399166140416
568083251866152960
568098977545134080
568111588546375680
568133754142793728
568139479237525505
568148213418455041
568153430776287233
568155954484797442
568157451729526784
568173388663013377
568180264914051072
568186803930464256
568192660923666433
568199122903293952
568239036533497856
568250452057427970
568275733736353792
568450712314753024
568474546275287040
568490780203065347
568490964173627393
568501367754661888
568503887113498625
568520126095441920
568532221180534784
568542661684015105
568544467944407040
568589551477886977
568591059602829314
568603024320434176
568607094426996738
568611966937214976
568619609101721601
568620349027323905
568624462863720448
568624528131125248
568626368373780481
568627869225766912
568751647809273856
568770352635121664
568793432900177920
568803598638796800
568804534845345792
568807894264578048
568820729879367680
568821261767303168
568822919633240064
568837168350699520
568843464361713664
568846499431337984
568870473934761985
568873474392854530
568881442438176769
568894224738856961
568896751102533632
568917054004334592
568955124300820480
568964974611193858
568969274410168321
568974423358726144
569009316490911745
569025401906794496
569033988855037952
569139808804605953
569196241252282368
569200619430420480
569211825218318336
569221440794271745
569223536507809792
569233434423353344
569238938042421249
569243229138202624
569252020474896385
569264951401054208
569267194028298241
569268243854192640
569273247252008961
569274195332325377
569277352129138688
569278644943757312
569316342769291264
569316516321202176
569322372995551232
569327066887401473
569330782537437184
569330919020093442
569333553705693184
569351618522705920
569359647699812353
569359788120907776
569361587032748032
569378568628674561
569387005131546624
569387453418762241
569388260633542657
569392471966388224
569418216935723008
569472446954389504
569496169652428800
569504232971362304
569505479795326977
569506361266085888
569509520034156544
569512252639981568
569517323180236800
569529813121290240
569544271017037824
569546763297796096
569546858122616833
569549401364029440
569552552297041920
569556399585402880
569556697603280897
569565393502793728
569569120951390209
569572707299299328
569575780864241664
569578016843669504
569578441508458496
569581828258078721
569588375037960192
569588816438169600
569592675638382592
569596445680115712
569600291290656768
569600599588630529
569601519663906819
569602645712769025
569605521050898433
569616573905936384
569617083194933248
569618829627666432
569619861879590912
569620354781425665
569628431236911104
569629990129520641
569631041603788800
569643388611330048
569644675352662016
569648753357037569
569654332246904832
569655420962238465
569657618576355328
569661596898709504
569663325383979008
569664191574859777
569664265218600960
569664668010225664
569666771717890048
569667955727818752
569670589646032896
569675861160386560
569677660890116096
569688256247427072
569689324595376128
569696663742365696
569697188508348416
569698944084680704
569699607707398146
569700068476866560
569700785824669696
569701377779183616
569714127792254976
569717632993263616
569718205524127745
569718492108230657
569720168160428032
569730304111325184
569730801480245248
569734868344684544
569745375713558528
569753041420865536
569762365572558848
569770867841839104
569779173461336065
569780060523261952
569803188901031936
569811225770479616
569841224221392897
569857209745584129
569859213331189760
569860221755117568
569864689452077058
569868764495400960
569870445710671872
569887773953527808
569887819297992704
569887996071297024
569889440753172481
569898893262983169
569910765173362688
569911005557338113
569911528368926720
569913274218622977
569914641414905856
569915419018067968
569920760522764288
569920824905306113
569924654401495040
569927263040315392
569933882662916096
569938470589718528
569938945871626240
569939149756755968
569939458965032963
569940989403635712
569952282277773312
569956147433574401
569958642411122688
569958946636562433
569961398890991617
569962709057298432
569968117037707264
569968904409214976
569970626057801728
569972073201688576
569972250385862656
569980631548973057
569989661713666049
569992543875653633
569997350493663233
570002509906837504
570003111772692480
570009856851222529
570010703391825920
570013289188630529
570020255793352704
570022265343123456
570022715072983041
570023321904943105
570043820278050817
570050891929280512
570053912214024193
570059874480091136
570060997907447810
570080608996556800
570108801711341568
570108987284197376
570115286289899520
570121361953202178
570188684881821696
570208992439312384
570220053142097920
570240246719381504
570272309434564608
570287638084763648
570296572375900160
570296670568751106
570309145276125185
