567789001374183424
568148294087479296
569185842876571648
569229091657936896
569342909205647360
569484400594952192
569523231524319232
569607124772196352
569610542723309568
569627273407569920
569631350304731136
569724257879502848
567789001374183424
568148294087479296
569185842876571648
569229091657936896
569342909205647360
569484400594952192
569523231524319232
569607124772196352
569610542723309568
569627273407569920
569631350304731136
569724257879502848
567789001374183424
568148294087479296
569185842876571648
569229091657936896
569342909205647360
569484400594952192
569523231524319232
569607124772196352
569610542723309568
569627273407569920
569631350304731136
569724257879502848
569913288122765312
569981722470834176
569988078015815680
570247551368241153
567789001374183424
568148294087479296
569185842876571648
569229091657936896
569342909205647360
569484400594952192
569523231524319232
569607124772196352
569610542723309568
569627273407569920
569631350304731136
569724257879502848
569913288122765312
569981722470834176
569988078015815680
570247551368241153
567789001374183424
568148294087479296
569185842876571648
569229091657936896
569342909205647360
569484400594952192
569523231524319232
569607124772196352
569610542723309568
569627273407569920
569631350304731136
569724257879502848
569913288122765312
569981722470834176
569988078015815680
570247551368241153
567789001374183424
568148294087479296
569185842876571648
569229091657936896
569342909205647360
569484400594952192
569523231524319232
569607124772196352
569610542723309568
569627273407569920
569631350304731136
569724257879502848
569913288122765312
569981722470834176
569988078015815680
570247551368241153
567789001374183424
568148294087479296
569185842876571648
569229091657936896
569342909205647360
569484400594952192
569523231524319232
569607124772196352
569610542723309568
569627273407569920
569631350304731136
569724257879502848
569913288122765312
569981722470834176
569988078015815680
570247551368241153
567789001374183424
568148294087479296
569185842876571648
569229091657936896
569342909205647360
569484400594952192
569523231524319232
569607124772196352
569610542723309568
569627273407569920
569631350304731136
569724257879502848
569913288122765312
569981722470834176
569988078015815680
570247551368241153
