568244663154393088
568252787756302336
568272244792631296
568913819881205761
568997044406374400
569007993897013249
569605604416888832
569675498873159680
568244663154393088
568252787756302336
568272244792631296
568913819881205761
568997044406374400
569007993897013249
569605604416888832
569675498873159680
568244663154393088
568252787756302336
568272244792631296
568913819881205761
568997044406374400
569007993897013249
569605604416888832
569675498873159680
569901998780198912
570064927550889984
570110386827087872
570229176621510659
568244663154393088
568252787756302336
568272244792631296
568913819881205761
568997044406374400
569007993897013249
569605604416888832
569675498873159680
569901998780198912
570064927550889984
570110386827087872
570229176621510659
568244663154393088
568252787756302336
568272244792631296
568913819881205761
568997044406374400
569007993897013249
569605604416888832
569675498873159680
569901998780198912
570064927550889984
570110386827087872
570229176621510659
568244663154393088
568252787756302336
568272244792631296
568913819881205761
568997044406374400
569007993897013249
569605604416888832
569675498873159680
569901998780198912
570064927550889984
570110386827087872
570229176621510659
568244663154393088
568252787756302336
568272244792631296
568913819881205761
568997044406374400
569007993897013249
569605604416888832
569675498873159680
569901998780198912
570064927550889984
570110386827087872
570229176621510659
568244663154393088
568252787756302336
568272244792631296
568913819881205761
568997044406374400
569007993897013249
569605604416888832
569675498873159680
569901998780198912
570064927550889984
570110386827087872
570229176621510659
