567753872967528448
567778236026077185
567856486950576128
567897883875217408
568079446592385025
568259593773518848
568396205270691840
568447062976524288
568511208011071488
568533099908182016
568558478039625728
568632724078125056
568805751386288128
568823603627565056
568938647795314688
568940291530493952
569016065600008193
569120836264853505
569168436280098816
569176007225188352
569248000456970240
569273733334077440
569293965448458240
569318653792948226
569342608813793280
569366968446246912
569368621077692417
569510667612504065
569512408420622336
569532310716080129
569544528299995137
569551374867939328
569554815539290112
569558065516822528
569578942543372288
569600990430806017
569605452230754305
569611721054162945
569623164143185920
569644249337110528
569646184005894144
569650294746820609
569657725304610816
569661154638872576
569665707870285824
569666115477098496
569669815205560320
569678397158268929
569681019185573889
569692064511692801
569701794567163905
569713890138963968
567753872967528448
567778236026077185
567856486950576128
567897883875217408
568079446592385025
568259593773518848
568396205270691840
568447062976524288
568511208011071488
568533099908182016
568558478039625728
568632724078125056
568805751386288128
568823603627565056
568938647795314688
568940291530493952
569016065600008193
569120836264853505
569168436280098816
569176007225188352
569248000456970240
569273733334077440
569293965448458240
569318653792948226
569342608813793280
569366968446246912
569368621077692417
569510667612504065
569512408420622336
569532310716080129
569544528299995137
569551374867939328
569554815539290112
569558065516822528
569578942543372288
569600990430806017
569605452230754305
569611721054162945
569623164143185920
569644249337110528
569646184005894144
569650294746820609
569657725304610816
569661154638872576
569665707870285824
569666115477098496
569669815205560320
569678397158268929
569681019185573889
569692064511692801
569701794567163905
569713890138963968
569820790905970688
567753872967528448
567778236026077185
567856486950576128
567897883875217408
568079446592385025
568259593773518848
568396205270691840
568447062976524288
568511208011071488
568533099908182016
568558478039625728
568632724078125056
568805751386288128
568823603627565056
568938647795314688
568940291530493952
569016065600008193
569120836264853505
569168436280098816
569176007225188352
569248000456970240
569273733334077440
569293965448458240
569318653792948226
569342608813793280
569366968446246912
569368621077692417
569510667612504065
569512408420622336
569532310716080129
569544528299995137
569551374867939328
569554815539290112
569558065516822528
569578942543372288
569600990430806017
569605452230754305
569611721054162945
569623164143185920
569644249337110528
569646184005894144
569650294746820609
569657725304610816
569661154638872576
569665707870285824
569666115477098496
569669815205560320
569678397158268929
569681019185573889
569692064511692801
569701794567163905
569713890138963968
569820790905970688
569878990841901056
569901512190767105
569903120781852672
569951384390344704
569985288992264192
569997350493663233
570018285544206337
570152557475028992
570163259560452097
570256300556165122
570270444646850561
570281958556610560
570285578563891200
567753872967528448
567778236026077185
567856486950576128
567897883875217408
568079446592385025
568259593773518848
568396205270691840
568447062976524288
568511208011071488
568533099908182016
568558478039625728
568632724078125056
568805751386288128
568823603627565056
568938647795314688
568940291530493952
569016065600008193
569120836264853505
569168436280098816
569176007225188352
569248000456970240
569273733334077440
569293965448458240
569318653792948226
569342608813793280
569366968446246912
569368621077692417
569510667612504065
569512408420622336
569532310716080129
569544528299995137
569551374867939328
569554815539290112
569558065516822528
569578942543372288
569600990430806017
569605452230754305
569611721054162945
569623164143185920
569644249337110528
569646184005894144
569650294746820609
569657725304610816
569661154638872576
569665707870285824
569666115477098496
569669815205560320
569678397158268929
569681019185573889
569692064511692801
569701794567163905
569713890138963968
569820790905970688
569878990841901056
569901512190767105
569903120781852672
569951384390344704
569985288992264192
569997350493663233
570018285544206337
570152557475028992
570163259560452097
570256300556165122
570270444646850561
570281958556610560
570285578563891200
567753872967528448
567778236026077185
567856486950576128
567897883875217408
568079446592385025
568259593773518848
568396205270691840
568447062976524288
568511208011071488
568533099908182016
568558478039625728
568632724078125056
568805751386288128
568823603627565056
568938647795314688
568940291530493952
569016065600008193
569120836264853505
569168436280098816
569176007225188352
569248000456970240
569273733334077440
569293965448458240
569318653792948226
569342608813793280
569366968446246912
569368621077692417
569510667612504065
569512408420622336
569532310716080129
569544528299995137
569551374867939328
569554815539290112
569558065516822528
569578942543372288
569600990430806017
569605452230754305
569611721054162945
569623164143185920
569644249337110528
569646184005894144
569650294746820609
569657725304610816
569661154638872576
569665707870285824
569666115477098496
569669815205560320
569678397158268929
569681019185573889
569692064511692801
569701794567163905
569713890138963968
569820790905970688
569878990841901056
569901512190767105
569903120781852672
569951384390344704
569985288992264192
569997350493663233
570018285544206337
570152557475028992
570163259560452097
570256300556165122
570270444646850561
570281958556610560
570285578563891200
567753872967528448
567778236026077185
567856486950576128
567897883875217408
568079446592385025
568259593773518848
568396205270691840
568447062976524288
568511208011071488
568533099908182016
568558478039625728
568632724078125056
568805751386288128
568823603627565056
568938647795314688
568940291530493952
569016065600008193
569120836264853505
569168436280098816
569176007225188352
569248000456970240
569273733334077440
569293965448458240
569318653792948226
569342608813793280
569366968446246912
569368621077692417
569510667612504065
569512408420622336
569532310716080129
569544528299995137
569551374867939328
569554815539290112
569558065516822528
569578942543372288
569600990430806017
569605452230754305
569611721054162945
569623164143185920
569644249337110528
569646184005894144
569650294746820609
569657725304610816
569661154638872576
569665707870285824
569666115477098496
569669815205560320
569678397158268929
569681019185573889
569692064511692801
569701794567163905
569713890138963968
569820790905970688
569878990841901056
569901512190767105
569903120781852672
569951384390344704
569985288992264192
569997350493663233
570018285544206337
570152557475028992
570163259560452097
570256300556165122
570270444646850561
570281958556610560
570285578563891200
567753872967528448
567778236026077185
567856486950576128
567897883875217408
568079446592385025
568259593773518848
568396205270691840
568447062976524288
568511208011071488
568533099908182016
568558478039625728
568632724078125056
568805751386288128
568823603627565056
568938647795314688
568940291530493952
569016065600008193
569120836264853505
569168436280098816
569176007225188352
569248000456970240
569273733334077440
569293965448458240
569318653792948226
569342608813793280
569366968446246912
569368621077692417
569510667612504065
569512408420622336
569532310716080129
569544528299995137
569551374867939328
569554815539290112
569558065516822528
569578942543372288
569600990430806017
569605452230754305
569611721054162945
569623164143185920
569644249337110528
569646184005894144
569650294746820609
569657725304610816
569661154638872576
569665707870285824
569666115477098496
569669815205560320
569678397158268929
569681019185573889
569692064511692801
569701794567163905
569713890138963968
569820790905970688
569878990841901056
569901512190767105
569903120781852672
569951384390344704
569985288992264192
569997350493663233
570018285544206337
570152557475028992
570163259560452097
570256300556165122
570270444646850561
570281958556610560
570285578563891200
567753872967528448
567778236026077185
567856486950576128
567897883875217408
568079446592385025
568259593773518848
568396205270691840
568447062976524288
568511208011071488
568533099908182016
568558478039625728
568632724078125056
568805751386288128
568823603627565056
568938647795314688
568940291530493952
569016065600008193
569120836264853505
569168436280098816
569176007225188352
569248000456970240
569273733334077440
569293965448458240
569318653792948226
569342608813793280
569366968446246912
569368621077692417
569510667612504065
569512408420622336
569532310716080129
569544528299995137
569551374867939328
569554815539290112
569558065516822528
569578942543372288
569600990430806017
569605452230754305
569611721054162945
569623164143185920
569644249337110528
569646184005894144
569650294746820609
569657725304610816
569661154638872576
569665707870285824
569666115477098496
569669815205560320
569678397158268929
569681019185573889
569692064511692801
569701794567163905
569713890138963968
569820790905970688
569878990841901056
569901512190767105
569903120781852672
569951384390344704
569985288992264192
569997350493663233
570018285544206337
570152557475028992
570163259560452097
570256300556165122
570270444646850561
570281958556610560
570285578563891200
