568084495078785024
568249421877653505
568450642085171200
568484161356476416
568759027775225856
568832907525152769
568862015575461889
568876016216600576
569152201278525440
569233400592257024
569256374011428866
569338800452669440
569356513061556225
569433059168260096
569479404428120064
569492269000204288
569496793668591617
569496936157487104
569525116725567491
569525480178769920
569622568459636736
569631404306210816
569686415665025024
569689784517402625
569697267856187392
569701607144693760
568084495078785024
568249421877653505
568450642085171200
568484161356476416
568759027775225856
568832907525152769
568862015575461889
568876016216600576
569152201278525440
569233400592257024
569256374011428866
569338800452669440
569356513061556225
569433059168260096
569479404428120064
569492269000204288
569496793668591617
569496936157487104
569525116725567491
569525480178769920
569622568459636736
569631404306210816
569686415665025024
569689784517402625
569697267856187392
569701607144693760
568084495078785024
568249421877653505
568450642085171200
568484161356476416
568759027775225856
568832907525152769
568862015575461889
568876016216600576
569152201278525440
569233400592257024
569256374011428866
569338800452669440
569356513061556225
569433059168260096
569479404428120064
569492269000204288
569496793668591617
569496936157487104
569525116725567491
569525480178769920
569622568459636736
569631404306210816
569686415665025024
569689784517402625
569697267856187392
569701607144693760
569865838892691456
569887742479486976
569899709734752256
569935232033366017
569935592651411456
569937801942310913
569942656522047490
569946012988669954
569947001456070656
569970608693493760
570033719609827328
570062369096908801
570063683256242177
570072227942674432
570108801711341568
570137359787827201
570160120698679296
570238052943208450
570239952975482881
570281232287731712
568084495078785024
568249421877653505
568450642085171200
568484161356476416
568759027775225856
568832907525152769
568862015575461889
568876016216600576
569152201278525440
569233400592257024
569256374011428866
569338800452669440
569356513061556225
569433059168260096
569479404428120064
569492269000204288
569496793668591617
569496936157487104
569525116725567491
569525480178769920
569622568459636736
569631404306210816
569686415665025024
569689784517402625
569697267856187392
569701607144693760
569865838892691456
569887742479486976
569899709734752256
569935232033366017
569935592651411456
569937801942310913
569942656522047490
569946012988669954
569947001456070656
569970608693493760
570033719609827328
570062369096908801
570063683256242177
570072227942674432
570108801711341568
570137359787827201
570160120698679296
570238052943208450
570239952975482881
570281232287731712
568084495078785024
568249421877653505
568450642085171200
568484161356476416
568759027775225856
568832907525152769
568862015575461889
568876016216600576
569152201278525440
569233400592257024
569256374011428866
569338800452669440
569356513061556225
569433059168260096
569479404428120064
569492269000204288
569496793668591617
569496936157487104
569525116725567491
569525480178769920
569622568459636736
569631404306210816
569686415665025024
569689784517402625
569697267856187392
569701607144693760
569865838892691456
569887742479486976
569899709734752256
569935232033366017
569935592651411456
569937801942310913
569942656522047490
569946012988669954
569947001456070656
569970608693493760
570033719609827328
570062369096908801
570063683256242177
570072227942674432
570108801711341568
570137359787827201
570160120698679296
570238052943208450
570239952975482881
570281232287731712
568084495078785024
568249421877653505
568450642085171200
568484161356476416
568759027775225856
568832907525152769
568862015575461889
568876016216600576
569152201278525440
569233400592257024
569256374011428866
569338800452669440
569356513061556225
569433059168260096
569479404428120064
569492269000204288
569496793668591617
569496936157487104
569525116725567491
569525480178769920
569622568459636736
569631404306210816
569686415665025024
569689784517402625
569697267856187392
569701607144693760
569865838892691456
569887742479486976
569899709734752256
569935232033366017
569935592651411456
569937801942310913
569942656522047490
569946012988669954
569947001456070656
569970608693493760
570033719609827328
570062369096908801
570063683256242177
570072227942674432
570108801711341568
570137359787827201
570160120698679296
570238052943208450
570239952975482881
570281232287731712
568084495078785024
568249421877653505
568450642085171200
568484161356476416
568759027775225856
568832907525152769
568862015575461889
568876016216600576
569152201278525440
569233400592257024
569256374011428866
569338800452669440
569356513061556225
569433059168260096
569479404428120064
569492269000204288
569496793668591617
569496936157487104
569525116725567491
569525480178769920
569622568459636736
569631404306210816
569686415665025024
569689784517402625
569697267856187392
569701607144693760
569865838892691456
569887742479486976
569899709734752256
569935232033366017
569935592651411456
569937801942310913
569942656522047490
569946012988669954
569947001456070656
569970608693493760
570033719609827328
570062369096908801
570063683256242177
570072227942674432
570108801711341568
570137359787827201
570160120698679296
570238052943208450
570239952975482881
570281232287731712
568084495078785024
568249421877653505
568450642085171200
568484161356476416
568759027775225856
568832907525152769
568862015575461889
568876016216600576
569152201278525440
569233400592257024
569256374011428866
569338800452669440
569356513061556225
569433059168260096
569479404428120064
569492269000204288
569496793668591617
569496936157487104
569525116725567491
569525480178769920
569622568459636736
569631404306210816
569686415665025024
569689784517402625
569697267856187392
569701607144693760
569865838892691456
569887742479486976
569899709734752256
569935232033366017
569935592651411456
569937801942310913
569942656522047490
569946012988669954
569947001456070656
569970608693493760
570033719609827328
570062369096908801
570063683256242177
570072227942674432
570108801711341568
570137359787827201
570160120698679296
570238052943208450
570239952975482881
570281232287731712
