567886093749604353
567886700275310592
568037880859222016
568055509795901440
568068468261519360
568105481018822656
568198843034169344
568236691397279745
568274752864948224
568303293635522560
568471651114811393
568487509958774784
568616603568492544
568622676773703681
568644260129419264
568782761852596225
568959170730266624
568970614238617600
569152332765667328
569229142597771265
569229796401684480
569252759087685632
569262065988308993
569474700386045955
569559734199721984
569630183747153920
569635513138860032
569668144198848514
569693430902861824
567886093749604353
567886700275310592
568037880859222016
568055509795901440
568068468261519360
568105481018822656
568198843034169344
568236691397279745
568274752864948224
568303293635522560
568471651114811393
568487509958774784
568616603568492544
568622676773703681
568644260129419264
568782761852596225
568959170730266624
568970614238617600
569152332765667328
569229142597771265
569229796401684480
569252759087685632
569262065988308993
569474700386045955
569559734199721984
569630183747153920
569635513138860032
569668144198848514
569693430902861824
569836433931808768
567886093749604353
567886700275310592
568037880859222016
568055509795901440
568068468261519360
568105481018822656
568198843034169344
568236691397279745
568274752864948224
568303293635522560
568471651114811393
568487509958774784
568616603568492544
568622676773703681
568644260129419264
568782761852596225
568959170730266624
568970614238617600
569152332765667328
569229142597771265
569229796401684480
569252759087685632
569262065988308993
569474700386045955
569559734199721984
569630183747153920
569635513138860032
569668144198848514
569693430902861824
569836433931808768
569847788986462209
569916152283041792
569989661713666049
570023318251642883
570040903735373825
570197883716300800
