568105765442945024
568968480717983744
569649779090833408
568105765442945024
568968480717983744
569649779090833408
568105765442945024
568968480717983744
569649779090833408
570250443034640384
568105765442945024
568968480717983744
569649779090833408
570250443034640384
568105765442945024
568968480717983744
569649779090833408
570250443034640384
568105765442945024
568968480717983744
569649779090833408
570250443034640384
568105765442945024
568968480717983744
569649779090833408
570250443034640384
568105765442945024
568968480717983744
569649779090833408
570250443034640384
