569533159475277825
569611217301450752
569736434803978240
569533159475277825
569611217301450752
569736434803978240
569533159475277825
569611217301450752
569736434803978240
569910583694196736
570006886012973056
570219969717219328
569533159475277825
569611217301450752
569736434803978240
569910583694196736
570006886012973056
570219969717219328
569533159475277825
569611217301450752
569736434803978240
569910583694196736
570006886012973056
570219969717219328
569533159475277825
569611217301450752
569736434803978240
569910583694196736
570006886012973056
570219969717219328
569533159475277825
569611217301450752
569736434803978240
569910583694196736
570006886012973056
570219969717219328
569533159475277825
569611217301450752
569736434803978240
569910583694196736
570006886012973056
570219969717219328
