567738192426590209
567840923008237568
568045111189372928
568319110779514880
568462314388656128
568772912557133824
568807947423375360
568813649336381440
568898792247992320
569078309033803776
569204692401590273
569222729125253121
569255280275369984
569531484903772161
569571437389881344
569589379385008129
569682194236641282
569700922248581121
569743129928028160
569747170741465088
567738192426590209
567840923008237568
568045111189372928
568319110779514880
568462314388656128
568772912557133824
568807947423375360
568813649336381440
568898792247992320
569078309033803776
569204692401590273
569222729125253121
569255280275369984
569531484903772161
569571437389881344
569589379385008129
569682194236641282
569700922248581121
569743129928028160
569747170741465088
569837191540551680
569837686367744000
567738192426590209
567840923008237568
568045111189372928
568319110779514880
568462314388656128
568772912557133824
568807947423375360
568813649336381440
568898792247992320
569078309033803776
569204692401590273
569222729125253121
569255280275369984
569531484903772161
569571437389881344
569589379385008129
569682194236641282
569700922248581121
569743129928028160
569747170741465088
569837191540551680
569837686367744000
569846356409339906
569864610016321536
569911231705944064
569969506740674560
569988842335244289
569989007532142592
569989168903819264
570216406119157761
