567764034418909186
568605113457242112
568965309505380352
569330414193483776
569500787849728001
569572184768835585
567764034418909186
568605113457242112
568965309505380352
569330414193483776
569500787849728001
569572184768835585
567764034418909186
568605113457242112
568965309505380352
569330414193483776
569500787849728001
569572184768835585
567764034418909186
568605113457242112
568965309505380352
569330414193483776
569500787849728001
569572184768835585
567764034418909186
568605113457242112
568965309505380352
569330414193483776
569500787849728001
569572184768835585
567764034418909186
568605113457242112
568965309505380352
569330414193483776
569500787849728001
569572184768835585
567764034418909186
568605113457242112
568965309505380352
569330414193483776
569500787849728001
569572184768835585
567764034418909186
568605113457242112
568965309505380352
569330414193483776
569500787849728001
569572184768835585
