567859601900740609
567900456460165120
567916798747619328
567947943593926657
568104744025268224
568112076549451776
568128236649095168
568178355452792832
568289529561518080
568556874439790594
568573387817291776
568823990321598465
568824821531996162
568868944557133825
568952850908213248
568953095423705088
568963218703564800
569007993897013249
569181132685574144
569322078819766272
569487598709817344
569508336594505728
569595015518793730
569607719713288192
569612035585155073
569616424995409921
569617808885096448
569628172842479616
569642742852268032
569664636179476480
569671413671591937
569683780593545218
569716908787933184
569719540520628224
569727135717281792
569727223357427712
569729072697352192
567859601900740609
567900456460165120
567916798747619328
567947943593926657
568104744025268224
568112076549451776
568128236649095168
568178355452792832
568289529561518080
568556874439790594
568573387817291776
568823990321598465
568824821531996162
568868944557133825
568952850908213248
568953095423705088
568963218703564800
569007993897013249
569181132685574144
569322078819766272
569487598709817344
569508336594505728
569595015518793730
569607719713288192
569612035585155073
569616424995409921
569617808885096448
569628172842479616
569642742852268032
569664636179476480
569671413671591937
569683780593545218
569716908787933184
569719540520628224
569727135717281792
569727223357427712
569729072697352192
569835633147056128
567859601900740609
567900456460165120
567916798747619328
567947943593926657
568104744025268224
568112076549451776
568128236649095168
568178355452792832
568289529561518080
568556874439790594
568573387817291776
568823990321598465
568824821531996162
568868944557133825
568952850908213248
568953095423705088
568963218703564800
569007993897013249
569181132685574144
569322078819766272
569487598709817344
569508336594505728
569595015518793730
569607719713288192
569612035585155073
569616424995409921
569617808885096448
569628172842479616
569642742852268032
569664636179476480
569671413671591937
569683780593545218
569716908787933184
569719540520628224
569727135717281792
569727223357427712
569729072697352192
569835633147056128
569857805483675648
569864610016321536
569878117583622145
569888762982850560
569890695902662657
569917431059099648
569932207311048705
570019623078383616
570040411206631424
570135557151580160
570150741022617600
570193870769811456
570222998919225344
570256329543012352
570264481772777472
570294460476760064
