568165339290169344
568248245563969536
568478204190720000
568752875205238784
569224824066842624
569237713016229888
569275466936397825
569288008144330752
569619205298855936
568165339290169344
568248245563969536
568478204190720000
568752875205238784
569224824066842624
569237713016229888
569275466936397825
569288008144330752
569619205298855936
568165339290169344
568248245563969536
568478204190720000
568752875205238784
569224824066842624
569237713016229888
569275466936397825
569288008144330752
569619205298855936
569865827274657792
569966422744395776
569993952469880832
570095499287506946
570097527841693697
570265596220166144
570270436463759360
