568147483269971969
568587490971533312
569680508088688641
569680835894497280
568147483269971969
568587490971533312
569680508088688641
569680835894497280
568147483269971969
568587490971533312
569680508088688641
569680835894497280
569901925358968832
568147483269971969
568587490971533312
569680508088688641
569680835894497280
569901925358968832
568147483269971969
568587490971533312
569680508088688641
569680835894497280
569901925358968832
568147483269971969
568587490971533312
569680508088688641
569680835894497280
569901925358968832
568147483269971969
568587490971533312
569680508088688641
569680835894497280
569901925358968832
568147483269971969
568587490971533312
569680508088688641
569680835894497280
569901925358968832
