568491813528576000
568841635049533440
569603357406576641
569649222963871744
568491813528576000
568841635049533440
569603357406576641
569649222963871744
568491813528576000
568841635049533440
569603357406576641
569649222963871744
569869960195006464
569937457837273088
568491813528576000
568841635049533440
569603357406576641
569649222963871744
569869960195006464
569937457837273088
568491813528576000
568841635049533440
569603357406576641
569649222963871744
569869960195006464
569937457837273088
568491813528576000
568841635049533440
569603357406576641
569649222963871744
569869960195006464
569937457837273088
568491813528576000
568841635049533440
569603357406576641
569649222963871744
569869960195006464
569937457837273088
568491813528576000
568841635049533440
569603357406576641
569649222963871744
569869960195006464
569937457837273088
