567731794498174978
569588138273865728
569680508088688641
569680835894497280
569739515243462656
567731794498174978
569588138273865728
569680508088688641
569680835894497280
569739515243462656
567731794498174978
569588138273865728
569680508088688641
569680835894497280
569739515243462656
570092530236149761
567731794498174978
569588138273865728
569680508088688641
569680835894497280
569739515243462656
570092530236149761
567731794498174978
569588138273865728
569680508088688641
569680835894497280
569739515243462656
570092530236149761
567731794498174978
569588138273865728
569680508088688641
569680835894497280
569739515243462656
570092530236149761
567731794498174978
569588138273865728
569680508088688641
569680835894497280
569739515243462656
570092530236149761
567731794498174978
569588138273865728
569680508088688641
569680835894497280
569739515243462656
570092530236149761
