567969159927205888
568824537338417154
568870841120731138
568906503358259200
568935636318552064
569584717843943424
569607918569410560
569702549491752960
569731189214351360
567969159927205888
568824537338417154
568870841120731138
568906503358259200
568935636318552064
569584717843943424
569607918569410560
569702549491752960
569731189214351360
567969159927205888
568824537338417154
568870841120731138
568906503358259200
568935636318552064
569584717843943424
569607918569410560
569702549491752960
569731189214351360
569938939122991104
570196428364111873
570291492545298432
567969159927205888
568824537338417154
568870841120731138
568906503358259200
568935636318552064
569584717843943424
569607918569410560
569702549491752960
569731189214351360
569938939122991104
570196428364111873
570291492545298432
567969159927205888
568824537338417154
568870841120731138
568906503358259200
568935636318552064
569584717843943424
569607918569410560
569702549491752960
569731189214351360
569938939122991104
570196428364111873
570291492545298432
567969159927205888
568824537338417154
568870841120731138
568906503358259200
568935636318552064
569584717843943424
569607918569410560
569702549491752960
569731189214351360
569938939122991104
570196428364111873
570291492545298432
567969159927205888
568824537338417154
568870841120731138
568906503358259200
568935636318552064
569584717843943424
569607918569410560
569702549491752960
569731189214351360
569938939122991104
570196428364111873
570291492545298432
567969159927205888
568824537338417154
568870841120731138
568906503358259200
568935636318552064
569584717843943424
569607918569410560
569702549491752960
569731189214351360
569938939122991104
570196428364111873
570291492545298432
