568831929102913536
569670155132907520
568831929102913536
569670155132907520
568831929102913536
569670155132907520
569928989231353857
569939932191559680
568831929102913536
569670155132907520
569928989231353857
569939932191559680
568831929102913536
569670155132907520
569928989231353857
569939932191559680
568831929102913536
569670155132907520
569928989231353857
569939932191559680
568831929102913536
569670155132907520
569928989231353857
569939932191559680
568831929102913536
569670155132907520
569928989231353857
569939932191559680
