568435926503976960
568560904469684224
568833691306369025
568834884942336000
568835573982633984
568837638611992576
568846754701058048
568847612503334912
569756967935148032
568435926503976960
568560904469684224
568833691306369025
568834884942336000
568835573982633984
568837638611992576
568846754701058048
568847612503334912
569756967935148032
568435926503976960
568560904469684224
568833691306369025
568834884942336000
568835573982633984
568837638611992576
568846754701058048
568847612503334912
569756967935148032
