567763065706250240
567782645975625729
567867311744380928
568185092163678208
568589740833939456
568827958527275008
568859651980156928
568864815654899712
568906176353554432
569217012980805632
569248055817404416
569252529596297217
569381891809214464
569513049507246081
569531768321269760
569532394455359488
569617202984255490
569634077571051521
569682422981218304
569683748901367808
569688201222160385
569688669100994561
569692788968845312
569695198239793153
569697793801134080
569698044175757312
569706320212787200
569712291857485824
569771576528220161
567763065706250240
567782645975625729
567867311744380928
568185092163678208
568589740833939456
568827958527275008
568859651980156928
568864815654899712
568906176353554432
569217012980805632
569248055817404416
569252529596297217
569381891809214464
569513049507246081
569531768321269760
569532394455359488
569617202984255490
569634077571051521
569682422981218304
569683748901367808
569688201222160385
569688669100994561
569692788968845312
569695198239793153
569697793801134080
569698044175757312
569706320212787200
569712291857485824
569771576528220161
567763065706250240
567782645975625729
567867311744380928
568185092163678208
568589740833939456
568827958527275008
568859651980156928
568864815654899712
568906176353554432
569217012980805632
569248055817404416
569252529596297217
569381891809214464
569513049507246081
569531768321269760
569532394455359488
569617202984255490
569634077571051521
569682422981218304
569683748901367808
569688201222160385
569688669100994561
569692788968845312
569695198239793153
569697793801134080
569698044175757312
569706320212787200
569712291857485824
569771576528220161
569858231759085571
569887452384481280
569894012800217088
569906378233356290
569913667476549632
569918453722656768
569939611650166785
569949217843605504
570007324380631040
570012849067720704
570012934287568898
570033429816999936
570047669370036224
570059574268469248
570060776301424641
570065297568194560
570068393736302594
570070880983711744
570192546367975424
570192751830171648
570193307139239936
570193870769811456
570197979820224512
570205088595058688
570215548589453313
570215711416537088
570227698334720002
570232726206312448
570256329543012352
570271367519604737
570283453750489088
567763065706250240
567782645975625729
567867311744380928
568185092163678208
568589740833939456
568827958527275008
568859651980156928
568864815654899712
568906176353554432
569217012980805632
569248055817404416
569252529596297217
569381891809214464
569513049507246081
569531768321269760
569532394455359488
569617202984255490
569634077571051521
569682422981218304
569683748901367808
569688201222160385
569688669100994561
569692788968845312
569695198239793153
569697793801134080
569698044175757312
569706320212787200
569712291857485824
569771576528220161
569858231759085571
569887452384481280
569894012800217088
569906378233356290
569913667476549632
569918453722656768
569939611650166785
569949217843605504
570007324380631040
570012849067720704
570012934287568898
570033429816999936
570047669370036224
570059574268469248
570060776301424641
570065297568194560
570068393736302594
570070880983711744
570192546367975424
570192751830171648
570193307139239936
570193870769811456
570197979820224512
570205088595058688
570215548589453313
570215711416537088
570227698334720002
570232726206312448
570256329543012352
570271367519604737
570283453750489088
567763065706250240
567782645975625729
567867311744380928
568185092163678208
568589740833939456
568827958527275008
568859651980156928
568864815654899712
568906176353554432
569217012980805632
569248055817404416
569252529596297217
569381891809214464
569513049507246081
569531768321269760
569532394455359488
569617202984255490
569634077571051521
569682422981218304
569683748901367808
569688201222160385
569688669100994561
569692788968845312
569695198239793153
569697793801134080
569698044175757312
569706320212787200
569712291857485824
569771576528220161
569858231759085571
569887452384481280
569894012800217088
569906378233356290
569913667476549632
569918453722656768
569939611650166785
569949217843605504
570007324380631040
570012849067720704
570012934287568898
570033429816999936
570047669370036224
570059574268469248
570060776301424641
570065297568194560
570068393736302594
570070880983711744
570192546367975424
570192751830171648
570193307139239936
570193870769811456
570197979820224512
570205088595058688
570215548589453313
570215711416537088
570227698334720002
570232726206312448
570256329543012352
570271367519604737
570283453750489088
567763065706250240
567782645975625729
567867311744380928
568185092163678208
568589740833939456
568827958527275008
568859651980156928
568864815654899712
568906176353554432
569217012980805632
569248055817404416
569252529596297217
569381891809214464
569513049507246081
569531768321269760
569532394455359488
569617202984255490
569634077571051521
569682422981218304
569683748901367808
569688201222160385
569688669100994561
569692788968845312
569695198239793153
569697793801134080
569698044175757312
569706320212787200
569712291857485824
569771576528220161
569858231759085571
569887452384481280
569894012800217088
569906378233356290
569913667476549632
569918453722656768
569939611650166785
569949217843605504
570007324380631040
570012849067720704
570012934287568898
570033429816999936
570047669370036224
570059574268469248
570060776301424641
570065297568194560
570068393736302594
570070880983711744
570192546367975424
570192751830171648
570193307139239936
570193870769811456
570197979820224512
570205088595058688
570215548589453313
570215711416537088
570227698334720002
570232726206312448
570256329543012352
570271367519604737
570283453750489088
567763065706250240
567782645975625729
567867311744380928
568185092163678208
568589740833939456
568827958527275008
568859651980156928
568864815654899712
568906176353554432
569217012980805632
569248055817404416
569252529596297217
569381891809214464
569513049507246081
569531768321269760
569532394455359488
569617202984255490
569634077571051521
569682422981218304
569683748901367808
569688201222160385
569688669100994561
569692788968845312
569695198239793153
569697793801134080
569698044175757312
569706320212787200
569712291857485824
569771576528220161
569858231759085571
569887452384481280
569894012800217088
569906378233356290
569913667476549632
569918453722656768
569939611650166785
569949217843605504
570007324380631040
570012849067720704
570012934287568898
570033429816999936
570047669370036224
570059574268469248
570060776301424641
570065297568194560
570068393736302594
570070880983711744
570192546367975424
570192751830171648
570193307139239936
570193870769811456
570197979820224512
570205088595058688
570215548589453313
570215711416537088
570227698334720002
570232726206312448
570256329543012352
570271367519604737
570283453750489088
567763065706250240
567782645975625729
567867311744380928
568185092163678208
568589740833939456
568827958527275008
568859651980156928
568864815654899712
568906176353554432
569217012980805632
569248055817404416
569252529596297217
569381891809214464
569513049507246081
569531768321269760
569532394455359488
569617202984255490
569634077571051521
569682422981218304
569683748901367808
569688201222160385
569688669100994561
569692788968845312
569695198239793153
569697793801134080
569698044175757312
569706320212787200
569712291857485824
569771576528220161
569858231759085571
569887452384481280
569894012800217088
569906378233356290
569913667476549632
569918453722656768
569939611650166785
569949217843605504
570007324380631040
570012849067720704
570012934287568898
570033429816999936
570047669370036224
570059574268469248
570060776301424641
570065297568194560
570068393736302594
570070880983711744
570192546367975424
570192751830171648
570193307139239936
570193870769811456
570197979820224512
570205088595058688
570215548589453313
570215711416537088
570227698334720002
570232726206312448
570256329543012352
570271367519604737
570283453750489088
