567903653933101056
567918173992910848
568079633998086144
568094581041934336
568162061278011392
568587490971533312
568631249989988354
568657247896788992
568817526823456768
568983569563033600
569256468198924288
569606926234824704
569661937203572738
569719540520628224
569770363623575552
569780368309657600
567903653933101056
567918173992910848
568079633998086144
568094581041934336
568162061278011392
568587490971533312
568631249989988354
568657247896788992
568817526823456768
568983569563033600
569256468198924288
569606926234824704
569661937203572738
569719540520628224
569770363623575552
569780368309657600
567903653933101056
567918173992910848
568079633998086144
568094581041934336
568162061278011392
568587490971533312
568631249989988354
568657247896788992
568817526823456768
568983569563033600
569256468198924288
569606926234824704
569661937203572738
569719540520628224
569770363623575552
569780368309657600
569943090766721024
569960010249334784
569967469135142914
569997351412228097
570106579879645185
570226365410230272
570248162067107840
570281958556610560
570289777184002048
