567742857411166208
567837218628362241
568195153464143872
568204182676578304
568493336698490880
568934745909829633
569296707982221312
569575780864241664
569652510950100992
567742857411166208
567837218628362241
568195153464143872
568204182676578304
568493336698490880
568934745909829633
569296707982221312
569575780864241664
569652510950100992
567742857411166208
567837218628362241
568195153464143872
568204182676578304
568493336698490880
568934745909829633
569296707982221312
569575780864241664
569652510950100992
569874973021622272
567742857411166208
567837218628362241
568195153464143872
568204182676578304
568493336698490880
568934745909829633
569296707982221312
569575780864241664
569652510950100992
569874973021622272
567742857411166208
567837218628362241
568195153464143872
568204182676578304
568493336698490880
568934745909829633
569296707982221312
569575780864241664
569652510950100992
569874973021622272
567742857411166208
567837218628362241
568195153464143872
568204182676578304
568493336698490880
568934745909829633
569296707982221312
569575780864241664
569652510950100992
569874973021622272
567742857411166208
567837218628362241
568195153464143872
568204182676578304
568493336698490880
568934745909829633
569296707982221312
569575780864241664
569652510950100992
569874973021622272
567742857411166208
567837218628362241
568195153464143872
568204182676578304
568493336698490880
568934745909829633
569296707982221312
569575780864241664
569652510950100992
569874973021622272
