567768830265401344
568166220706418688
568447937929289729
569190678758080512
569769708569767936
567768830265401344
568166220706418688
568447937929289729
569190678758080512
569769708569767936
569826411206316032
567768830265401344
568166220706418688
568447937929289729
569190678758080512
569769708569767936
569826411206316032
569945018527428608
567768830265401344
568166220706418688
568447937929289729
569190678758080512
569769708569767936
569826411206316032
569945018527428608
567768830265401344
568166220706418688
568447937929289729
569190678758080512
569769708569767936
569826411206316032
569945018527428608
567768830265401344
568166220706418688
568447937929289729
569190678758080512
569769708569767936
569826411206316032
569945018527428608
567768830265401344
568166220706418688
568447937929289729
569190678758080512
569769708569767936
569826411206316032
569945018527428608
567768830265401344
568166220706418688
568447937929289729
569190678758080512
569769708569767936
569826411206316032
569945018527428608
