567592368451248130
567724189872697348
567738192426590209
567753899939860480
567764010812985344
567767810655670272
567771635139502080
567778512548167680
567790272265887744
567796792847499265
567800801248161792
567801343861092352
567805230550634496
567806786331234305
567813839539159040
567814300594769920
567817558418804737
567822377473728513
567823707160354816
567823930985091072
567823967555178496
567855736665051136
567860175740092416
567872182136619008
567873801653997569
567883234614210560
567895874598215680
567896250013601792
567899604605218816
567929116969684993
567952115588423681
567967189237518337
568017128286261248
568055631065653250
568061117429231616
568068216972423169
568086068135895040
568087085120233473
568087802279288832
568089253424594944
568090417641746432
568094199586938880
568107407647207424
568111178708336640
568113601480757248
568114056034324480
568115829616861184
568126621611372545
568128236649095168
568128665801900032
568130768788185088
568136521502605312
568139007617597440
568149287948967936
568157680696729600
568162290890964992
568193698284118016
568208666035417088
568210087212388353
568225322543538176
568243079003529216
568246093856641024
568260165759307776
568269180153274368
568270768989081600
568275380441726977
568279994876571649
568405950958333952
568406334787457024
568411566233804802
568416602728890370
568421124201017345
568426870963712000
568431007654924288
568433301880479746
568438094652956673
568438142673555457
568438257454682112
568448902011224064
568450413365571584
568451244009742336
568457483301339136
568457761366781952
568472775729516544
568474423742738432
568478204190720000
568486399663575040
568494397144358914
568495464015929344
568498076962451456
568501157452230656
568510886324744193
568526136017342464
568536883199746048
568538034947297281
568542052205666305
568551504505802752
568558135637463040
568564675312545792
568571242627903488
568582726875516929
568586882600161280
568589732520665089
568595828232863745
568596145456291840
568598882613133314
568616190609764354
568620917531623424
568640650129731585
568702964623216643
568746335446441984
568752276040495104
568760315569053696
568772614639845377
568773939754889216
568793221809250304
568796187299606528
568802105005346817
568808165636214784
568809558786899968
568810874204327936
568824637267685377
568824987244584961
568826225621405696
568827397103099904
568842695864504320
568845545986400256
568846033997803520
568852204750135296
568852319762313216
568856823048089600
568874399652306944
568876711300997121
568894073345437697
568894231651098624
568894341243998208
568903479722246144
568903773491306496
568920221882257408
568923233866555392
568930692551221248
568930740127326209
568955324511563776
568955862124863488
568960315888668672
568973348840943616
568982253553844225
568998609590419456
569007993897013249
569145957721505792
569147067559485440
569156425626329089
569159165626716160
569168102212001793
569176528338202624
569180856423567361
569212318283771904
569215779830280192
569230983075115010
569237160886276096
569239087493857281
569246786440830977
569250085516681216
569276734798893056
569278644943757312
569280669593038848
569287433008754688
569297850456109056
569302758018420736
569307047285690369
569310253315174400
569328005677494272
569343781092401152
569356387785900032
569365818229829632
569378165610524672
569380416219709440
569382239131168769
569395278731747329
569456035930484737
569476889313562624
569488962324172801
569491079952642051
569512239209824256
569524116769914882
569533663211356161
569539074106789889
569544955800264704
569550487474712576
569554727572099072
569567084721655808
569587140490866689
569588138273865728
569589079710380032
569590151657103360
569595123799101440
569595333899997185
569595399557685248
569596034059358208
569598671420919808
569601869598867456
569603590349848576
569604659712811009
569604777962643457
569618309357940737
569618868441722882
569620355783925760
569624621047111680
569625210070175744
569633545737490433
569645048696053761
569649277888106496
569650273091584000
569654749055864832
569661596898709504
569661767158075392
569662030984056834
569662221099384832
569665343880368131
569667517146222592
569670634718023680
569670708818780161
569672021078114304
569678397158268929
569681499928158208
569682097125896192
569684298107740160
569685890349404160
569687343403106304
569689983969202180
569698840149950464
569704587315138560
569707409985445889
569713719124602880
569714230842302464
569714755109294080
569721972600528897
569725021951791104
569727727881682944
569745375713558528
569745686784315392
569745948437569536
569753971406999552
569766956062134272
569788202174713856
569799053690556418
567592368451248130
567724189872697348
567738192426590209
567753899939860480
567764010812985344
567767810655670272
567771635139502080
567778512548167680
567790272265887744
567796792847499265
567800801248161792
567801343861092352
567805230550634496
567806786331234305
567813839539159040
567814300594769920
567817558418804737
567822377473728513
567823707160354816
567823930985091072
567823967555178496
567855736665051136
567860175740092416
567872182136619008
567873801653997569
567883234614210560
567895874598215680
567896250013601792
567899604605218816
567929116969684993
567952115588423681
567967189237518337
568017128286261248
568055631065653250
568061117429231616
568068216972423169
568086068135895040
568087085120233473
568087802279288832
568089253424594944
568090417641746432
568094199586938880
568107407647207424
568111178708336640
568113601480757248
568114056034324480
568115829616861184
568126621611372545
568128236649095168
568128665801900032
568130768788185088
568136521502605312
568139007617597440
568149287948967936
568157680696729600
568162290890964992
568193698284118016
568208666035417088
568210087212388353
568225322543538176
568243079003529216
568246093856641024
568260165759307776
568269180153274368
568270768989081600
568275380441726977
568279994876571649
568405950958333952
568406334787457024
568411566233804802
568416602728890370
568421124201017345
568426870963712000
568431007654924288
568433301880479746
568438094652956673
568438142673555457
568438257454682112
568448902011224064
568450413365571584
568451244009742336
568457483301339136
568457761366781952
568472775729516544
568474423742738432
568478204190720000
568486399663575040
568494397144358914
568495464015929344
568498076962451456
568501157452230656
568510886324744193
568526136017342464
568536883199746048
568538034947297281
568542052205666305
568551504505802752
568558135637463040
568564675312545792
568571242627903488
568582726875516929
568586882600161280
568589732520665089
568595828232863745
568596145456291840
568598882613133314
568616190609764354
568620917531623424
568640650129731585
568702964623216643
568746335446441984
568752276040495104
568760315569053696
568772614639845377
568773939754889216
568793221809250304
568796187299606528
568802105005346817
568808165636214784
568809558786899968
568810874204327936
568824637267685377
568824987244584961
568826225621405696
568827397103099904
568842695864504320
568845545986400256
568846033997803520
568852204750135296
568852319762313216
568856823048089600
568874399652306944
568876711300997121
568894073345437697
568894231651098624
568894341243998208
568903479722246144
568903773491306496
568920221882257408
568923233866555392
568930692551221248
568930740127326209
568955324511563776
568955862124863488
568960315888668672
568973348840943616
568982253553844225
568998609590419456
569007993897013249
569145957721505792
569147067559485440
569156425626329089
569159165626716160
569168102212001793
569176528338202624
569180856423567361
569212318283771904
569215779830280192
569230983075115010
569237160886276096
569239087493857281
569246786440830977
569250085516681216
569276734798893056
569278644943757312
569280669593038848
569287433008754688
569297850456109056
569302758018420736
569307047285690369
569310253315174400
569328005677494272
569343781092401152
569356387785900032
569365818229829632
569378165610524672
569380416219709440
569382239131168769
569395278731747329
569456035930484737
569476889313562624
569488962324172801
569491079952642051
569512239209824256
569524116769914882
569533663211356161
569539074106789889
569544955800264704
569550487474712576
569554727572099072
569567084721655808
569587140490866689
569588138273865728
569589079710380032
569590151657103360
569595123799101440
569595333899997185
569595399557685248
569596034059358208
569598671420919808
569601869598867456
569603590349848576
569604659712811009
569604777962643457
569618309357940737
569618868441722882
569620355783925760
569624621047111680
569625210070175744
569633545737490433
569645048696053761
569649277888106496
569650273091584000
569654749055864832
569661596898709504
569661767158075392
569662030984056834
569662221099384832
569665343880368131
569667517146222592
569670634718023680
569670708818780161
569672021078114304
569678397158268929
569681499928158208
569682097125896192
569684298107740160
569685890349404160
569687343403106304
569689983969202180
569698840149950464
569704587315138560
569707409985445889
569713719124602880
569714230842302464
569714755109294080
569721972600528897
569725021951791104
569727727881682944
569745375713558528
569745686784315392
569745948437569536
569753971406999552
569766956062134272
569788202174713856
569799053690556418
569820671234060288
569821947049218048
569832733226110976
569837786930540545
569842067544805376
567592368451248130
567724189872697348
567738192426590209
567753899939860480
567764010812985344
567767810655670272
567771635139502080
567778512548167680
567790272265887744
567796792847499265
567800801248161792
567801343861092352
567805230550634496
567806786331234305
567813839539159040
567814300594769920
567817558418804737
567822377473728513
567823707160354816
567823930985091072
567823967555178496
567855736665051136
567860175740092416
567872182136619008
567873801653997569
567883234614210560
567895874598215680
567896250013601792
567899604605218816
567929116969684993
567952115588423681
567967189237518337
568017128286261248
568055631065653250
568061117429231616
568068216972423169
568086068135895040
568087085120233473
568087802279288832
568089253424594944
568090417641746432
568094199586938880
568107407647207424
568111178708336640
568113601480757248
568114056034324480
568115829616861184
568126621611372545
568128236649095168
568128665801900032
568130768788185088
568136521502605312
568139007617597440
568149287948967936
568157680696729600
568162290890964992
568193698284118016
568208666035417088
568210087212388353
568225322543538176
568243079003529216
568246093856641024
568260165759307776
568269180153274368
568270768989081600
568275380441726977
568279994876571649
568405950958333952
568406334787457024
568411566233804802
568416602728890370
568421124201017345
568426870963712000
568431007654924288
568433301880479746
568438094652956673
568438142673555457
568438257454682112
568448902011224064
568450413365571584
568451244009742336
568457483301339136
568457761366781952
568472775729516544
568474423742738432
568478204190720000
568486399663575040
568494397144358914
568495464015929344
568498076962451456
568501157452230656
568510886324744193
568526136017342464
568536883199746048
568538034947297281
568542052205666305
568551504505802752
568558135637463040
568564675312545792
568571242627903488
568582726875516929
568586882600161280
568589732520665089
568595828232863745
568596145456291840
568598882613133314
568616190609764354
568620917531623424
568640650129731585
568702964623216643
568746335446441984
568752276040495104
568760315569053696
568772614639845377
568773939754889216
568793221809250304
568796187299606528
568802105005346817
568808165636214784
568809558786899968
568810874204327936
568824637267685377
568824987244584961
568826225621405696
568827397103099904
568842695864504320
568845545986400256
568846033997803520
568852204750135296
568852319762313216
568856823048089600
568874399652306944
568876711300997121
568894073345437697
568894231651098624
568894341243998208
568903479722246144
568903773491306496
568920221882257408
568923233866555392
568930692551221248
568930740127326209
568955324511563776
568955862124863488
568960315888668672
568973348840943616
568982253553844225
568998609590419456
569007993897013249
569145957721505792
569147067559485440
569156425626329089
569159165626716160
569168102212001793
569176528338202624
569180856423567361
569212318283771904
569215779830280192
569230983075115010
569237160886276096
569239087493857281
569246786440830977
569250085516681216
569276734798893056
569278644943757312
569280669593038848
569287433008754688
569297850456109056
569302758018420736
569307047285690369
569310253315174400
569328005677494272
569343781092401152
569356387785900032
569365818229829632
569378165610524672
569380416219709440
569382239131168769
569395278731747329
569456035930484737
569476889313562624
569488962324172801
569491079952642051
569512239209824256
569524116769914882
569533663211356161
569539074106789889
569544955800264704
569550487474712576
569554727572099072
569567084721655808
569587140490866689
569588138273865728
569589079710380032
569590151657103360
569595123799101440
569595333899997185
569595399557685248
569596034059358208
569598671420919808
569601869598867456
569603590349848576
569604659712811009
569604777962643457
569618309357940737
569618868441722882
569620355783925760
569624621047111680
569625210070175744
569633545737490433
569645048696053761
569649277888106496
569650273091584000
569654749055864832
569661596898709504
569661767158075392
569662030984056834
569662221099384832
569665343880368131
569667517146222592
569670634718023680
569670708818780161
569672021078114304
569678397158268929
569681499928158208
569682097125896192
569684298107740160
569685890349404160
569687343403106304
569689983969202180
569698840149950464
569704587315138560
569707409985445889
569713719124602880
569714230842302464
569714755109294080
569721972600528897
569725021951791104
569727727881682944
569745375713558528
569745686784315392
569745948437569536
569753971406999552
569766956062134272
569788202174713856
569799053690556418
569820671234060288
569821947049218048
569832733226110976
569837786930540545
569842067544805376
569847066555498496
569847318062632960
569849281533874176
569852084536750080
569852657327738880
569857415027564545
569860221755117568
569863166189924352
569864778702671874
569865540098871298
569870924410970112
569879600907440129
569880005729067008
569888183409893377
569892413235294208
569902743135117314
569903377598914562
569904537739382784
569906378233356290
569908918421299200
569911608278974465
569915643094396929
569915941192015872
569916061891633153
569923360982900737
569927739802652672
569934048346251264
569936893325897728
569938848156930050
569940075120873472
569941858132070400
569949891163615232
569959415433965569
569963064495366145
569966215621246976
569970117154484224
569975175321653248
569976092359917568
569977223198822400
569977974176378880
569989340052344832
569989504431316993
569989812637167617
569989999963213824
569990481452539904
569996245462159361
570002083832733696
570002432375148544
570014689322643456
570015794387685376
570062116096331776
570065322369101824
570066634976555008
570078102551834624
570081213404180480
570086014980648960
570087305320357888
570087435759185920
570090102195486722
570115243747074048
570121135603486720
570123304498917377
570135557151580160
570136977074491392
570151672070205440
570175238815657984
570175461298475008
570179466716176384
570186666276577280
570195827341312000
570205399619661824
570210145239592960
570211577087041536
570211592559685632
570217145428090880
570222445971382273
570222630525014017
570222748615598081
570233869212856320
570235413224427520
570235609933078529
570239632807370753
570246294582771712
570256329543012352
570258435448688641
570259423987404800
570264856223330304
570267956648792064
570271574462369793
570275384714862592
570277278627848192
570284312697765888
570284862122233856
570286290203070465
570289532953874432
570291817087930369
570293494444634114
570293557724110850
570293674472558592
570294189143031808
570294237348143104
570294743684517888
570295405818335236
570304445336178688
