567778512548167680
567881459161260032
567886422826307585
567899010045988865
568085705479618560
568524724256444416
569380122194636800
569584207011434497
569587663692554242
569684282706259968
567778512548167680
567881459161260032
567886422826307585
567899010045988865
568085705479618560
568524724256444416
569380122194636800
569584207011434497
569587663692554242
569684282706259968
567778512548167680
567881459161260032
567886422826307585
567899010045988865
568085705479618560
568524724256444416
569380122194636800
569584207011434497
569587663692554242
569684282706259968
570249864841285632
567778512548167680
567881459161260032
567886422826307585
567899010045988865
568085705479618560
568524724256444416
569380122194636800
569584207011434497
569587663692554242
569684282706259968
570249864841285632
567778512548167680
567881459161260032
567886422826307585
567899010045988865
568085705479618560
568524724256444416
569380122194636800
569584207011434497
569587663692554242
569684282706259968
570249864841285632
567778512548167680
567881459161260032
567886422826307585
567899010045988865
568085705479618560
568524724256444416
569380122194636800
569584207011434497
569587663692554242
569684282706259968
570249864841285632
567778512548167680
567881459161260032
567886422826307585
567899010045988865
568085705479618560
568524724256444416
569380122194636800
569584207011434497
569587663692554242
569684282706259968
570249864841285632
567778512548167680
567881459161260032
567886422826307585
567899010045988865
568085705479618560
568524724256444416
569380122194636800
569584207011434497
569587663692554242
569684282706259968
570249864841285632
