568438257454682112
568612911222026241
568919673548337152
569546689943482368
569638678194040832
568438257454682112
568612911222026241
568919673548337152
569546689943482368
569638678194040832
568438257454682112
568612911222026241
568919673548337152
569546689943482368
569638678194040832
569989291188695040
570037961020080129
570115243747074048
568438257454682112
568612911222026241
568919673548337152
569546689943482368
569638678194040832
569989291188695040
570037961020080129
570115243747074048
568438257454682112
568612911222026241
568919673548337152
569546689943482368
569638678194040832
569989291188695040
570037961020080129
570115243747074048
568438257454682112
568612911222026241
568919673548337152
569546689943482368
569638678194040832
569989291188695040
570037961020080129
570115243747074048
568438257454682112
568612911222026241
568919673548337152
569546689943482368
569638678194040832
569989291188695040
570037961020080129
570115243747074048
568438257454682112
568612911222026241
568919673548337152
569546689943482368
569638678194040832
569989291188695040
570037961020080129
570115243747074048
