567737617031380992
567739149818413056
567748162178125825
567821528424845312
567845492849287169
567905184040382464
568053732929359872
568067938843893761
568084209656573952
568234162638999552
568239189055176704
568253266456395776
568254137676242945
568264293478744064
568284538914385920
568406334787457024
568450237028798464
568502226597101568
568503966687993856
568575417650679808
568594180014014464
568607646204465152
568648940033343488
568755759670022147
568764059732058112
568774914452418561
568787660266823680
568832394196684800
568881357583097857
568963218703564800
568998681715695618
569040346262282241
569317426975760384
569318432648273920
569328755409326080
569338605057015808
569341160482856960
569344744297521152
569347552484728832
569361587032748032
569361961487478785
569370010751094784
569376311824621568
569392511732588544
569535507815903233
569555413450027011
569578441508458496
569586471570534400
569620382023622657
569633282855301120
569646886610702337
569660029093203968
569665738165891073
569686237478572032
569692936880791552
569696881330167808
569701848476745728
569709103188197376
569716594731044865
569730182371635200
569740316577632256
569769606761439232
569816394180788224
567737617031380992
567739149818413056
567748162178125825
567821528424845312
567845492849287169
567905184040382464
568053732929359872
568067938843893761
568084209656573952
568234162638999552
568239189055176704
568253266456395776
568254137676242945
568264293478744064
568284538914385920
568406334787457024
568450237028798464
568502226597101568
568503966687993856
568575417650679808
568594180014014464
568607646204465152
568648940033343488
568755759670022147
568764059732058112
568774914452418561
568787660266823680
568832394196684800
568881357583097857
568963218703564800
568998681715695618
569040346262282241
569317426975760384
569318432648273920
569328755409326080
569338605057015808
569341160482856960
569344744297521152
569347552484728832
569361587032748032
569361961487478785
569370010751094784
569376311824621568
569392511732588544
569535507815903233
569555413450027011
569578441508458496
569586471570534400
569620382023622657
569633282855301120
569646886610702337
569660029093203968
569665738165891073
569686237478572032
569692936880791552
569696881330167808
569701848476745728
569709103188197376
569716594731044865
569730182371635200
569740316577632256
569769606761439232
569816394180788224
569822102062309376
567737617031380992
567739149818413056
567748162178125825
567821528424845312
567845492849287169
567905184040382464
568053732929359872
568067938843893761
568084209656573952
568234162638999552
568239189055176704
568253266456395776
568254137676242945
568264293478744064
568284538914385920
568406334787457024
568450237028798464
568502226597101568
568503966687993856
568575417650679808
568594180014014464
568607646204465152
568648940033343488
568755759670022147
568764059732058112
568774914452418561
568787660266823680
568832394196684800
568881357583097857
568963218703564800
568998681715695618
569040346262282241
569317426975760384
569318432648273920
569328755409326080
569338605057015808
569341160482856960
569344744297521152
569347552484728832
569361587032748032
569361961487478785
569370010751094784
569376311824621568
569392511732588544
569535507815903233
569555413450027011
569578441508458496
569586471570534400
569620382023622657
569633282855301120
569646886610702337
569660029093203968
569665738165891073
569686237478572032
569692936880791552
569696881330167808
569701848476745728
569709103188197376
569716594731044865
569730182371635200
569740316577632256
569769606761439232
569816394180788224
569822102062309376
569885201293307905
569911674158731264
569914957552353280
569927837601402880
569957235033399297
569978315072610304
570023071698055168
570039630973829120
570042013908914176
570048804550004737
570101746590093312
570108377029685248
570146395593666560
570206560439308289
570264153559949313
570302023968694272
