567947943593926657
568155933832044544
568216286561374208
568218962833461248
568495877003857920
568506752607498241
569738845895335936
567947943593926657
568155933832044544
568216286561374208
568218962833461248
568495877003857920
568506752607498241
569738845895335936
567947943593926657
568155933832044544
568216286561374208
568218962833461248
568495877003857920
568506752607498241
569738845895335936
570245433466884096
570250236402094080
570272880556011520
570292360749453312
567947943593926657
568155933832044544
568216286561374208
568218962833461248
568495877003857920
568506752607498241
569738845895335936
570245433466884096
570250236402094080
570272880556011520
570292360749453312
567947943593926657
568155933832044544
568216286561374208
568218962833461248
568495877003857920
568506752607498241
569738845895335936
570245433466884096
570250236402094080
570272880556011520
570292360749453312
567947943593926657
568155933832044544
568216286561374208
568218962833461248
568495877003857920
568506752607498241
569738845895335936
570245433466884096
570250236402094080
570272880556011520
570292360749453312
567947943593926657
568155933832044544
568216286561374208
568218962833461248
568495877003857920
568506752607498241
569738845895335936
570245433466884096
570250236402094080
570272880556011520
570292360749453312
567947943593926657
568155933832044544
568216286561374208
568218962833461248
568495877003857920
568506752607498241
569738845895335936
570245433466884096
570250236402094080
570272880556011520
570292360749453312
