567724948375212032
567737449938685952
567829689600892928
568078441364393985
568145883679875072
568146088416448513
568178422175948801
568562631616942080
568802232004513792
568823603627565056
568929935273930752
568952850908213248
568955324511563776
568959170730266624
568973634087165953
568983464172584960
568983580585517056
569172793608278016
569199676282564609
569267891721375745
569312396097003520
569332442194178049
569333461401481216
569512252639981568
569574221216661505
569603039750852608
569607124772196352
569645502729457666
567724948375212032
567737449938685952
567829689600892928
568078441364393985
568145883679875072
568146088416448513
568178422175948801
568562631616942080
568802232004513792
568823603627565056
568929935273930752
568952850908213248
568955324511563776
568959170730266624
568973634087165953
568983464172584960
568983580585517056
569172793608278016
569199676282564609
569267891721375745
569312396097003520
569332442194178049
569333461401481216
569512252639981568
569574221216661505
569603039750852608
569607124772196352
569645502729457666
567724948375212032
567737449938685952
567829689600892928
568078441364393985
568145883679875072
568146088416448513
568178422175948801
568562631616942080
568802232004513792
568823603627565056
568929935273930752
568952850908213248
568955324511563776
568959170730266624
568973634087165953
568983464172584960
568983580585517056
569172793608278016
569199676282564609
569267891721375745
569312396097003520
569332442194178049
569333461401481216
569512252639981568
569574221216661505
569603039750852608
569607124772196352
569645502729457666
569949297220980737
569973945270546432
570002805295095808
570021795123699712
570173181727674368
570257317859610624
570257480401469441
570257631778107392
570257719334187008
570288799860846592
570288961064710145
570289080090689536
567724948375212032
567737449938685952
567829689600892928
568078441364393985
568145883679875072
568146088416448513
568178422175948801
568562631616942080
568802232004513792
568823603627565056
568929935273930752
568952850908213248
568955324511563776
568959170730266624
568973634087165953
568983464172584960
568983580585517056
569172793608278016
569199676282564609
569267891721375745
569312396097003520
569332442194178049
569333461401481216
569512252639981568
569574221216661505
569603039750852608
569607124772196352
569645502729457666
569949297220980737
569973945270546432
570002805295095808
570021795123699712
570173181727674368
570257317859610624
570257480401469441
570257631778107392
570257719334187008
570288799860846592
570288961064710145
570289080090689536
567724948375212032
567737449938685952
567829689600892928
568078441364393985
568145883679875072
568146088416448513
568178422175948801
568562631616942080
568802232004513792
568823603627565056
568929935273930752
568952850908213248
568955324511563776
568959170730266624
568973634087165953
568983464172584960
568983580585517056
569172793608278016
569199676282564609
569267891721375745
569312396097003520
569332442194178049
569333461401481216
569512252639981568
569574221216661505
569603039750852608
569607124772196352
569645502729457666
569949297220980737
569973945270546432
570002805295095808
570021795123699712
570173181727674368
570257317859610624
570257480401469441
570257631778107392
570257719334187008
570288799860846592
570288961064710145
570289080090689536
567724948375212032
567737449938685952
567829689600892928
568078441364393985
568145883679875072
568146088416448513
568178422175948801
568562631616942080
568802232004513792
568823603627565056
568929935273930752
568952850908213248
568955324511563776
568959170730266624
568973634087165953
568983464172584960
568983580585517056
569172793608278016
569199676282564609
569267891721375745
569312396097003520
569332442194178049
569333461401481216
569512252639981568
569574221216661505
569603039750852608
569607124772196352
569645502729457666
569949297220980737
569973945270546432
570002805295095808
570021795123699712
570173181727674368
570257317859610624
570257480401469441
570257631778107392
570257719334187008
570288799860846592
570288961064710145
570289080090689536
567724948375212032
567737449938685952
567829689600892928
568078441364393985
568145883679875072
568146088416448513
568178422175948801
568562631616942080
568802232004513792
568823603627565056
568929935273930752
568952850908213248
568955324511563776
568959170730266624
568973634087165953
568983464172584960
568983580585517056
569172793608278016
569199676282564609
569267891721375745
569312396097003520
569332442194178049
569333461401481216
569512252639981568
569574221216661505
569603039750852608
569607124772196352
569645502729457666
569949297220980737
569973945270546432
570002805295095808
570021795123699712
570173181727674368
570257317859610624
570257480401469441
570257631778107392
570257719334187008
570288799860846592
570288961064710145
570289080090689536
567724948375212032
567737449938685952
567829689600892928
568078441364393985
568145883679875072
568146088416448513
568178422175948801
568562631616942080
568802232004513792
568823603627565056
568929935273930752
568952850908213248
568955324511563776
568959170730266624
568973634087165953
568983464172584960
568983580585517056
569172793608278016
569199676282564609
569267891721375745
569312396097003520
569332442194178049
569333461401481216
569512252639981568
569574221216661505
569603039750852608
569607124772196352
569645502729457666
569949297220980737
569973945270546432
570002805295095808
570021795123699712
570173181727674368
570257317859610624
570257480401469441
570257631778107392
570257719334187008
570288799860846592
570288961064710145
570289080090689536
