567729749087498240
567737625637687296
567748565095968769
567786475262345216
567838896731615234
567852550512181248
567862181208805376
567871270014025728
567875130824658946
567881731967229953
567887103465496576
567892179953262592
567904438834167809
567951109677027328
568057671443750912
568087789004300288
568129947752992768
568138663864852481
568303933774532608
568432609866457088
568471539433275393
568515696197439489
568542896539873281
568569972529745920
568607402645454848
568611474416906240
568615063738646528
568629820306952192
568672781979619328
568756110456270849
568760999194591232
568789500727570432
568850943359496192
568916807815438336
568960217976864769
569114030268424192
569163371746095104
569182643155300352
569216055018704896
569220096490483712
569235333050576898
569245856680914944
569252657967341569
569296356143050754
569297324285022209
569302490421833729
569310328862830592
569374011131453441
569378015429447680
569416236171456513
569420237189181440
569487075797565440
569529020892651521
569536910990950401
569541879441858560
569557763094917120
569590892085915649
569600989055086592
569603357406576641
569612035585155073
569612280989495296
569616934225846273
569621714046455808
569625953602834433
569632618460753921
569634229627297793
569644213224148993
569645350379757568
569659637575917568
569665295381614594
569673622505328640
569685194908819457
569688901922615296
569690711026573312
569691772000931840
569727223357427712
569733882007801857
569738845895335936
569813752268374016
567729749087498240
567737625637687296
567748565095968769
567786475262345216
567838896731615234
567852550512181248
567862181208805376
567871270014025728
567875130824658946
567881731967229953
567887103465496576
567892179953262592
567904438834167809
567951109677027328
568057671443750912
568087789004300288
568129947752992768
568138663864852481
568303933774532608
568432609866457088
568471539433275393
568515696197439489
568542896539873281
568569972529745920
568607402645454848
568611474416906240
568615063738646528
568629820306952192
568672781979619328
568756110456270849
568760999194591232
568789500727570432
568850943359496192
568916807815438336
568960217976864769
569114030268424192
569163371746095104
569182643155300352
569216055018704896
569220096490483712
569235333050576898
569245856680914944
569252657967341569
569296356143050754
569297324285022209
569302490421833729
569310328862830592
569374011131453441
569378015429447680
569416236171456513
569420237189181440
569487075797565440
569529020892651521
569536910990950401
569541879441858560
569557763094917120
569590892085915649
569600989055086592
569603357406576641
569612035585155073
569612280989495296
569616934225846273
569621714046455808
569625953602834433
569632618460753921
569634229627297793
569644213224148993
569645350379757568
569659637575917568
569665295381614594
569673622505328640
569685194908819457
569688901922615296
569690711026573312
569691772000931840
569727223357427712
569733882007801857
569738845895335936
569813752268374016
567729749087498240
567737625637687296
567748565095968769
567786475262345216
567838896731615234
567852550512181248
567862181208805376
567871270014025728
567875130824658946
567881731967229953
567887103465496576
567892179953262592
567904438834167809
567951109677027328
568057671443750912
568087789004300288
568129947752992768
568138663864852481
568303933774532608
568432609866457088
568471539433275393
568515696197439489
568542896539873281
568569972529745920
568607402645454848
568611474416906240
568615063738646528
568629820306952192
568672781979619328
568756110456270849
568760999194591232
568789500727570432
568850943359496192
568916807815438336
568960217976864769
569114030268424192
569163371746095104
569182643155300352
569216055018704896
569220096490483712
569235333050576898
569245856680914944
569252657967341569
569296356143050754
569297324285022209
569302490421833729
569310328862830592
569374011131453441
569378015429447680
569416236171456513
569420237189181440
569487075797565440
569529020892651521
569536910990950401
569541879441858560
569557763094917120
569590892085915649
569600989055086592
569603357406576641
569612035585155073
569612280989495296
569616934225846273
569621714046455808
569625953602834433
569632618460753921
569634229627297793
569644213224148993
569645350379757568
569659637575917568
569665295381614594
569673622505328640
569685194908819457
569688901922615296
569690711026573312
569691772000931840
569727223357427712
569733882007801857
569738845895335936
569813752268374016
569844262461972480
569854151531859968
569859036360908801
569907336485019648
569936893325897728
569940832691752960
569957235033399297
569964582606934016
569970117154484224
570050754158800896
570054257577041921
570059565947101184
570084406204997632
570092196247969796
570110386827087872
570151995472027649
570162212616212480
570173090774294528
570219942961922048
570239297456091136
570241070577139713
570292174044200963
570296212336865283
570304445336178688
567729749087498240
567737625637687296
567748565095968769
567786475262345216
567838896731615234
567852550512181248
567862181208805376
567871270014025728
567875130824658946
567881731967229953
567887103465496576
567892179953262592
567904438834167809
567951109677027328
568057671443750912
568087789004300288
568129947752992768
568138663864852481
568303933774532608
568432609866457088
568471539433275393
568515696197439489
568542896539873281
568569972529745920
568607402645454848
568611474416906240
568615063738646528
568629820306952192
568672781979619328
568756110456270849
568760999194591232
568789500727570432
568850943359496192
568916807815438336
568960217976864769
569114030268424192
569163371746095104
569182643155300352
569216055018704896
569220096490483712
569235333050576898
569245856680914944
569252657967341569
569296356143050754
569297324285022209
569302490421833729
569310328862830592
569374011131453441
569378015429447680
569416236171456513
569420237189181440
569487075797565440
569529020892651521
569536910990950401
569541879441858560
569557763094917120
569590892085915649
569600989055086592
569603357406576641
569612035585155073
569612280989495296
569616934225846273
569621714046455808
569625953602834433
569632618460753921
569634229627297793
569644213224148993
569645350379757568
569659637575917568
569665295381614594
569673622505328640
569685194908819457
569688901922615296
569690711026573312
569691772000931840
569727223357427712
569733882007801857
569738845895335936
569813752268374016
569844262461972480
569854151531859968
569859036360908801
569907336485019648
569936893325897728
569940832691752960
569957235033399297
569964582606934016
569970117154484224
570050754158800896
570054257577041921
570059565947101184
570084406204997632
570092196247969796
570110386827087872
570151995472027649
570162212616212480
570173090774294528
570219942961922048
570239297456091136
570241070577139713
570292174044200963
570296212336865283
570304445336178688
567729749087498240
567737625637687296
567748565095968769
567786475262345216
567838896731615234
567852550512181248
567862181208805376
567871270014025728
567875130824658946
567881731967229953
567887103465496576
567892179953262592
567904438834167809
567951109677027328
568057671443750912
568087789004300288
568129947752992768
568138663864852481
568303933774532608
568432609866457088
568471539433275393
568515696197439489
568542896539873281
568569972529745920
568607402645454848
568611474416906240
568615063738646528
568629820306952192
568672781979619328
568756110456270849
568760999194591232
568789500727570432
568850943359496192
568916807815438336
568960217976864769
569114030268424192
569163371746095104
569182643155300352
569216055018704896
569220096490483712
569235333050576898
569245856680914944
569252657967341569
569296356143050754
569297324285022209
569302490421833729
569310328862830592
569374011131453441
569378015429447680
569416236171456513
569420237189181440
569487075797565440
569529020892651521
569536910990950401
569541879441858560
569557763094917120
569590892085915649
569600989055086592
569603357406576641
569612035585155073
569612280989495296
569616934225846273
569621714046455808
569625953602834433
569632618460753921
569634229627297793
569644213224148993
569645350379757568
569659637575917568
569665295381614594
569673622505328640
569685194908819457
569688901922615296
569690711026573312
569691772000931840
569727223357427712
569733882007801857
569738845895335936
569813752268374016
569844262461972480
569854151531859968
569859036360908801
569907336485019648
569936893325897728
569940832691752960
569957235033399297
569964582606934016
569970117154484224
570050754158800896
570054257577041921
570059565947101184
570084406204997632
570092196247969796
570110386827087872
570151995472027649
570162212616212480
570173090774294528
570219942961922048
570239297456091136
570241070577139713
570292174044200963
570296212336865283
570304445336178688
567729749087498240
567737625637687296
567748565095968769
567786475262345216
567838896731615234
567852550512181248
567862181208805376
567871270014025728
567875130824658946
567881731967229953
567887103465496576
567892179953262592
567904438834167809
567951109677027328
568057671443750912
568087789004300288
568129947752992768
568138663864852481
568303933774532608
568432609866457088
568471539433275393
568515696197439489
568542896539873281
568569972529745920
568607402645454848
568611474416906240
568615063738646528
568629820306952192
568672781979619328
568756110456270849
568760999194591232
568789500727570432
568850943359496192
568916807815438336
568960217976864769
569114030268424192
569163371746095104
569182643155300352
569216055018704896
569220096490483712
569235333050576898
569245856680914944
569252657967341569
569296356143050754
569297324285022209
569302490421833729
569310328862830592
569374011131453441
569378015429447680
569416236171456513
569420237189181440
569487075797565440
569529020892651521
569536910990950401
569541879441858560
569557763094917120
569590892085915649
569600989055086592
569603357406576641
569612035585155073
569612280989495296
569616934225846273
569621714046455808
569625953602834433
569632618460753921
569634229627297793
569644213224148993
569645350379757568
569659637575917568
569665295381614594
569673622505328640
569685194908819457
569688901922615296
569690711026573312
569691772000931840
569727223357427712
569733882007801857
569738845895335936
569813752268374016
569844262461972480
569854151531859968
569859036360908801
569907336485019648
569936893325897728
569940832691752960
569957235033399297
569964582606934016
569970117154484224
570050754158800896
570054257577041921
570059565947101184
570084406204997632
570092196247969796
570110386827087872
570151995472027649
570162212616212480
570173090774294528
570219942961922048
570239297456091136
570241070577139713
570292174044200963
570296212336865283
570304445336178688
567729749087498240
567737625637687296
567748565095968769
567786475262345216
567838896731615234
567852550512181248
567862181208805376
567871270014025728
567875130824658946
567881731967229953
567887103465496576
567892179953262592
567904438834167809
567951109677027328
568057671443750912
568087789004300288
568129947752992768
568138663864852481
568303933774532608
568432609866457088
568471539433275393
568515696197439489
568542896539873281
568569972529745920
568607402645454848
568611474416906240
568615063738646528
568629820306952192
568672781979619328
568756110456270849
568760999194591232
568789500727570432
568850943359496192
568916807815438336
568960217976864769
569114030268424192
569163371746095104
569182643155300352
569216055018704896
569220096490483712
569235333050576898
569245856680914944
569252657967341569
569296356143050754
569297324285022209
569302490421833729
569310328862830592
569374011131453441
569378015429447680
569416236171456513
569420237189181440
569487075797565440
569529020892651521
569536910990950401
569541879441858560
569557763094917120
569590892085915649
569600989055086592
569603357406576641
569612035585155073
569612280989495296
569616934225846273
569621714046455808
569625953602834433
569632618460753921
569634229627297793
569644213224148993
569645350379757568
569659637575917568
569665295381614594
569673622505328640
569685194908819457
569688901922615296
569690711026573312
569691772000931840
569727223357427712
569733882007801857
569738845895335936
569813752268374016
569844262461972480
569854151531859968
569859036360908801
569907336485019648
569936893325897728
569940832691752960
569957235033399297
569964582606934016
569970117154484224
570050754158800896
570054257577041921
570059565947101184
570084406204997632
570092196247969796
570110386827087872
570151995472027649
570162212616212480
570173090774294528
570219942961922048
570239297456091136
570241070577139713
570292174044200963
570296212336865283
570304445336178688
567729749087498240
567737625637687296
567748565095968769
567786475262345216
567838896731615234
567852550512181248
567862181208805376
567871270014025728
567875130824658946
567881731967229953
567887103465496576
567892179953262592
567904438834167809
567951109677027328
568057671443750912
568087789004300288
568129947752992768
568138663864852481
568303933774532608
568432609866457088
568471539433275393
568515696197439489
568542896539873281
568569972529745920
568607402645454848
568611474416906240
568615063738646528
568629820306952192
568672781979619328
568756110456270849
568760999194591232
568789500727570432
568850943359496192
568916807815438336
568960217976864769
569114030268424192
569163371746095104
569182643155300352
569216055018704896
569220096490483712
569235333050576898
569245856680914944
569252657967341569
569296356143050754
569297324285022209
569302490421833729
569310328862830592
569374011131453441
569378015429447680
569416236171456513
569420237189181440
569487075797565440
569529020892651521
569536910990950401
569541879441858560
569557763094917120
569590892085915649
569600989055086592
569603357406576641
569612035585155073
569612280989495296
569616934225846273
569621714046455808
569625953602834433
569632618460753921
569634229627297793
569644213224148993
569645350379757568
569659637575917568
569665295381614594
569673622505328640
569685194908819457
569688901922615296
569690711026573312
569691772000931840
569727223357427712
569733882007801857
569738845895335936
569813752268374016
569844262461972480
569854151531859968
569859036360908801
569907336485019648
569936893325897728
569940832691752960
569957235033399297
569964582606934016
569970117154484224
570050754158800896
570054257577041921
570059565947101184
570084406204997632
570092196247969796
570110386827087872
570151995472027649
570162212616212480
570173090774294528
570219942961922048
570239297456091136
570241070577139713
570292174044200963
570296212336865283
570304445336178688
