568081281910587392
568089179520954368
568536634058084352
568778215671664640
569244295921692672
569717632993263616
568081281910587392
568089179520954368
568536634058084352
568778215671664640
569244295921692672
569717632993263616
568081281910587392
568089179520954368
568536634058084352
568778215671664640
569244295921692672
569717632993263616
569966422744395776
569993218730934273
570056984986300418
570179562174328832
568081281910587392
568089179520954368
568536634058084352
568778215671664640
569244295921692672
569717632993263616
569966422744395776
569993218730934273
570056984986300418
570179562174328832
568081281910587392
568089179520954368
568536634058084352
568778215671664640
569244295921692672
569717632993263616
569966422744395776
569993218730934273
570056984986300418
570179562174328832
568081281910587392
568089179520954368
568536634058084352
568778215671664640
569244295921692672
569717632993263616
569966422744395776
569993218730934273
570056984986300418
570179562174328832
568081281910587392
568089179520954368
568536634058084352
568778215671664640
569244295921692672
569717632993263616
569966422744395776
569993218730934273
570056984986300418
570179562174328832
568081281910587392
568089179520954368
568536634058084352
568778215671664640
569244295921692672
569717632993263616
569966422744395776
569993218730934273
570056984986300418
570179562174328832
