567809403668430849
568563550475698177
568631189856264192
568731785019990017
568894248457646080
569097525690568704
569347549858934784
569657523944366080
569679274535362561
567809403668430849
568563550475698177
568631189856264192
568731785019990017
568894248457646080
569097525690568704
569347549858934784
569657523944366080
569679274535362561
567809403668430849
568563550475698177
568631189856264192
568731785019990017
568894248457646080
569097525690568704
569347549858934784
569657523944366080
569679274535362561
569863714704220160
569946477356818432
569974772551032832
570242205463359488
570301083672813571
567809403668430849
568563550475698177
568631189856264192
568731785019990017
568894248457646080
569097525690568704
569347549858934784
569657523944366080
569679274535362561
569863714704220160
569946477356818432
569974772551032832
570242205463359488
570301083672813571
567809403668430849
568563550475698177
568631189856264192
568731785019990017
568894248457646080
569097525690568704
569347549858934784
569657523944366080
569679274535362561
569863714704220160
569946477356818432
569974772551032832
570242205463359488
570301083672813571
567809403668430849
568563550475698177
568631189856264192
568731785019990017
568894248457646080
569097525690568704
569347549858934784
569657523944366080
569679274535362561
569863714704220160
569946477356818432
569974772551032832
570242205463359488
570301083672813571
567809403668430849
568563550475698177
568631189856264192
568731785019990017
568894248457646080
569097525690568704
569347549858934784
569657523944366080
569679274535362561
569863714704220160
569946477356818432
569974772551032832
570242205463359488
570301083672813571
567809403668430849
568563550475698177
568631189856264192
568731785019990017
568894248457646080
569097525690568704
569347549858934784
569657523944366080
569679274535362561
569863714704220160
569946477356818432
569974772551032832
570242205463359488
570301083672813571
