567892395867656193
568811854216105984
569393239700013056
569670904852172800
569684917145223170
569762394169221121
567892395867656193
568811854216105984
569393239700013056
569670904852172800
569684917145223170
569762394169221121
567892395867656193
568811854216105984
569393239700013056
569670904852172800
569684917145223170
569762394169221121
570087941277495296
567892395867656193
568811854216105984
569393239700013056
569670904852172800
569684917145223170
569762394169221121
570087941277495296
567892395867656193
568811854216105984
569393239700013056
569670904852172800
569684917145223170
569762394169221121
570087941277495296
567892395867656193
568811854216105984
569393239700013056
569670904852172800
569684917145223170
569762394169221121
570087941277495296
567892395867656193
568811854216105984
569393239700013056
569670904852172800
569684917145223170
569762394169221121
570087941277495296
567892395867656193
568811854216105984
569393239700013056
569670904852172800
569684917145223170
569762394169221121
570087941277495296
