567595670463205376
567721764285726720
567722294680641538
567725588937728000
567752230111936512
567758927111401474
567766633637502976
567769131663884290
567775418612195328
567779798782595072
567782346833686528
567784912011689984
567794802394406912
567797955202416641
567800930683609088
567802194155565056
567806151191191553
567811776566542336
567811913586876417
567812369902133248
567814094678675458
567823930985091072
567824276414558208
567847737061941249
567851387641597952
567857402340450305
567859714169708544
567862586374529026
567863445422546944
567891481555382272
567896250013601792
567908702088376320
567919391515348992
567946616792952832
568031706944540672
568047468384002048
568055537952284672
568062804697202688
568086184888561664
568090851907207169
568095014435229696
568096554638159872
568101606585020416
568104397869350912
568109592338518016
568109878754934784
568121659988824064
568122371854307328
568128387576762370
568132912761208832
568138172133183488
568139693574848513
568141110217805824
568143054856712192
568152035767554048
568152817656930305
568171002208886784
568172843520950272
568175537258156033
568178355452792832
568178422175948801
568188415524642816
568202482746335232
568205359208230912
568209287517835265
568210342880227328
568215628890411009
568216411404808192
568225322543538176
568248102018285570
568328533421867008
568401416982806528
568425564282998785
568430087298801666
568434790707277824
568438162369822720
568439748047581184
568440384897966080
568441899402584064
568441968327573504
568454051144339456
568457810066800640
568466642193104897
568483591623208961
568484677868265473
568491035564879872
568496445164273665
568500854082420737
568512847178645505
568516267440631808
568522747501895680
568526136017342464
568531781835571200
568536882012749824
568558979841810432
568565044994158592
568571021554556929
568586231409475584
568586882600161280
568605113457242112
568616034384498688
568621210986090497
568635531900243968
568647808619659264
568649643187310593
568655789247762432
568656888935481344
568690023513526272
568699390962958336
568760152129720320
568760613792579584
568769373122342912
568769672922812418
568775130505207809
568787202341081088
568790164404899840
568790903776636928
568794248654426112
568802225058926592
568815686446788608
568824987244584961
568828959879790592
568832394196684800
568836642825375744
568837638611992576
568840560347373569
568846033997803520
568851396923146240
568852319762313216
568853249551409153
568860389640962048
568862787193081856
568869609622904832
568877690821877760
568884751022624768
568899587424931840
568903479722246144
568905448897654784
568908978001993729
568911851674836992
568913108153946112
568917429033652226
568918820632403969
568927730160549888
568929754151145472
568930692551221248
568931575980814336
568940981321637889
568944687077199872
568950706008231936
568977696786673664
568981931599237120
568982505551851520
569146861082161152
569147852217135104
569165128366755840
569178210325430272
569184255399620608
569197967959154688
569211645710495745
569212570478911489
569216055018704896
569220438397751299
569228870177591298
569235825680105472
569242047917502464
569243017552375809
569243889011281920
569247029446119424
569247394002563072
569248084934443010
569250623427780608
569250990291062786
569256434736746496
569260462606569473
569274195332325377
569280669593038848
569292280000962561
569306871242366977
569310913079214080
569320844503228416
569322456776892417
569329401122426880
569337064484962304
569347122992185344
569379997175177216
569436161032073218
569436958281183233
569438531686424577
569464902164856832
569471635163643905
569481844300898304
569491079952642051
569502753694691328
569516566380875778
569531988702576640
569538171509350400
569540173408698369
569541106112827393
569541328289165312
569544350364889088
569558156512088064
569560151100821504
569561754163769344
569571829033144320
569580197709783040
569586098772578304
569591642367401984
569595899204255745
569596515510956032
569598155999674368
569599379893575680
569600462661554177
569600694388445184
569600985007558656
569601337882755073
569603833804038144
569604659712811009
569607706358779904
569608190410809344
569619309401546752
569620098467569664
569622819283337218
569627770613063680
569630160233873411
569631404306210816
569633323997212672
569635090214449152
569635707746160642
569638751598563328
569639823734128640
569640139288412160
569641676244791296
569641916855402496
569642267385798657
569642989515112448
569652510794887168
569654946179579904
569657112109965312
569658322732756992
569660306298945537
569661321744134144
569661596898709504
569664261678600192
569664668010225664
569667821455708160
569668488408616960
569668741484515328
569670155132907520
569671290111393792
569671454419079169
569673044802854912
569674294411669504
569675799122591746
569683567552262145
569683734951170048
569686814136467456
569687606901940226
569690252450799616
569696313824161792
569703041957564416
569704219315318784
569705380282019841
569709058636320768
569709992175116288
569710365770182656
569710853160710144
569713494821482498
569715341259104256
569715707736420352
569721779645767680
569724186173640705
569724918016839681
569725892324253696
569732365968404480
569737258191839232
569737603617943552
569758414810849280
569758649112854529
569760118591467520
569769525744250880
569777329330884608
569786457998680064
569812898815614977
567595670463205376
567721764285726720
567722294680641538
567725588937728000
567752230111936512
567758927111401474
567766633637502976
567769131663884290
567775418612195328
567779798782595072
567782346833686528
567784912011689984
567794802394406912
567797955202416641
567800930683609088
567802194155565056
567806151191191553
567811776566542336
567811913586876417
567812369902133248
567814094678675458
567823930985091072
567824276414558208
567847737061941249
567851387641597952
567857402340450305
567859714169708544
567862586374529026
567863445422546944
567891481555382272
567896250013601792
567908702088376320
567919391515348992
567946616792952832
568031706944540672
568047468384002048
568055537952284672
568062804697202688
568086184888561664
568090851907207169
568095014435229696
568096554638159872
568101606585020416
568104397869350912
568109592338518016
568109878754934784
568121659988824064
568122371854307328
568128387576762370
568132912761208832
568138172133183488
568139693574848513
568141110217805824
568143054856712192
568152035767554048
568152817656930305
568171002208886784
568172843520950272
568175537258156033
568178355452792832
568178422175948801
568188415524642816
568202482746335232
568205359208230912
568209287517835265
568210342880227328
568215628890411009
568216411404808192
568225322543538176
568248102018285570
568328533421867008
568401416982806528
568425564282998785
568430087298801666
568434790707277824
568438162369822720
568439748047581184
568440384897966080
568441899402584064
568441968327573504
568454051144339456
568457810066800640
568466642193104897
568483591623208961
568484677868265473
568491035564879872
568496445164273665
568500854082420737
568512847178645505
568516267440631808
568522747501895680
568526136017342464
568531781835571200
568536882012749824
568558979841810432
568565044994158592
568571021554556929
568586231409475584
568586882600161280
568605113457242112
568616034384498688
568621210986090497
568635531900243968
568647808619659264
568649643187310593
568655789247762432
568656888935481344
568690023513526272
568699390962958336
568760152129720320
568760613792579584
568769373122342912
568769672922812418
568775130505207809
568787202341081088
568790164404899840
568790903776636928
568794248654426112
568802225058926592
568815686446788608
568824987244584961
568828959879790592
568832394196684800
568836642825375744
568837638611992576
568840560347373569
568846033997803520
568851396923146240
568852319762313216
568853249551409153
568860389640962048
568862787193081856
568869609622904832
568877690821877760
568884751022624768
568899587424931840
568903479722246144
568905448897654784
568908978001993729
568911851674836992
568913108153946112
568917429033652226
568918820632403969
568927730160549888
568929754151145472
568930692551221248
568931575980814336
568940981321637889
568944687077199872
568950706008231936
568977696786673664
568981931599237120
568982505551851520
569146861082161152
569147852217135104
569165128366755840
569178210325430272
569184255399620608
569197967959154688
569211645710495745
569212570478911489
569216055018704896
569220438397751299
569228870177591298
569235825680105472
569242047917502464
569243017552375809
569243889011281920
569247029446119424
569247394002563072
569248084934443010
569250623427780608
569250990291062786
569256434736746496
569260462606569473
569274195332325377
569280669593038848
569292280000962561
569306871242366977
569310913079214080
569320844503228416
569322456776892417
569329401122426880
569337064484962304
569347122992185344
569379997175177216
569436161032073218
569436958281183233
569438531686424577
569464902164856832
569471635163643905
569481844300898304
569491079952642051
569502753694691328
569516566380875778
569531988702576640
569538171509350400
569540173408698369
569541106112827393
569541328289165312
569544350364889088
569558156512088064
569560151100821504
569561754163769344
569571829033144320
569580197709783040
569586098772578304
569591642367401984
569595899204255745
569596515510956032
569598155999674368
569599379893575680
569600462661554177
569600694388445184
569600985007558656
569601337882755073
569603833804038144
569604659712811009
569607706358779904
569608190410809344
569619309401546752
569620098467569664
569622819283337218
569627770613063680
569630160233873411
569631404306210816
569633323997212672
569635090214449152
569635707746160642
569638751598563328
569639823734128640
569640139288412160
569641676244791296
569641916855402496
569642267385798657
569642989515112448
569652510794887168
569654946179579904
569657112109965312
569658322732756992
569660306298945537
569661321744134144
569661596898709504
569664261678600192
569664668010225664
569667821455708160
569668488408616960
569668741484515328
569670155132907520
569671290111393792
569671454419079169
569673044802854912
569674294411669504
569675799122591746
569683567552262145
569683734951170048
569686814136467456
569687606901940226
569690252450799616
569696313824161792
569703041957564416
569704219315318784
569705380282019841
569709058636320768
569709992175116288
569710365770182656
569710853160710144
569713494821482498
569715341259104256
569715707736420352
569721779645767680
569724186173640705
569724918016839681
569725892324253696
569732365968404480
569737258191839232
569737603617943552
569758414810849280
569758649112854529
569760118591467520
569769525744250880
569777329330884608
569786457998680064
569812898815614977
569830069746712576
567595670463205376
567721764285726720
567722294680641538
567725588937728000
567752230111936512
567758927111401474
567766633637502976
567769131663884290
567775418612195328
567779798782595072
567782346833686528
567784912011689984
567794802394406912
567797955202416641
567800930683609088
567802194155565056
567806151191191553
567811776566542336
567811913586876417
567812369902133248
567814094678675458
567823930985091072
567824276414558208
567847737061941249
567851387641597952
567857402340450305
567859714169708544
567862586374529026
567863445422546944
567891481555382272
567896250013601792
567908702088376320
567919391515348992
567946616792952832
568031706944540672
568047468384002048
568055537952284672
568062804697202688
568086184888561664
568090851907207169
568095014435229696
568096554638159872
568101606585020416
568104397869350912
568109592338518016
568109878754934784
568121659988824064
568122371854307328
568128387576762370
568132912761208832
568138172133183488
568139693574848513
568141110217805824
568143054856712192
568152035767554048
568152817656930305
568171002208886784
568172843520950272
568175537258156033
568178355452792832
568178422175948801
568188415524642816
568202482746335232
568205359208230912
568209287517835265
568210342880227328
568215628890411009
568216411404808192
568225322543538176
568248102018285570
568328533421867008
568401416982806528
568425564282998785
568430087298801666
568434790707277824
568438162369822720
568439748047581184
568440384897966080
568441899402584064
568441968327573504
568454051144339456
568457810066800640
568466642193104897
568483591623208961
568484677868265473
568491035564879872
568496445164273665
568500854082420737
568512847178645505
568516267440631808
568522747501895680
568526136017342464
568531781835571200
568536882012749824
568558979841810432
568565044994158592
568571021554556929
568586231409475584
568586882600161280
568605113457242112
568616034384498688
568621210986090497
568635531900243968
568647808619659264
568649643187310593
568655789247762432
568656888935481344
568690023513526272
568699390962958336
568760152129720320
568760613792579584
568769373122342912
568769672922812418
568775130505207809
568787202341081088
568790164404899840
568790903776636928
568794248654426112
568802225058926592
568815686446788608
568824987244584961
568828959879790592
568832394196684800
568836642825375744
568837638611992576
568840560347373569
568846033997803520
568851396923146240
568852319762313216
568853249551409153
568860389640962048
568862787193081856
568869609622904832
568877690821877760
568884751022624768
568899587424931840
568903479722246144
568905448897654784
568908978001993729
568911851674836992
568913108153946112
568917429033652226
568918820632403969
568927730160549888
568929754151145472
568930692551221248
568931575980814336
568940981321637889
568944687077199872
568950706008231936
568977696786673664
568981931599237120
568982505551851520
569146861082161152
569147852217135104
569165128366755840
569178210325430272
569184255399620608
569197967959154688
569211645710495745
569212570478911489
569216055018704896
569220438397751299
569228870177591298
569235825680105472
569242047917502464
569243017552375809
569243889011281920
569247029446119424
569247394002563072
569248084934443010
569250623427780608
569250990291062786
569256434736746496
569260462606569473
569274195332325377
569280669593038848
569292280000962561
569306871242366977
569310913079214080
569320844503228416
569322456776892417
569329401122426880
569337064484962304
569347122992185344
569379997175177216
569436161032073218
569436958281183233
569438531686424577
569464902164856832
569471635163643905
569481844300898304
569491079952642051
569502753694691328
569516566380875778
569531988702576640
569538171509350400
569540173408698369
569541106112827393
569541328289165312
569544350364889088
569558156512088064
569560151100821504
569561754163769344
569571829033144320
569580197709783040
569586098772578304
569591642367401984
569595899204255745
569596515510956032
569598155999674368
569599379893575680
569600462661554177
569600694388445184
569600985007558656
569601337882755073
569603833804038144
569604659712811009
569607706358779904
569608190410809344
569619309401546752
569620098467569664
569622819283337218
569627770613063680
569630160233873411
569631404306210816
569633323997212672
569635090214449152
569635707746160642
569638751598563328
569639823734128640
569640139288412160
569641676244791296
569641916855402496
569642267385798657
569642989515112448
569652510794887168
569654946179579904
569657112109965312
569658322732756992
569660306298945537
569661321744134144
569661596898709504
569664261678600192
569664668010225664
569667821455708160
569668488408616960
569668741484515328
569670155132907520
569671290111393792
569671454419079169
569673044802854912
569674294411669504
569675799122591746
569683567552262145
569683734951170048
569686814136467456
569687606901940226
569690252450799616
569696313824161792
569703041957564416
569704219315318784
569705380282019841
569709058636320768
569709992175116288
569710365770182656
569710853160710144
569713494821482498
569715341259104256
569715707736420352
569721779645767680
569724186173640705
569724918016839681
569725892324253696
569732365968404480
569737258191839232
569737603617943552
569758414810849280
569758649112854529
569760118591467520
569769525744250880
569777329330884608
569786457998680064
569812898815614977
569830069746712576
569844044693577728
569849281533874176
569849550032101377
569857504768757760
569860371626004480
569862767236255744
569863714704220160
569864778702671874
569867364390449152
569869884164714498
569873968175259650
569876325588197377
569881548515708928
569883376041250816
569884616649269248
569885859954229248
569890084893413376
569900147343265792
569904406285516800
569907965223763970
569910410343804928
569911515106582528
569911600934752256
569911816937033728
569918035097731072
569919625640615936
569919703054991361
569921267601580032
569922853266694145
569923730614460416
569925614100189186
569925990283145216
569927442657386496
569932216966516736
569933816963342337
569936580883783680
569942903683813376
569949017674809344
569953683309514754
569967808446009345
569967925416886273
569969506740674560
569971233351213056
569971998572589057
569976622054395904
569976848786034688
569977223198822400
569980827209207809
569983990683148288
569990330227007488
569992815624781824
570000760035024896
570002083832733696
570015876902232064
570017101097934849
570032300265578496
570034112863608832
570039279050579968
570043114058076160
570044497330987008
570049018820042752
570050891929280512
570051875652767744
570059574268469248
570062369096908801
570063450174464000
570068976778153984
570073705507725313
570076090917650432
570077847672328192
570078355770339328
570081513087369216
570081545211375616
570085628576202752
570085837821632512
570096856685871106
570097189617143808
570104544622981122
570104743747416064
570108724636831745
570108987284197376
570110386827087872
570114451120074752
570115243747074048
570119247982137344
570127035890184192
570141242769559552
570146348613406720
570151995472027649
570159741441335296
570175669096882176
570184535507210241
570186666276577280
570191763731841024
570199956704919552
570205323992174592
570206077826039808
570207643874123777
570208115205021696
570216960321044481
570223460632403969
570226143045033985
570229813937463299
570232616755929088
570235195934117889
570237629775675392
570240043022991361
570247474465677312
570247763704868864
570251560871002112
570254375081414656
570257336465387521
570259423987404800
570259540697948162
570260118043914240
570261359377698817
570267929322921985
570270848201797632
570271479616573440
570271846718775296
570275726483542016
570276196405125120
570280776849346561
570288282413633536
570290540274688001
570290993339244547
570298285350629376
570305078470557697
570307109218340865
570309000279023616
567595670463205376
567721764285726720
567722294680641538
567725588937728000
567752230111936512
567758927111401474
567766633637502976
567769131663884290
567775418612195328
567779798782595072
567782346833686528
567784912011689984
567794802394406912
567797955202416641
567800930683609088
567802194155565056
567806151191191553
567811776566542336
567811913586876417
567812369902133248
567814094678675458
567823930985091072
567824276414558208
567847737061941249
567851387641597952
567857402340450305
567859714169708544
567862586374529026
567863445422546944
567891481555382272
567896250013601792
567908702088376320
567919391515348992
567946616792952832
568031706944540672
568047468384002048
568055537952284672
568062804697202688
568086184888561664
568090851907207169
568095014435229696
568096554638159872
568101606585020416
568104397869350912
568109592338518016
568109878754934784
568121659988824064
568122371854307328
568128387576762370
568132912761208832
568138172133183488
568139693574848513
568141110217805824
568143054856712192
568152035767554048
568152817656930305
568171002208886784
568172843520950272
568175537258156033
568178355452792832
568178422175948801
568188415524642816
568202482746335232
568205359208230912
568209287517835265
568210342880227328
568215628890411009
568216411404808192
568225322543538176
568248102018285570
568328533421867008
568401416982806528
568425564282998785
568430087298801666
568434790707277824
568438162369822720
568439748047581184
568440384897966080
568441899402584064
568441968327573504
568454051144339456
568457810066800640
568466642193104897
568483591623208961
568484677868265473
568491035564879872
568496445164273665
568500854082420737
568512847178645505
568516267440631808
568522747501895680
568526136017342464
568531781835571200
568536882012749824
568558979841810432
568565044994158592
568571021554556929
568586231409475584
568586882600161280
568605113457242112
568616034384498688
568621210986090497
568635531900243968
568647808619659264
568649643187310593
568655789247762432
568656888935481344
568690023513526272
568699390962958336
568760152129720320
568760613792579584
568769373122342912
568769672922812418
568775130505207809
568787202341081088
568790164404899840
568790903776636928
568794248654426112
568802225058926592
568815686446788608
568824987244584961
568828959879790592
568832394196684800
568836642825375744
568837638611992576
568840560347373569
568846033997803520
568851396923146240
568852319762313216
568853249551409153
568860389640962048
568862787193081856
568869609622904832
568877690821877760
568884751022624768
568899587424931840
568903479722246144
568905448897654784
568908978001993729
568911851674836992
568913108153946112
568917429033652226
568918820632403969
568927730160549888
568929754151145472
568930692551221248
568931575980814336
568940981321637889
568944687077199872
568950706008231936
568977696786673664
568981931599237120
568982505551851520
569146861082161152
569147852217135104
569165128366755840
569178210325430272
569184255399620608
569197967959154688
569211645710495745
569212570478911489
569216055018704896
569220438397751299
569228870177591298
569235825680105472
569242047917502464
569243017552375809
569243889011281920
569247029446119424
569247394002563072
569248084934443010
569250623427780608
569250990291062786
569256434736746496
569260462606569473
569274195332325377
569280669593038848
569292280000962561
569306871242366977
569310913079214080
569320844503228416
569322456776892417
569329401122426880
569337064484962304
569347122992185344
569379997175177216
569436161032073218
569436958281183233
569438531686424577
569464902164856832
569471635163643905
569481844300898304
569491079952642051
569502753694691328
569516566380875778
569531988702576640
569538171509350400
569540173408698369
569541106112827393
569541328289165312
569544350364889088
569558156512088064
569560151100821504
569561754163769344
569571829033144320
569580197709783040
569586098772578304
569591642367401984
569595899204255745
569596515510956032
569598155999674368
569599379893575680
569600462661554177
569600694388445184
569600985007558656
569601337882755073
569603833804038144
569604659712811009
569607706358779904
569608190410809344
569619309401546752
569620098467569664
569622819283337218
569627770613063680
569630160233873411
569631404306210816
569633323997212672
569635090214449152
569635707746160642
569638751598563328
569639823734128640
569640139288412160
569641676244791296
569641916855402496
569642267385798657
569642989515112448
569652510794887168
569654946179579904
569657112109965312
569658322732756992
569660306298945537
569661321744134144
569661596898709504
569664261678600192
569664668010225664
569667821455708160
569668488408616960
569668741484515328
569670155132907520
569671290111393792
569671454419079169
569673044802854912
569674294411669504
569675799122591746
569683567552262145
569683734951170048
569686814136467456
569687606901940226
569690252450799616
569696313824161792
569703041957564416
569704219315318784
569705380282019841
569709058636320768
569709992175116288
569710365770182656
569710853160710144
569713494821482498
569715341259104256
569715707736420352
569721779645767680
569724186173640705
569724918016839681
569725892324253696
569732365968404480
569737258191839232
569737603617943552
569758414810849280
569758649112854529
569760118591467520
569769525744250880
569777329330884608
569786457998680064
569812898815614977
569830069746712576
569844044693577728
569849281533874176
569849550032101377
569857504768757760
569860371626004480
569862767236255744
569863714704220160
569864778702671874
569867364390449152
569869884164714498
569873968175259650
569876325588197377
569881548515708928
569883376041250816
569884616649269248
569885859954229248
569890084893413376
569900147343265792
569904406285516800
569907965223763970
569910410343804928
569911515106582528
569911600934752256
569911816937033728
569918035097731072
569919625640615936
569919703054991361
569921267601580032
569922853266694145
569923730614460416
569925614100189186
569925990283145216
569927442657386496
569932216966516736
569933816963342337
569936580883783680
569942903683813376
569949017674809344
569953683309514754
569967808446009345
569967925416886273
569969506740674560
569971233351213056
569971998572589057
569976622054395904
569976848786034688
569977223198822400
569980827209207809
569983990683148288
569990330227007488
569992815624781824
570000760035024896
570002083832733696
570015876902232064
570017101097934849
570032300265578496
570034112863608832
570039279050579968
570043114058076160
570044497330987008
570049018820042752
570050891929280512
570051875652767744
570059574268469248
570062369096908801
570063450174464000
570068976778153984
570073705507725313
570076090917650432
570077847672328192
570078355770339328
570081513087369216
570081545211375616
570085628576202752
570085837821632512
570096856685871106
570097189617143808
570104544622981122
570104743747416064
570108724636831745
570108987284197376
570110386827087872
570114451120074752
570115243747074048
570119247982137344
570127035890184192
570141242769559552
570146348613406720
570151995472027649
570159741441335296
570175669096882176
570184535507210241
570186666276577280
570191763731841024
570199956704919552
570205323992174592
570206077826039808
570207643874123777
570208115205021696
570216960321044481
570223460632403969
570226143045033985
570229813937463299
570232616755929088
570235195934117889
570237629775675392
570240043022991361
570247474465677312
570247763704868864
570251560871002112
570254375081414656
570257336465387521
570259423987404800
570259540697948162
570260118043914240
570261359377698817
570267929322921985
570270848201797632
570271479616573440
570271846718775296
570275726483542016
570276196405125120
570280776849346561
570288282413633536
570290540274688001
570290993339244547
570298285350629376
570305078470557697
570307109218340865
570309000279023616
567595670463205376
567721764285726720
567722294680641538
567725588937728000
567752230111936512
567758927111401474
567766633637502976
567769131663884290
567775418612195328
567779798782595072
567782346833686528
567784912011689984
567794802394406912
567797955202416641
567800930683609088
567802194155565056
567806151191191553
567811776566542336
567811913586876417
567812369902133248
567814094678675458
567823930985091072
567824276414558208
567847737061941249
567851387641597952
567857402340450305
567859714169708544
567862586374529026
567863445422546944
567891481555382272
567896250013601792
567908702088376320
567919391515348992
567946616792952832
568031706944540672
568047468384002048
568055537952284672
568062804697202688
568086184888561664
568090851907207169
568095014435229696
568096554638159872
568101606585020416
568104397869350912
568109592338518016
568109878754934784
568121659988824064
568122371854307328
568128387576762370
568132912761208832
568138172133183488
568139693574848513
568141110217805824
568143054856712192
568152035767554048
568152817656930305
568171002208886784
568172843520950272
568175537258156033
568178355452792832
568178422175948801
568188415524642816
568202482746335232
568205359208230912
568209287517835265
568210342880227328
568215628890411009
568216411404808192
568225322543538176
568248102018285570
568328533421867008
568401416982806528
568425564282998785
568430087298801666
568434790707277824
568438162369822720
568439748047581184
568440384897966080
568441899402584064
568441968327573504
568454051144339456
568457810066800640
568466642193104897
568483591623208961
568484677868265473
568491035564879872
568496445164273665
568500854082420737
568512847178645505
568516267440631808
568522747501895680
568526136017342464
568531781835571200
568536882012749824
568558979841810432
568565044994158592
568571021554556929
568586231409475584
568586882600161280
568605113457242112
568616034384498688
568621210986090497
568635531900243968
568647808619659264
568649643187310593
568655789247762432
568656888935481344
568690023513526272
568699390962958336
568760152129720320
568760613792579584
568769373122342912
568769672922812418
568775130505207809
568787202341081088
568790164404899840
568790903776636928
568794248654426112
568802225058926592
568815686446788608
568824987244584961
568828959879790592
568832394196684800
568836642825375744
568837638611992576
568840560347373569
568846033997803520
568851396923146240
568852319762313216
568853249551409153
568860389640962048
568862787193081856
568869609622904832
568877690821877760
568884751022624768
568899587424931840
568903479722246144
568905448897654784
568908978001993729
568911851674836992
568913108153946112
568917429033652226
568918820632403969
568927730160549888
568929754151145472
568930692551221248
568931575980814336
568940981321637889
568944687077199872
568950706008231936
568977696786673664
568981931599237120
568982505551851520
569146861082161152
569147852217135104
569165128366755840
569178210325430272
569184255399620608
569197967959154688
569211645710495745
569212570478911489
569216055018704896
569220438397751299
569228870177591298
569235825680105472
569242047917502464
569243017552375809
569243889011281920
569247029446119424
569247394002563072
569248084934443010
569250623427780608
569250990291062786
569256434736746496
569260462606569473
569274195332325377
569280669593038848
569292280000962561
569306871242366977
569310913079214080
569320844503228416
569322456776892417
569329401122426880
569337064484962304
569347122992185344
569379997175177216
569436161032073218
569436958281183233
569438531686424577
569464902164856832
569471635163643905
569481844300898304
569491079952642051
569502753694691328
569516566380875778
569531988702576640
569538171509350400
569540173408698369
569541106112827393
569541328289165312
569544350364889088
569558156512088064
569560151100821504
569561754163769344
569571829033144320
569580197709783040
569586098772578304
569591642367401984
569595899204255745
569596515510956032
569598155999674368
569599379893575680
569600462661554177
569600694388445184
569600985007558656
569601337882755073
569603833804038144
569604659712811009
569607706358779904
569608190410809344
569619309401546752
569620098467569664
569622819283337218
569627770613063680
569630160233873411
569631404306210816
569633323997212672
569635090214449152
569635707746160642
569638751598563328
569639823734128640
569640139288412160
569641676244791296
569641916855402496
569642267385798657
569642989515112448
569652510794887168
569654946179579904
569657112109965312
569658322732756992
569660306298945537
569661321744134144
569661596898709504
569664261678600192
569664668010225664
569667821455708160
569668488408616960
569668741484515328
569670155132907520
569671290111393792
569671454419079169
569673044802854912
569674294411669504
569675799122591746
569683567552262145
569683734951170048
569686814136467456
569687606901940226
569690252450799616
569696313824161792
569703041957564416
569704219315318784
569705380282019841
569709058636320768
569709992175116288
569710365770182656
569710853160710144
569713494821482498
569715341259104256
569715707736420352
569721779645767680
569724186173640705
569724918016839681
569725892324253696
569732365968404480
569737258191839232
569737603617943552
569758414810849280
569758649112854529
569760118591467520
569769525744250880
569777329330884608
569786457998680064
569812898815614977
569830069746712576
569844044693577728
569849281533874176
569849550032101377
569857504768757760
569860371626004480
569862767236255744
569863714704220160
569864778702671874
569867364390449152
569869884164714498
569873968175259650
569876325588197377
569881548515708928
569883376041250816
569884616649269248
569885859954229248
569890084893413376
569900147343265792
569904406285516800
569907965223763970
569910410343804928
569911515106582528
569911600934752256
569911816937033728
569918035097731072
569919625640615936
569919703054991361
569921267601580032
569922853266694145
569923730614460416
569925614100189186
569925990283145216
569927442657386496
569932216966516736
569933816963342337
569936580883783680
569942903683813376
569949017674809344
569953683309514754
569967808446009345
569967925416886273
569969506740674560
569971233351213056
569971998572589057
569976622054395904
569976848786034688
569977223198822400
569980827209207809
569983990683148288
569990330227007488
569992815624781824
570000760035024896
570002083832733696
570015876902232064
570017101097934849
570032300265578496
570034112863608832
570039279050579968
570043114058076160
570044497330987008
570049018820042752
570050891929280512
570051875652767744
570059574268469248
570062369096908801
570063450174464000
570068976778153984
570073705507725313
570076090917650432
570077847672328192
570078355770339328
570081513087369216
570081545211375616
570085628576202752
570085837821632512
570096856685871106
570097189617143808
570104544622981122
570104743747416064
570108724636831745
570108987284197376
570110386827087872
570114451120074752
570115243747074048
570119247982137344
570127035890184192
570141242769559552
570146348613406720
570151995472027649
570159741441335296
570175669096882176
570184535507210241
570186666276577280
570191763731841024
570199956704919552
570205323992174592
570206077826039808
570207643874123777
570208115205021696
570216960321044481
570223460632403969
570226143045033985
570229813937463299
570232616755929088
570235195934117889
570237629775675392
570240043022991361
570247474465677312
570247763704868864
570251560871002112
570254375081414656
570257336465387521
570259423987404800
570259540697948162
570260118043914240
570261359377698817
570267929322921985
570270848201797632
570271479616573440
570271846718775296
570275726483542016
570276196405125120
570280776849346561
570288282413633536
570290540274688001
570290993339244547
570298285350629376
570305078470557697
570307109218340865
570309000279023616
567595670463205376
567721764285726720
567722294680641538
567725588937728000
567752230111936512
567758927111401474
567766633637502976
567769131663884290
567775418612195328
567779798782595072
567782346833686528
567784912011689984
567794802394406912
567797955202416641
567800930683609088
567802194155565056
567806151191191553
567811776566542336
567811913586876417
567812369902133248
567814094678675458
567823930985091072
567824276414558208
567847737061941249
567851387641597952
567857402340450305
567859714169708544
567862586374529026
567863445422546944
567891481555382272
567896250013601792
567908702088376320
567919391515348992
567946616792952832
568031706944540672
568047468384002048
568055537952284672
568062804697202688
568086184888561664
568090851907207169
568095014435229696
568096554638159872
568101606585020416
568104397869350912
568109592338518016
568109878754934784
568121659988824064
568122371854307328
568128387576762370
568132912761208832
568138172133183488
568139693574848513
568141110217805824
568143054856712192
568152035767554048
568152817656930305
568171002208886784
568172843520950272
568175537258156033
568178355452792832
568178422175948801
568188415524642816
568202482746335232
568205359208230912
568209287517835265
568210342880227328
568215628890411009
568216411404808192
568225322543538176
568248102018285570
568328533421867008
568401416982806528
568425564282998785
568430087298801666
568434790707277824
568438162369822720
568439748047581184
568440384897966080
568441899402584064
568441968327573504
568454051144339456
568457810066800640
568466642193104897
568483591623208961
568484677868265473
568491035564879872
568496445164273665
568500854082420737
568512847178645505
568516267440631808
568522747501895680
568526136017342464
568531781835571200
568536882012749824
568558979841810432
568565044994158592
568571021554556929
568586231409475584
568586882600161280
568605113457242112
568616034384498688
568621210986090497
568635531900243968
568647808619659264
568649643187310593
568655789247762432
568656888935481344
568690023513526272
568699390962958336
568760152129720320
568760613792579584
568769373122342912
568769672922812418
568775130505207809
568787202341081088
568790164404899840
568790903776636928
568794248654426112
568802225058926592
568815686446788608
568824987244584961
568828959879790592
568832394196684800
568836642825375744
568837638611992576
568840560347373569
568846033997803520
568851396923146240
568852319762313216
568853249551409153
568860389640962048
568862787193081856
568869609622904832
568877690821877760
568884751022624768
568899587424931840
568903479722246144
568905448897654784
568908978001993729
568911851674836992
568913108153946112
568917429033652226
568918820632403969
568927730160549888
568929754151145472
568930692551221248
568931575980814336
568940981321637889
568944687077199872
568950706008231936
568977696786673664
568981931599237120
568982505551851520
569146861082161152
569147852217135104
569165128366755840
569178210325430272
569184255399620608
569197967959154688
569211645710495745
569212570478911489
569216055018704896
569220438397751299
569228870177591298
569235825680105472
569242047917502464
569243017552375809
569243889011281920
569247029446119424
569247394002563072
569248084934443010
569250623427780608
569250990291062786
569256434736746496
569260462606569473
569274195332325377
569280669593038848
569292280000962561
569306871242366977
569310913079214080
569320844503228416
569322456776892417
569329401122426880
569337064484962304
569347122992185344
569379997175177216
569436161032073218
569436958281183233
569438531686424577
569464902164856832
569471635163643905
569481844300898304
569491079952642051
569502753694691328
569516566380875778
569531988702576640
569538171509350400
569540173408698369
569541106112827393
569541328289165312
569544350364889088
569558156512088064
569560151100821504
569561754163769344
569571829033144320
569580197709783040
569586098772578304
569591642367401984
569595899204255745
569596515510956032
569598155999674368
569599379893575680
569600462661554177
569600694388445184
569600985007558656
569601337882755073
569603833804038144
569604659712811009
569607706358779904
569608190410809344
569619309401546752
569620098467569664
569622819283337218
569627770613063680
569630160233873411
569631404306210816
569633323997212672
569635090214449152
569635707746160642
569638751598563328
569639823734128640
569640139288412160
569641676244791296
569641916855402496
569642267385798657
569642989515112448
569652510794887168
569654946179579904
569657112109965312
569658322732756992
569660306298945537
569661321744134144
569661596898709504
569664261678600192
569664668010225664
569667821455708160
569668488408616960
569668741484515328
569670155132907520
569671290111393792
569671454419079169
569673044802854912
569674294411669504
569675799122591746
569683567552262145
569683734951170048
569686814136467456
569687606901940226
569690252450799616
569696313824161792
569703041957564416
569704219315318784
569705380282019841
569709058636320768
569709992175116288
569710365770182656
569710853160710144
569713494821482498
569715341259104256
569715707736420352
569721779645767680
569724186173640705
569724918016839681
569725892324253696
569732365968404480
569737258191839232
569737603617943552
569758414810849280
569758649112854529
569760118591467520
569769525744250880
569777329330884608
569786457998680064
569812898815614977
569830069746712576
569844044693577728
569849281533874176
569849550032101377
569857504768757760
569860371626004480
569862767236255744
569863714704220160
569864778702671874
569867364390449152
569869884164714498
569873968175259650
569876325588197377
569881548515708928
569883376041250816
569884616649269248
569885859954229248
569890084893413376
569900147343265792
569904406285516800
569907965223763970
569910410343804928
569911515106582528
569911600934752256
569911816937033728
569918035097731072
569919625640615936
569919703054991361
569921267601580032
569922853266694145
569923730614460416
569925614100189186
569925990283145216
569927442657386496
569932216966516736
569933816963342337
569936580883783680
569942903683813376
569949017674809344
569953683309514754
569967808446009345
569967925416886273
569969506740674560
569971233351213056
569971998572589057
569976622054395904
569976848786034688
569977223198822400
569980827209207809
569983990683148288
569990330227007488
569992815624781824
570000760035024896
570002083832733696
570015876902232064
570017101097934849
570032300265578496
570034112863608832
570039279050579968
570043114058076160
570044497330987008
570049018820042752
570050891929280512
570051875652767744
570059574268469248
570062369096908801
570063450174464000
570068976778153984
570073705507725313
570076090917650432
570077847672328192
570078355770339328
570081513087369216
570081545211375616
570085628576202752
570085837821632512
570096856685871106
570097189617143808
570104544622981122
570104743747416064
570108724636831745
570108987284197376
570110386827087872
570114451120074752
570115243747074048
570119247982137344
570127035890184192
570141242769559552
570146348613406720
570151995472027649
570159741441335296
570175669096882176
570184535507210241
570186666276577280
570191763731841024
570199956704919552
570205323992174592
570206077826039808
570207643874123777
570208115205021696
570216960321044481
570223460632403969
570226143045033985
570229813937463299
570232616755929088
570235195934117889
570237629775675392
570240043022991361
570247474465677312
570247763704868864
570251560871002112
570254375081414656
570257336465387521
570259423987404800
570259540697948162
570260118043914240
570261359377698817
570267929322921985
570270848201797632
570271479616573440
570271846718775296
570275726483542016
570276196405125120
570280776849346561
570288282413633536
570290540274688001
570290993339244547
570298285350629376
570305078470557697
570307109218340865
570309000279023616
567595670463205376
567721764285726720
567722294680641538
567725588937728000
567752230111936512
567758927111401474
567766633637502976
567769131663884290
567775418612195328
567779798782595072
567782346833686528
567784912011689984
567794802394406912
567797955202416641
567800930683609088
567802194155565056
567806151191191553
567811776566542336
567811913586876417
567812369902133248
567814094678675458
567823930985091072
567824276414558208
567847737061941249
567851387641597952
567857402340450305
567859714169708544
567862586374529026
567863445422546944
567891481555382272
567896250013601792
567908702088376320
567919391515348992
567946616792952832
568031706944540672
568047468384002048
568055537952284672
568062804697202688
568086184888561664
568090851907207169
568095014435229696
568096554638159872
568101606585020416
568104397869350912
568109592338518016
568109878754934784
568121659988824064
568122371854307328
568128387576762370
568132912761208832
568138172133183488
568139693574848513
568141110217805824
568143054856712192
568152035767554048
568152817656930305
568171002208886784
568172843520950272
568175537258156033
568178355452792832
568178422175948801
568188415524642816
568202482746335232
568205359208230912
568209287517835265
568210342880227328
568215628890411009
568216411404808192
568225322543538176
568248102018285570
568328533421867008
568401416982806528
568425564282998785
568430087298801666
568434790707277824
568438162369822720
568439748047581184
568440384897966080
568441899402584064
568441968327573504
568454051144339456
568457810066800640
568466642193104897
568483591623208961
568484677868265473
568491035564879872
568496445164273665
568500854082420737
568512847178645505
568516267440631808
568522747501895680
568526136017342464
568531781835571200
568536882012749824
568558979841810432
568565044994158592
568571021554556929
568586231409475584
568586882600161280
568605113457242112
568616034384498688
568621210986090497
568635531900243968
568647808619659264
568649643187310593
568655789247762432
568656888935481344
568690023513526272
568699390962958336
568760152129720320
568760613792579584
568769373122342912
568769672922812418
568775130505207809
568787202341081088
568790164404899840
568790903776636928
568794248654426112
568802225058926592
568815686446788608
568824987244584961
568828959879790592
568832394196684800
568836642825375744
568837638611992576
568840560347373569
568846033997803520
568851396923146240
568852319762313216
568853249551409153
568860389640962048
568862787193081856
568869609622904832
568877690821877760
568884751022624768
568899587424931840
568903479722246144
568905448897654784
568908978001993729
568911851674836992
568913108153946112
568917429033652226
568918820632403969
568927730160549888
568929754151145472
568930692551221248
568931575980814336
568940981321637889
568944687077199872
568950706008231936
568977696786673664
568981931599237120
568982505551851520
569146861082161152
569147852217135104
569165128366755840
569178210325430272
569184255399620608
569197967959154688
569211645710495745
569212570478911489
569216055018704896
569220438397751299
569228870177591298
569235825680105472
569242047917502464
569243017552375809
569243889011281920
569247029446119424
569247394002563072
569248084934443010
569250623427780608
569250990291062786
569256434736746496
569260462606569473
569274195332325377
569280669593038848
569292280000962561
569306871242366977
569310913079214080
569320844503228416
569322456776892417
569329401122426880
569337064484962304
569347122992185344
569379997175177216
569436161032073218
569436958281183233
569438531686424577
569464902164856832
569471635163643905
569481844300898304
569491079952642051
569502753694691328
569516566380875778
569531988702576640
569538171509350400
569540173408698369
569541106112827393
569541328289165312
569544350364889088
569558156512088064
569560151100821504
569561754163769344
569571829033144320
569580197709783040
569586098772578304
569591642367401984
569595899204255745
569596515510956032
569598155999674368
569599379893575680
569600462661554177
569600694388445184
569600985007558656
569601337882755073
569603833804038144
569604659712811009
569607706358779904
569608190410809344
569619309401546752
569620098467569664
569622819283337218
569627770613063680
569630160233873411
569631404306210816
569633323997212672
569635090214449152
569635707746160642
569638751598563328
569639823734128640
569640139288412160
569641676244791296
569641916855402496
569642267385798657
569642989515112448
569652510794887168
569654946179579904
569657112109965312
569658322732756992
569660306298945537
569661321744134144
569661596898709504
569664261678600192
569664668010225664
569667821455708160
569668488408616960
569668741484515328
569670155132907520
569671290111393792
569671454419079169
569673044802854912
569674294411669504
569675799122591746
569683567552262145
569683734951170048
569686814136467456
569687606901940226
569690252450799616
569696313824161792
569703041957564416
569704219315318784
569705380282019841
569709058636320768
569709992175116288
569710365770182656
569710853160710144
569713494821482498
569715341259104256
569715707736420352
569721779645767680
569724186173640705
569724918016839681
569725892324253696
569732365968404480
569737258191839232
569737603617943552
569758414810849280
569758649112854529
569760118591467520
569769525744250880
569777329330884608
569786457998680064
569812898815614977
569830069746712576
569844044693577728
569849281533874176
569849550032101377
569857504768757760
569860371626004480
569862767236255744
569863714704220160
569864778702671874
569867364390449152
569869884164714498
569873968175259650
569876325588197377
569881548515708928
569883376041250816
569884616649269248
569885859954229248
569890084893413376
569900147343265792
569904406285516800
569907965223763970
569910410343804928
569911515106582528
569911600934752256
569911816937033728
569918035097731072
569919625640615936
569919703054991361
569921267601580032
569922853266694145
569923730614460416
569925614100189186
569925990283145216
569927442657386496
569932216966516736
569933816963342337
569936580883783680
569942903683813376
569949017674809344
569953683309514754
569967808446009345
569967925416886273
569969506740674560
569971233351213056
569971998572589057
569976622054395904
569976848786034688
569977223198822400
569980827209207809
569983990683148288
569990330227007488
569992815624781824
570000760035024896
570002083832733696
570015876902232064
570017101097934849
570032300265578496
570034112863608832
570039279050579968
570043114058076160
570044497330987008
570049018820042752
570050891929280512
570051875652767744
570059574268469248
570062369096908801
570063450174464000
570068976778153984
570073705507725313
570076090917650432
570077847672328192
570078355770339328
570081513087369216
570081545211375616
570085628576202752
570085837821632512
570096856685871106
570097189617143808
570104544622981122
570104743747416064
570108724636831745
570108987284197376
570110386827087872
570114451120074752
570115243747074048
570119247982137344
570127035890184192
570141242769559552
570146348613406720
570151995472027649
570159741441335296
570175669096882176
570184535507210241
570186666276577280
570191763731841024
570199956704919552
570205323992174592
570206077826039808
570207643874123777
570208115205021696
570216960321044481
570223460632403969
570226143045033985
570229813937463299
570232616755929088
570235195934117889
570237629775675392
570240043022991361
570247474465677312
570247763704868864
570251560871002112
570254375081414656
570257336465387521
570259423987404800
570259540697948162
570260118043914240
570261359377698817
570267929322921985
570270848201797632
570271479616573440
570271846718775296
570275726483542016
570276196405125120
570280776849346561
570288282413633536
570290540274688001
570290993339244547
570298285350629376
570305078470557697
570307109218340865
570309000279023616
567595670463205376
567721764285726720
567722294680641538
567725588937728000
567752230111936512
567758927111401474
567766633637502976
567769131663884290
567775418612195328
567779798782595072
567782346833686528
567784912011689984
567794802394406912
567797955202416641
567800930683609088
567802194155565056
567806151191191553
567811776566542336
567811913586876417
567812369902133248
567814094678675458
567823930985091072
567824276414558208
567847737061941249
567851387641597952
567857402340450305
567859714169708544
567862586374529026
567863445422546944
567891481555382272
567896250013601792
567908702088376320
567919391515348992
567946616792952832
568031706944540672
568047468384002048
568055537952284672
568062804697202688
568086184888561664
568090851907207169
568095014435229696
568096554638159872
568101606585020416
568104397869350912
568109592338518016
568109878754934784
568121659988824064
568122371854307328
568128387576762370
568132912761208832
568138172133183488
568139693574848513
568141110217805824
568143054856712192
568152035767554048
568152817656930305
568171002208886784
568172843520950272
568175537258156033
568178355452792832
568178422175948801
568188415524642816
568202482746335232
568205359208230912
568209287517835265
568210342880227328
568215628890411009
568216411404808192
568225322543538176
568248102018285570
568328533421867008
568401416982806528
568425564282998785
568430087298801666
568434790707277824
568438162369822720
568439748047581184
568440384897966080
568441899402584064
568441968327573504
568454051144339456
568457810066800640
568466642193104897
568483591623208961
568484677868265473
568491035564879872
568496445164273665
568500854082420737
568512847178645505
568516267440631808
568522747501895680
568526136017342464
568531781835571200
568536882012749824
568558979841810432
568565044994158592
568571021554556929
568586231409475584
568586882600161280
568605113457242112
568616034384498688
568621210986090497
568635531900243968
568647808619659264
568649643187310593
568655789247762432
568656888935481344
568690023513526272
568699390962958336
568760152129720320
568760613792579584
568769373122342912
568769672922812418
568775130505207809
568787202341081088
568790164404899840
568790903776636928
568794248654426112
568802225058926592
568815686446788608
568824987244584961
568828959879790592
568832394196684800
568836642825375744
568837638611992576
568840560347373569
568846033997803520
568851396923146240
568852319762313216
568853249551409153
568860389640962048
568862787193081856
568869609622904832
568877690821877760
568884751022624768
568899587424931840
568903479722246144
568905448897654784
568908978001993729
568911851674836992
568913108153946112
568917429033652226
568918820632403969
568927730160549888
568929754151145472
568930692551221248
568931575980814336
568940981321637889
568944687077199872
568950706008231936
568977696786673664
568981931599237120
568982505551851520
569146861082161152
569147852217135104
569165128366755840
569178210325430272
569184255399620608
569197967959154688
569211645710495745
569212570478911489
569216055018704896
569220438397751299
569228870177591298
569235825680105472
569242047917502464
569243017552375809
569243889011281920
569247029446119424
569247394002563072
569248084934443010
569250623427780608
569250990291062786
569256434736746496
569260462606569473
569274195332325377
569280669593038848
569292280000962561
569306871242366977
569310913079214080
569320844503228416
569322456776892417
569329401122426880
569337064484962304
569347122992185344
569379997175177216
569436161032073218
569436958281183233
569438531686424577
569464902164856832
569471635163643905
569481844300898304
569491079952642051
569502753694691328
569516566380875778
569531988702576640
569538171509350400
569540173408698369
569541106112827393
569541328289165312
569544350364889088
569558156512088064
569560151100821504
569561754163769344
569571829033144320
569580197709783040
569586098772578304
569591642367401984
569595899204255745
569596515510956032
569598155999674368
569599379893575680
569600462661554177
569600694388445184
569600985007558656
569601337882755073
569603833804038144
569604659712811009
569607706358779904
569608190410809344
569619309401546752
569620098467569664
569622819283337218
569627770613063680
569630160233873411
569631404306210816
569633323997212672
569635090214449152
569635707746160642
569638751598563328
569639823734128640
569640139288412160
569641676244791296
569641916855402496
569642267385798657
569642989515112448
569652510794887168
569654946179579904
569657112109965312
569658322732756992
569660306298945537
569661321744134144
569661596898709504
569664261678600192
569664668010225664
569667821455708160
569668488408616960
569668741484515328
569670155132907520
569671290111393792
569671454419079169
569673044802854912
569674294411669504
569675799122591746
569683567552262145
569683734951170048
569686814136467456
569687606901940226
569690252450799616
569696313824161792
569703041957564416
569704219315318784
569705380282019841
569709058636320768
569709992175116288
569710365770182656
569710853160710144
569713494821482498
569715341259104256
569715707736420352
569721779645767680
569724186173640705
569724918016839681
569725892324253696
569732365968404480
569737258191839232
569737603617943552
569758414810849280
569758649112854529
569760118591467520
569769525744250880
569777329330884608
569786457998680064
569812898815614977
569830069746712576
569844044693577728
569849281533874176
569849550032101377
569857504768757760
569860371626004480
569862767236255744
569863714704220160
569864778702671874
569867364390449152
569869884164714498
569873968175259650
569876325588197377
569881548515708928
569883376041250816
569884616649269248
569885859954229248
569890084893413376
569900147343265792
569904406285516800
569907965223763970
569910410343804928
569911515106582528
569911600934752256
569911816937033728
569918035097731072
569919625640615936
569919703054991361
569921267601580032
569922853266694145
569923730614460416
569925614100189186
569925990283145216
569927442657386496
569932216966516736
569933816963342337
569936580883783680
569942903683813376
569949017674809344
569953683309514754
569967808446009345
569967925416886273
569969506740674560
569971233351213056
569971998572589057
569976622054395904
569976848786034688
569977223198822400
569980827209207809
569983990683148288
569990330227007488
569992815624781824
570000760035024896
570002083832733696
570015876902232064
570017101097934849
570032300265578496
570034112863608832
570039279050579968
570043114058076160
570044497330987008
570049018820042752
570050891929280512
570051875652767744
570059574268469248
570062369096908801
570063450174464000
570068976778153984
570073705507725313
570076090917650432
570077847672328192
570078355770339328
570081513087369216
570081545211375616
570085628576202752
570085837821632512
570096856685871106
570097189617143808
570104544622981122
570104743747416064
570108724636831745
570108987284197376
570110386827087872
570114451120074752
570115243747074048
570119247982137344
570127035890184192
570141242769559552
570146348613406720
570151995472027649
570159741441335296
570175669096882176
570184535507210241
570186666276577280
570191763731841024
570199956704919552
570205323992174592
570206077826039808
570207643874123777
570208115205021696
570216960321044481
570223460632403969
570226143045033985
570229813937463299
570232616755929088
570235195934117889
570237629775675392
570240043022991361
570247474465677312
570247763704868864
570251560871002112
570254375081414656
570257336465387521
570259423987404800
570259540697948162
570260118043914240
570261359377698817
570267929322921985
570270848201797632
570271479616573440
570271846718775296
570275726483542016
570276196405125120
570280776849346561
570288282413633536
570290540274688001
570290993339244547
570298285350629376
570305078470557697
570307109218340865
570309000279023616
