567780888700669952
568116996761452544
568385277514919937
568760315569053696
568780552964145152
568947358349701120
569168028014743552
569182303034974208
569196701401128961
569226248393662464
569334621252526080
569497092655345664
569598457809276928
569639305016152066
569640733466103808
569654178789724160
569669795559432192
569690664029462529
569694350831161344
569696864091697152
567780888700669952
568116996761452544
568385277514919937
568760315569053696
568780552964145152
568947358349701120
569168028014743552
569182303034974208
569196701401128961
569226248393662464
569334621252526080
569497092655345664
569598457809276928
569639305016152066
569640733466103808
569654178789724160
569669795559432192
569690664029462529
569694350831161344
569696864091697152
569826411206316032
567780888700669952
568116996761452544
568385277514919937
568760315569053696
568780552964145152
568947358349701120
569168028014743552
569182303034974208
569196701401128961
569226248393662464
569334621252526080
569497092655345664
569598457809276928
569639305016152066
569640733466103808
569654178789724160
569669795559432192
569690664029462529
569694350831161344
569696864091697152
569826411206316032
569893140066213888
569897733466628097
569910774556004352
570062369096908801
570177012360462336
570220267462529024
570246490473566208
567780888700669952
568116996761452544
568385277514919937
568760315569053696
568780552964145152
568947358349701120
569168028014743552
569182303034974208
569196701401128961
569226248393662464
569334621252526080
569497092655345664
569598457809276928
569639305016152066
569640733466103808
569654178789724160
569669795559432192
569690664029462529
569694350831161344
569696864091697152
569826411206316032
569893140066213888
569897733466628097
569910774556004352
570062369096908801
570177012360462336
570220267462529024
570246490473566208
567780888700669952
568116996761452544
568385277514919937
568760315569053696
568780552964145152
568947358349701120
569168028014743552
569182303034974208
569196701401128961
569226248393662464
569334621252526080
569497092655345664
569598457809276928
569639305016152066
569640733466103808
569654178789724160
569669795559432192
569690664029462529
569694350831161344
569696864091697152
569826411206316032
569893140066213888
569897733466628097
569910774556004352
570062369096908801
570177012360462336
570220267462529024
570246490473566208
567780888700669952
568116996761452544
568385277514919937
568760315569053696
568780552964145152
568947358349701120
569168028014743552
569182303034974208
569196701401128961
569226248393662464
569334621252526080
569497092655345664
569598457809276928
569639305016152066
569640733466103808
569654178789724160
569669795559432192
569690664029462529
569694350831161344
569696864091697152
569826411206316032
569893140066213888
569897733466628097
569910774556004352
570062369096908801
570177012360462336
570220267462529024
570246490473566208
567780888700669952
568116996761452544
568385277514919937
568760315569053696
568780552964145152
568947358349701120
569168028014743552
569182303034974208
569196701401128961
569226248393662464
569334621252526080
569497092655345664
569598457809276928
569639305016152066
569640733466103808
569654178789724160
569669795559432192
569690664029462529
569694350831161344
569696864091697152
569826411206316032
569893140066213888
569897733466628097
569910774556004352
570062369096908801
570177012360462336
570220267462529024
570246490473566208
567780888700669952
568116996761452544
568385277514919937
568760315569053696
568780552964145152
568947358349701120
569168028014743552
569182303034974208
569196701401128961
569226248393662464
569334621252526080
569497092655345664
569598457809276928
569639305016152066
569640733466103808
569654178789724160
569669795559432192
569690664029462529
569694350831161344
569696864091697152
569826411206316032
569893140066213888
569897733466628097
569910774556004352
570062369096908801
570177012360462336
570220267462529024
570246490473566208
