567732811772080129
568108822360760320
568429188975173634
568432405482229760
568603024320434176
568844412970770433
568940981321637889
569598588378087426
569627374674964480
569682097125896192
567732811772080129
568108822360760320
568429188975173634
568432405482229760
568603024320434176
568844412970770433
568940981321637889
569598588378087426
569627374674964480
569682097125896192
567732811772080129
568108822360760320
568429188975173634
568432405482229760
568603024320434176
568844412970770433
568940981321637889
569598588378087426
569627374674964480
569682097125896192
