567663504102940672
567739785981493248
567744219281129473
567754504817606656
568112842261594112
568120102660341760
568149194654904320
568190250377461760
568221293914533889
568269180153274368
568484335747268608
568489786081714176
568548764484542464
568582374549807104
568582726875516929
568597968405835776
568813302140284928
568951462413209601
568969519252680706
569160924960919552
569180623165915137
569203468419751936
569206711443181569
569333637382053889
569384007550394369
569452063920226304
569668792265019392
569694343776194560
567663504102940672
567739785981493248
567744219281129473
567754504817606656
568112842261594112
568120102660341760
568149194654904320
568190250377461760
568221293914533889
568269180153274368
568484335747268608
568489786081714176
568548764484542464
568582374549807104
568582726875516929
568597968405835776
568813302140284928
568951462413209601
568969519252680706
569160924960919552
569180623165915137
569203468419751936
569206711443181569
569333637382053889
569384007550394369
569452063920226304
569668792265019392
569694343776194560
567663504102940672
567739785981493248
567744219281129473
567754504817606656
568112842261594112
568120102660341760
568149194654904320
568190250377461760
568221293914533889
568269180153274368
568484335747268608
568489786081714176
568548764484542464
568582374549807104
568582726875516929
568597968405835776
568813302140284928
568951462413209601
568969519252680706
569160924960919552
569180623165915137
569203468419751936
569206711443181569
569333637382053889
569384007550394369
569452063920226304
569668792265019392
569694343776194560
569903377598914562
569914957552353280
569930801577644034
569971949440524288
570032108447494144
570050402294636544
570100409009770497
570207643874123777
567663504102940672
567739785981493248
567744219281129473
567754504817606656
568112842261594112
568120102660341760
568149194654904320
568190250377461760
568221293914533889
568269180153274368
568484335747268608
568489786081714176
568548764484542464
568582374549807104
568582726875516929
568597968405835776
568813302140284928
568951462413209601
568969519252680706
569160924960919552
569180623165915137
569203468419751936
569206711443181569
569333637382053889
569384007550394369
569452063920226304
569668792265019392
569694343776194560
569903377598914562
569914957552353280
569930801577644034
569971949440524288
570032108447494144
570050402294636544
570100409009770497
570207643874123777
567663504102940672
567739785981493248
567744219281129473
567754504817606656
568112842261594112
568120102660341760
568149194654904320
568190250377461760
568221293914533889
568269180153274368
568484335747268608
568489786081714176
568548764484542464
568582374549807104
568582726875516929
568597968405835776
568813302140284928
568951462413209601
568969519252680706
569160924960919552
569180623165915137
569203468419751936
569206711443181569
569333637382053889
569384007550394369
569452063920226304
569668792265019392
569694343776194560
569903377598914562
569914957552353280
569930801577644034
569971949440524288
570032108447494144
570050402294636544
570100409009770497
570207643874123777
567663504102940672
567739785981493248
567744219281129473
567754504817606656
568112842261594112
568120102660341760
568149194654904320
568190250377461760
568221293914533889
568269180153274368
568484335747268608
568489786081714176
568548764484542464
568582374549807104
568582726875516929
568597968405835776
568813302140284928
568951462413209601
568969519252680706
569160924960919552
569180623165915137
569203468419751936
569206711443181569
569333637382053889
569384007550394369
569452063920226304
569668792265019392
569694343776194560
569903377598914562
569914957552353280
569930801577644034
569971949440524288
570032108447494144
570050402294636544
570100409009770497
570207643874123777
567663504102940672
567739785981493248
567744219281129473
567754504817606656
568112842261594112
568120102660341760
568149194654904320
568190250377461760
568221293914533889
568269180153274368
568484335747268608
568489786081714176
568548764484542464
568582374549807104
568582726875516929
568597968405835776
568813302140284928
568951462413209601
568969519252680706
569160924960919552
569180623165915137
569203468419751936
569206711443181569
569333637382053889
569384007550394369
569452063920226304
569668792265019392
569694343776194560
569903377598914562
569914957552353280
569930801577644034
569971949440524288
570032108447494144
570050402294636544
570100409009770497
570207643874123777
567663504102940672
567739785981493248
567744219281129473
567754504817606656
568112842261594112
568120102660341760
568149194654904320
568190250377461760
568221293914533889
568269180153274368
568484335747268608
568489786081714176
568548764484542464
568582374549807104
568582726875516929
568597968405835776
568813302140284928
568951462413209601
568969519252680706
569160924960919552
569180623165915137
569203468419751936
569206711443181569
569333637382053889
569384007550394369
569452063920226304
569668792265019392
569694343776194560
569903377598914562
569914957552353280
569930801577644034
569971949440524288
570032108447494144
570050402294636544
570100409009770497
570207643874123777
