568129909408841728
568159085356384256
569204038811717632
569744378354401280
569748687812845568
569816739699150849
568129909408841728
568159085356384256
569204038811717632
569744378354401280
569748687812845568
569816739699150849
568129909408841728
568159085356384256
569204038811717632
569744378354401280
569748687812845568
569816739699150849
570284129138274304
570293100326862849
568129909408841728
568159085356384256
569204038811717632
569744378354401280
569748687812845568
569816739699150849
570284129138274304
570293100326862849
568129909408841728
568159085356384256
569204038811717632
569744378354401280
569748687812845568
569816739699150849
570284129138274304
570293100326862849
568129909408841728
568159085356384256
569204038811717632
569744378354401280
569748687812845568
569816739699150849
570284129138274304
570293100326862849
568129909408841728
568159085356384256
569204038811717632
569744378354401280
569748687812845568
569816739699150849
570284129138274304
570293100326862849
568129909408841728
568159085356384256
569204038811717632
569744378354401280
569748687812845568
569816739699150849
570284129138274304
570293100326862849
