569184999900995585
569515688898875393
569516566380875778
569516969969389568
569184999900995585
569515688898875393
569516566380875778
569516969969389568
569184999900995585
569515688898875393
569516566380875778
569516969969389568
569184999900995585
569515688898875393
569516566380875778
569516969969389568
569184999900995585
569515688898875393
569516566380875778
569516969969389568
569184999900995585
569515688898875393
569516566380875778
569516969969389568
569184999900995585
569515688898875393
569516566380875778
569516969969389568
569184999900995585
569515688898875393
569516566380875778
569516969969389568
