567738031398866944
567813515353804801
568057346607460354
568140092453179394
568165573869199361
568175282919739392
568423029371334656
568541317816561664
568564757172764672
568576829000425472
568606997546999809
568829465788350464
569304208534597632
569304436612444160
569318130356502528
569749422482960384
567738031398866944
567813515353804801
568057346607460354
568140092453179394
568165573869199361
568175282919739392
568423029371334656
568541317816561664
568564757172764672
568576829000425472
568606997546999809
568829465788350464
569304208534597632
569304436612444160
569318130356502528
569749422482960384
567738031398866944
567813515353804801
568057346607460354
568140092453179394
568165573869199361
568175282919739392
568423029371334656
568541317816561664
568564757172764672
568576829000425472
568606997546999809
568829465788350464
569304208534597632
569304436612444160
569318130356502528
569749422482960384
569879623317659648
570011216313131008
570044428678778880
570044554130423808
570249102404923392
570256300556165122
567738031398866944
567813515353804801
568057346607460354
568140092453179394
568165573869199361
568175282919739392
568423029371334656
568541317816561664
568564757172764672
568576829000425472
568606997546999809
568829465788350464
569304208534597632
569304436612444160
569318130356502528
569749422482960384
569879623317659648
570011216313131008
570044428678778880
570044554130423808
570249102404923392
570256300556165122
567738031398866944
567813515353804801
568057346607460354
568140092453179394
568165573869199361
568175282919739392
568423029371334656
568541317816561664
568564757172764672
568576829000425472
568606997546999809
568829465788350464
569304208534597632
569304436612444160
569318130356502528
569749422482960384
569879623317659648
570011216313131008
570044428678778880
570044554130423808
570249102404923392
570256300556165122
567738031398866944
567813515353804801
568057346607460354
568140092453179394
568165573869199361
568175282919739392
568423029371334656
568541317816561664
568564757172764672
568576829000425472
568606997546999809
568829465788350464
569304208534597632
569304436612444160
569318130356502528
569749422482960384
569879623317659648
570011216313131008
570044428678778880
570044554130423808
570249102404923392
570256300556165122
567738031398866944
567813515353804801
568057346607460354
568140092453179394
568165573869199361
568175282919739392
568423029371334656
568541317816561664
568564757172764672
568576829000425472
568606997546999809
568829465788350464
569304208534597632
569304436612444160
569318130356502528
569749422482960384
569879623317659648
570011216313131008
570044428678778880
570044554130423808
570249102404923392
570256300556165122
567738031398866944
567813515353804801
568057346607460354
568140092453179394
568165573869199361
568175282919739392
568423029371334656
568541317816561664
568564757172764672
568576829000425472
568606997546999809
568829465788350464
569304208534597632
569304436612444160
569318130356502528
569749422482960384
569879623317659648
570011216313131008
570044428678778880
570044554130423808
570249102404923392
570256300556165122
