567729414822449152
567904569679880192
568031706944540672
568188243713372161
568544491596083200
568802225058926592
568818695562260481
568827397103099904
568835134603931649
568884473040752641
568897757991186432
568902405909143552
569034282485698560
569197921150902272
569205367575441408
569209352730513409
569528105557053442
569590151657103360
569606016070844420
569614651400585216
569631775766368256
569659556869120000
569660442408321024
569743891714347009
569747280552538112
569770867841839104
567729414822449152
567904569679880192
568031706944540672
568188243713372161
568544491596083200
568802225058926592
568818695562260481
568827397103099904
568835134603931649
568884473040752641
568897757991186432
568902405909143552
569034282485698560
569197921150902272
569205367575441408
569209352730513409
569528105557053442
569590151657103360
569606016070844420
569614651400585216
569631775766368256
569659556869120000
569660442408321024
569743891714347009
569747280552538112
569770867841839104
567729414822449152
567904569679880192
568031706944540672
568188243713372161
568544491596083200
568802225058926592
568818695562260481
568827397103099904
568835134603931649
568884473040752641
568897757991186432
568902405909143552
569034282485698560
569197921150902272
569205367575441408
569209352730513409
569528105557053442
569590151657103360
569606016070844420
569614651400585216
569631775766368256
569659556869120000
569660442408321024
569743891714347009
569747280552538112
569770867841839104
569895498527727617
569961410161192960
569977974176378880
570072227942674432
570079868253298688
570097189617143808
570106218825564161
570250236402094080
570282333892251648
567729414822449152
567904569679880192
568031706944540672
568188243713372161
568544491596083200
568802225058926592
568818695562260481
568827397103099904
568835134603931649
568884473040752641
568897757991186432
568902405909143552
569034282485698560
569197921150902272
569205367575441408
569209352730513409
569528105557053442
569590151657103360
569606016070844420
569614651400585216
569631775766368256
569659556869120000
569660442408321024
569743891714347009
569747280552538112
569770867841839104
569895498527727617
569961410161192960
569977974176378880
570072227942674432
570079868253298688
570097189617143808
570106218825564161
570250236402094080
570282333892251648
567729414822449152
567904569679880192
568031706944540672
568188243713372161
568544491596083200
568802225058926592
568818695562260481
568827397103099904
568835134603931649
568884473040752641
568897757991186432
568902405909143552
569034282485698560
569197921150902272
569205367575441408
569209352730513409
569528105557053442
569590151657103360
569606016070844420
569614651400585216
569631775766368256
569659556869120000
569660442408321024
569743891714347009
569747280552538112
569770867841839104
569895498527727617
569961410161192960
569977974176378880
570072227942674432
570079868253298688
570097189617143808
570106218825564161
570250236402094080
570282333892251648
567729414822449152
567904569679880192
568031706944540672
568188243713372161
568544491596083200
568802225058926592
568818695562260481
568827397103099904
568835134603931649
568884473040752641
568897757991186432
568902405909143552
569034282485698560
569197921150902272
569205367575441408
569209352730513409
569528105557053442
569590151657103360
569606016070844420
569614651400585216
569631775766368256
569659556869120000
569660442408321024
569743891714347009
569747280552538112
569770867841839104
569895498527727617
569961410161192960
569977974176378880
570072227942674432
570079868253298688
570097189617143808
570106218825564161
570250236402094080
570282333892251648
567729414822449152
567904569679880192
568031706944540672
568188243713372161
568544491596083200
568802225058926592
568818695562260481
568827397103099904
568835134603931649
568884473040752641
568897757991186432
568902405909143552
569034282485698560
569197921150902272
569205367575441408
569209352730513409
569528105557053442
569590151657103360
569606016070844420
569614651400585216
569631775766368256
569659556869120000
569660442408321024
569743891714347009
569747280552538112
569770867841839104
569895498527727617
569961410161192960
569977974176378880
570072227942674432
570079868253298688
570097189617143808
570106218825564161
570250236402094080
570282333892251648
567729414822449152
567904569679880192
568031706944540672
568188243713372161
568544491596083200
568802225058926592
568818695562260481
568827397103099904
568835134603931649
568884473040752641
568897757991186432
568902405909143552
569034282485698560
569197921150902272
569205367575441408
569209352730513409
569528105557053442
569590151657103360
569606016070844420
569614651400585216
569631775766368256
569659556869120000
569660442408321024
569743891714347009
569747280552538112
569770867841839104
569895498527727617
569961410161192960
569977974176378880
570072227942674432
570079868253298688
570097189617143808
570106218825564161
570250236402094080
570282333892251648
