567758699574226944
568070386627305472
568070439945306112
568072770103308288
568425317028610049
569558286216929280
569598072923123712
569697809017864193
569701794567163905
569707970876936192
567758699574226944
568070386627305472
568070439945306112
568072770103308288
568425317028610049
569558286216929280
569598072923123712
569697809017864193
569701794567163905
569707970876936192
567758699574226944
568070386627305472
568070439945306112
568072770103308288
568425317028610049
569558286216929280
569598072923123712
569697809017864193
569701794567163905
569707970876936192
569907323650633728
569960497312768000
570018278946394112
567758699574226944
568070386627305472
568070439945306112
568072770103308288
568425317028610049
569558286216929280
569598072923123712
569697809017864193
569701794567163905
569707970876936192
569907323650633728
569960497312768000
570018278946394112
567758699574226944
568070386627305472
568070439945306112
568072770103308288
568425317028610049
569558286216929280
569598072923123712
569697809017864193
569701794567163905
569707970876936192
569907323650633728
569960497312768000
570018278946394112
567758699574226944
568070386627305472
568070439945306112
568072770103308288
568425317028610049
569558286216929280
569598072923123712
569697809017864193
569701794567163905
569707970876936192
569907323650633728
569960497312768000
570018278946394112
567758699574226944
568070386627305472
568070439945306112
568072770103308288
568425317028610049
569558286216929280
569598072923123712
569697809017864193
569701794567163905
569707970876936192
569907323650633728
569960497312768000
570018278946394112
567758699574226944
568070386627305472
568070439945306112
568072770103308288
568425317028610049
569558286216929280
569598072923123712
569697809017864193
569701794567163905
569707970876936192
569907323650633728
569960497312768000
570018278946394112
