567760331829559296
567761297879646208
567767439493300224
567767744356294656
567767997981671424
567770910107897856
567771124235517952
567775140319358976
567836660899057664
567845492849287169
567857591222603776
567858076285452288
567858173282906112
567870311539933184
568052354525696000
568121535233458176
568183502161743873
568206350804770816
568230023251042304
568239978276360192
568273310347165696
568470507433168896
568672467889176577
568915536844759040
569007890029129728
569163696041172992
569276864260255745
569333553705693184
569338341306572800
569598072923123712
569615290956259328
569701285588541441
569706041673322498
569726038932111360
569739141635817472
567760331829559296
567761297879646208
567767439493300224
567767744356294656
567767997981671424
567770910107897856
567771124235517952
567775140319358976
567836660899057664
567845492849287169
567857591222603776
567858076285452288
567858173282906112
567870311539933184
568052354525696000
568121535233458176
568183502161743873
568206350804770816
568230023251042304
568239978276360192
568273310347165696
568470507433168896
568672467889176577
568915536844759040
569007890029129728
569163696041172992
569276864260255745
569333553705693184
569338341306572800
569598072923123712
569615290956259328
569701285588541441
569706041673322498
569726038932111360
569739141635817472
569837786930540545
567760331829559296
567761297879646208
567767439493300224
567767744356294656
567767997981671424
567770910107897856
567771124235517952
567775140319358976
567836660899057664
567845492849287169
567857591222603776
567858076285452288
567858173282906112
567870311539933184
568052354525696000
568121535233458176
568183502161743873
568206350804770816
568230023251042304
568239978276360192
568273310347165696
568470507433168896
568672467889176577
568915536844759040
569007890029129728
569163696041172992
569276864260255745
569333553705693184
569338341306572800
569598072923123712
569615290956259328
569701285588541441
569706041673322498
569726038932111360
569739141635817472
569837786930540545
569849818694037504
569851241922207746
569851855917830145
569865022031015937
569893064342437888
569893516609847297
569915419018067968
569926212400709632
569946742277451776
569952252087177216
570001601051668480
570001601072652288
570002051108769792
570241830757007360
