569894100649947136
569902284710084608
570065109420101633
570074864708669440
570081568733192192
570121135603486720
570144025451339776
570173090774294528
570175513035214848
569894100649947136
569902284710084608
570065109420101633
570074864708669440
570081568733192192
570121135603486720
570144025451339776
570173090774294528
570175513035214848
569894100649947136
569902284710084608
570065109420101633
570074864708669440
570081568733192192
570121135603486720
570144025451339776
570173090774294528
570175513035214848
569894100649947136
569902284710084608
570065109420101633
570074864708669440
570081568733192192
570121135603486720
570144025451339776
570173090774294528
570175513035214848
569894100649947136
569902284710084608
570065109420101633
570074864708669440
570081568733192192
570121135603486720
570144025451339776
570173090774294528
570175513035214848
569894100649947136
569902284710084608
570065109420101633
570074864708669440
570081568733192192
570121135603486720
570144025451339776
570173090774294528
570175513035214848
