568434959226179585
568514213921947648
568857663171366912
569606926234824704
568434959226179585
568514213921947648
568857663171366912
569606926234824704
568434959226179585
568514213921947648
568857663171366912
569606926234824704
568434959226179585
568514213921947648
568857663171366912
569606926234824704
568434959226179585
568514213921947648
568857663171366912
569606926234824704
568434959226179585
568514213921947648
568857663171366912
569606926234824704
568434959226179585
568514213921947648
568857663171366912
569606926234824704
568434959226179585
568514213921947648
568857663171366912
569606926234824704
