567842593440145408
567843811990376449
567846026507390976
568011010029838336
568017916161085441
568041161652342784
568042975856619520
568045397408661504
568051199565533184
568094177394888705
569493046557069313
567842593440145408
567843811990376449
567846026507390976
568011010029838336
568017916161085441
568041161652342784
568042975856619520
568045397408661504
568051199565533184
568094177394888705
569493046557069313
567842593440145408
567843811990376449
567846026507390976
568011010029838336
568017916161085441
568041161652342784
568042975856619520
568045397408661504
568051199565533184
568094177394888705
569493046557069313
