567811776025468929
567812544099827712
567875130824658946
568491813528576000
568587490971533312
568802013196242944
568826070897717250
569328072027189248
569684101197910016
569731353337581568
569752206343348224
567811776025468929
567812544099827712
567875130824658946
568491813528576000
568587490971533312
568802013196242944
568826070897717250
569328072027189248
569684101197910016
569731353337581568
569752206343348224
569836433931808768
567811776025468929
567812544099827712
567875130824658946
568491813528576000
568587490971533312
568802013196242944
568826070897717250
569328072027189248
569684101197910016
569731353337581568
569752206343348224
569836433931808768
569870007368331264
570256553502068736
