567762670045364225
568135319876468736
568138172133183488
568144894964994048
568260044896243712
568273152456810496
568605001666449408
568605539866976256
568781555784507392
568791283575201792
568850515309826048
568858194447085568
568921968818270208
569340402786025472
569577959440257025
569590208095768576
569598588378087426
569623190730887168
569623415767871489
569623606684209154
569624009354170369
569655012915322880
569671908251213824
569723119415513088
567762670045364225
568135319876468736
568138172133183488
568144894964994048
568260044896243712
568273152456810496
568605001666449408
568605539866976256
568781555784507392
568791283575201792
568850515309826048
568858194447085568
568921968818270208
569340402786025472
569577959440257025
569590208095768576
569598588378087426
569623190730887168
569623415767871489
569623606684209154
569624009354170369
569655012915322880
569671908251213824
569723119415513088
567762670045364225
568135319876468736
568138172133183488
568144894964994048
568260044896243712
568273152456810496
568605001666449408
568605539866976256
568781555784507392
568791283575201792
568850515309826048
568858194447085568
568921968818270208
569340402786025472
569577959440257025
569590208095768576
569598588378087426
569623190730887168
569623415767871489
569623606684209154
569624009354170369
569655012915322880
569671908251213824
569723119415513088
569872896199258113
569896805611089920
569940935875948544
569942703494070272
570046710870728704
570260383862108160
567762670045364225
568135319876468736
568138172133183488
568144894964994048
568260044896243712
568273152456810496
568605001666449408
568605539866976256
568781555784507392
568791283575201792
568850515309826048
568858194447085568
568921968818270208
569340402786025472
569577959440257025
569590208095768576
569598588378087426
569623190730887168
569623415767871489
569623606684209154
569624009354170369
569655012915322880
569671908251213824
569723119415513088
569872896199258113
569896805611089920
569940935875948544
569942703494070272
570046710870728704
570260383862108160
567762670045364225
568135319876468736
568138172133183488
568144894964994048
568260044896243712
568273152456810496
568605001666449408
568605539866976256
568781555784507392
568791283575201792
568850515309826048
568858194447085568
568921968818270208
569340402786025472
569577959440257025
569590208095768576
569598588378087426
569623190730887168
569623415767871489
569623606684209154
569624009354170369
569655012915322880
569671908251213824
569723119415513088
569872896199258113
569896805611089920
569940935875948544
569942703494070272
570046710870728704
570260383862108160
567762670045364225
568135319876468736
568138172133183488
568144894964994048
568260044896243712
568273152456810496
568605001666449408
568605539866976256
568781555784507392
568791283575201792
568850515309826048
568858194447085568
568921968818270208
569340402786025472
569577959440257025
569590208095768576
569598588378087426
569623190730887168
569623415767871489
569623606684209154
569624009354170369
569655012915322880
569671908251213824
569723119415513088
569872896199258113
569896805611089920
569940935875948544
569942703494070272
570046710870728704
570260383862108160
567762670045364225
568135319876468736
568138172133183488
568144894964994048
568260044896243712
568273152456810496
568605001666449408
568605539866976256
568781555784507392
568791283575201792
568850515309826048
568858194447085568
568921968818270208
569340402786025472
569577959440257025
569590208095768576
569598588378087426
569623190730887168
569623415767871489
569623606684209154
569624009354170369
569655012915322880
569671908251213824
569723119415513088
569872896199258113
569896805611089920
569940935875948544
569942703494070272
570046710870728704
570260383862108160
567762670045364225
568135319876468736
568138172133183488
568144894964994048
568260044896243712
568273152456810496
568605001666449408
568605539866976256
568781555784507392
568791283575201792
568850515309826048
568858194447085568
568921968818270208
569340402786025472
569577959440257025
569590208095768576
569598588378087426
569623190730887168
569623415767871489
569623606684209154
569624009354170369
569655012915322880
569671908251213824
569723119415513088
569872896199258113
569896805611089920
569940935875948544
569942703494070272
570046710870728704
570260383862108160
