567725588937728000
567728285174743041
567728386014183424
567728481623359488
567728533771132928
567725588937728000
567728285174743041
567728386014183424
567728481623359488
567728533771132928
567725588937728000
567728285174743041
567728386014183424
567728481623359488
567728533771132928
567725588937728000
567728285174743041
567728386014183424
567728481623359488
567728533771132928
567725588937728000
567728285174743041
567728386014183424
567728481623359488
567728533771132928
567725588937728000
567728285174743041
567728386014183424
567728481623359488
567728533771132928
567725588937728000
567728285174743041
567728386014183424
567728481623359488
567728533771132928
567725588937728000
567728285174743041
567728386014183424
567728481623359488
567728533771132928
