568133754142793728
568227390566109184
569246231500685314
569388156031799297
569555413450027011
569615109363929088
569649203753791488
569675530792013824
569714651489050624
569745375713558528
569758821310017536
569813752268374016
568133754142793728
568227390566109184
569246231500685314
569388156031799297
569555413450027011
569615109363929088
569649203753791488
569675530792013824
569714651489050624
569745375713558528
569758821310017536
569813752268374016
568133754142793728
568227390566109184
569246231500685314
569388156031799297
569555413450027011
569615109363929088
569649203753791488
569675530792013824
569714651489050624
569745375713558528
569758821310017536
569813752268374016
569901679975522304
569926412234326016
569958295919730688
570100233398571008
570121673099190272
570179455911481344
