568149201466617856
568263079789608961
569258454633701376
569534882952716288
568149201466617856
568263079789608961
569258454633701376
569534882952716288
568149201466617856
568263079789608961
569258454633701376
569534882952716288
568149201466617856
568263079789608961
569258454633701376
569534882952716288
568149201466617856
568263079789608961
569258454633701376
569534882952716288
568149201466617856
568263079789608961
569258454633701376
569534882952716288
568149201466617856
568263079789608961
569258454633701376
569534882952716288
568149201466617856
568263079789608961
569258454633701376
569534882952716288
