568034650477580289
568035703768154112
568187725834289152
568275746516385793
568882321119510528
569150031216779266
569547989007646721
569620902742233088
569634833917452288
569642063005753344
568034650477580289
568035703768154112
568187725834289152
568275746516385793
568882321119510528
569150031216779266
569547989007646721
569620902742233088
569634833917452288
569642063005753344
569836433931808768
568034650477580289
568035703768154112
568187725834289152
568275746516385793
568882321119510528
569150031216779266
569547989007646721
569620902742233088
569634833917452288
569642063005753344
569836433931808768
569870657246404608
569960440438099969
570269172774649856
