568136286109888512
568722339833126912
568810180269494272
569762940816990208
568136286109888512
568722339833126912
568810180269494272
569762940816990208
568136286109888512
568722339833126912
568810180269494272
569762940816990208
569929944291127296
569992886256832512
570018285544206337
568136286109888512
568722339833126912
568810180269494272
569762940816990208
569929944291127296
569992886256832512
570018285544206337
568136286109888512
568722339833126912
568810180269494272
569762940816990208
569929944291127296
569992886256832512
570018285544206337
568136286109888512
568722339833126912
568810180269494272
569762940816990208
569929944291127296
569992886256832512
570018285544206337
568136286109888512
568722339833126912
568810180269494272
569762940816990208
569929944291127296
569992886256832512
570018285544206337
568136286109888512
568722339833126912
568810180269494272
569762940816990208
569929944291127296
569992886256832512
570018285544206337
