567663136082513920
567743200614289408
567763775751987201
567770722882580480
567780624531222528
567800823674310658
567869273109958656
568047159746174976
568053728944791552
568079278505463808
568083588308197376
568100000418250752
568101176551452673
568126169008218112
568140850963881984
568142922031501312
568161901089132544
568196165780578304
568248102018285570
568305064529408000
568427566916345856
568431125502144512
568437324587012096
568443870570278912
568446906524950528
568503966687993856
568505037833396224
568510973469855745
568607755042484224
568611413687603200
568649643187310593
568760648135544832
568780030538420225
568780675672907776
568801442770743296
568805571647942656
568810866830913536
568840724700995584
568856846523502594
568878979576410112
568894101766012929
568908978001993729
568915536844759040
568958770849705984
569022319437357056
569154174929244162
569163241781403648
569183712606179329
569305113589714944
569355923396780032
569365818229829632
569379367077355520
569467550100267008
569470757673291777
569489753332191232
569493640990625793
569546763297796096
569557216480665600
569566511184125952
569576236541825024
569586471570534400
569598985737867265
569602817633222656
569603156927246336
569607757784952832
569616424995409921
569630712233627648
569633357451153408
569660740396720128
569661852235509762
569665177135812608
569670802867556352
569672510565969920
569688698301784064
569692168165527552
569716270184173568
569740316577632256
569768294648905728
569769633995104256
569772113378217984
569795913788428288
567663136082513920
567743200614289408
567763775751987201
567770722882580480
567780624531222528
567800823674310658
567869273109958656
568047159746174976
568053728944791552
568079278505463808
568083588308197376
568100000418250752
568101176551452673
568126169008218112
568140850963881984
568142922031501312
568161901089132544
568196165780578304
568248102018285570
568305064529408000
568427566916345856
568431125502144512
568437324587012096
568443870570278912
568446906524950528
568503966687993856
568505037833396224
568510973469855745
568607755042484224
568611413687603200
568649643187310593
568760648135544832
568780030538420225
568780675672907776
568801442770743296
568805571647942656
568810866830913536
568840724700995584
568856846523502594
568878979576410112
568894101766012929
568908978001993729
568915536844759040
568958770849705984
569022319437357056
569154174929244162
569163241781403648
569183712606179329
569305113589714944
569355923396780032
569365818229829632
569379367077355520
569467550100267008
569470757673291777
569489753332191232
569493640990625793
569546763297796096
569557216480665600
569566511184125952
569576236541825024
569586471570534400
569598985737867265
569602817633222656
569603156927246336
569607757784952832
569616424995409921
569630712233627648
569633357451153408
569660740396720128
569661852235509762
569665177135812608
569670802867556352
569672510565969920
569688698301784064
569692168165527552
569716270184173568
569740316577632256
569768294648905728
569769633995104256
569772113378217984
569795913788428288
569833653871742976
567663136082513920
567743200614289408
567763775751987201
567770722882580480
567780624531222528
567800823674310658
567869273109958656
568047159746174976
568053728944791552
568079278505463808
568083588308197376
568100000418250752
568101176551452673
568126169008218112
568140850963881984
568142922031501312
568161901089132544
568196165780578304
568248102018285570
568305064529408000
568427566916345856
568431125502144512
568437324587012096
568443870570278912
568446906524950528
568503966687993856
568505037833396224
568510973469855745
568607755042484224
568611413687603200
568649643187310593
568760648135544832
568780030538420225
568780675672907776
568801442770743296
568805571647942656
568810866830913536
568840724700995584
568856846523502594
568878979576410112
568894101766012929
568908978001993729
568915536844759040
568958770849705984
569022319437357056
569154174929244162
569163241781403648
569183712606179329
569305113589714944
569355923396780032
569365818229829632
569379367077355520
569467550100267008
569470757673291777
569489753332191232
569493640990625793
569546763297796096
569557216480665600
569566511184125952
569576236541825024
569586471570534400
569598985737867265
569602817633222656
569603156927246336
569607757784952832
569616424995409921
569630712233627648
569633357451153408
569660740396720128
569661852235509762
569665177135812608
569670802867556352
569672510565969920
569688698301784064
569692168165527552
569716270184173568
569740316577632256
569768294648905728
569769633995104256
569772113378217984
569795913788428288
569833653871742976
569871068833435648
569884071758835712
569887957810864129
569907564156035072
569911515106582528
569911713459408896
569918918602547200
569950215513497601
569950766485540864
569960704717008896
569963767066271744
570030165788459010
570035728832446465
570060997907447810
570070877351469057
570085056401838081
570091033368899584
570099506135437312
570100233398571008
570100438487314432
570199572435185664
570203037823836160
570205880504815616
570233809129467905
570235244999270400
570238052943208450
570241830757007360
570260294846451712
570272880556011520
570278432417972224
