568591345801158656
568940002849255425
569182643155300352
569193887706812416
569302758018420736
569339072805797888
569713719124602880
568591345801158656
568940002849255425
569182643155300352
569193887706812416
569302758018420736
569339072805797888
569713719124602880
568591345801158656
568940002849255425
569182643155300352
569193887706812416
569302758018420736
569339072805797888
569713719124602880
570205880504815616
568591345801158656
568940002849255425
569182643155300352
569193887706812416
569302758018420736
569339072805797888
569713719124602880
570205880504815616
568591345801158656
568940002849255425
569182643155300352
569193887706812416
569302758018420736
569339072805797888
569713719124602880
570205880504815616
568591345801158656
568940002849255425
569182643155300352
569193887706812416
569302758018420736
569339072805797888
569713719124602880
570205880504815616
568591345801158656
568940002849255425
569182643155300352
569193887706812416
569302758018420736
569339072805797888
569713719124602880
570205880504815616
568591345801158656
568940002849255425
569182643155300352
569193887706812416
569302758018420736
569339072805797888
569713719124602880
570205880504815616
