567880416201293824
568173792406740994
568382290352590848
568487509958774784
569656858400694272
569711253490409473
567880416201293824
568173792406740994
568382290352590848
568487509958774784
569656858400694272
569711253490409473
569830069746712576
567880416201293824
568173792406740994
568382290352590848
568487509958774784
569656858400694272
569711253490409473
569830069746712576
570307847281614848
567880416201293824
568173792406740994
568382290352590848
568487509958774784
569656858400694272
569711253490409473
569830069746712576
570307847281614848
567880416201293824
568173792406740994
568382290352590848
568487509958774784
569656858400694272
569711253490409473
569830069746712576
570307847281614848
567880416201293824
568173792406740994
568382290352590848
568487509958774784
569656858400694272
569711253490409473
569830069746712576
570307847281614848
567880416201293824
568173792406740994
568382290352590848
568487509958774784
569656858400694272
569711253490409473
569830069746712576
570307847281614848
567880416201293824
568173792406740994
568382290352590848
568487509958774784
569656858400694272
569711253490409473
569830069746712576
570307847281614848
