567830505414103040
567925054853496832
568064545568092160
568189949415170048
568286497796812800
568457802059902976
569089890173874176
569319723889876993
569653219229630464
567830505414103040
567925054853496832
568064545568092160
568189949415170048
568286497796812800
568457802059902976
569089890173874176
569319723889876993
569653219229630464
567830505414103040
567925054853496832
568064545568092160
568189949415170048
568286497796812800
568457802059902976
569089890173874176
569319723889876993
569653219229630464
570208349339262976
567830505414103040
567925054853496832
568064545568092160
568189949415170048
568286497796812800
568457802059902976
569089890173874176
569319723889876993
569653219229630464
570208349339262976
567830505414103040
567925054853496832
568064545568092160
568189949415170048
568286497796812800
568457802059902976
569089890173874176
569319723889876993
569653219229630464
570208349339262976
567830505414103040
567925054853496832
568064545568092160
568189949415170048
568286497796812800
568457802059902976
569089890173874176
569319723889876993
569653219229630464
570208349339262976
567830505414103040
567925054853496832
568064545568092160
568189949415170048
568286497796812800
568457802059902976
569089890173874176
569319723889876993
569653219229630464
570208349339262976
567830505414103040
567925054853496832
568064545568092160
568189949415170048
568286497796812800
568457802059902976
569089890173874176
569319723889876993
569653219229630464
570208349339262976
