567725163077070848
567747420650754048
567777187265515521
567780888700669952
567784773780013057
567785752751505412
567818961716387840
567844852135645186
567867311744380928
567886241179377664
567897182545686528
567907070269198337
568037433503145984
568039715699609600
568078069568839680
568105051622756352
568122284474544128
568174911841177600
568177609281896449
568241156347305984
568361346464497664
568373623737556992
568384143379156993
568388037484220416
568388625689235456
568423284401836032
568435364349808640
568454051144339456
568487439062441984
568773939754889216
568796340714639360
568815660815519744
568916345506566145
568951506042425346
568955862124863488
568970614238617600
568984515298922496
569179898532761600
569185594095509504
569190811113525249
569220438397751299
569287656607100929
569304845091524608
569316220551372800
569333934670139392
569533648367722496
569554776611901440
569569272898445313
569577959440257025
569584372820647936
569598942821744640
569601264679559168
569615753885970432
569624009354170369
569630183747153920
569643921543958530
569686397789057024
569707569448558592
569723119415513088
569747668232065024
569748884164988929
569766964895166465
569769624780165120
569817289874411520
567725163077070848
567747420650754048
567777187265515521
567780888700669952
567784773780013057
567785752751505412
567818961716387840
567844852135645186
567867311744380928
567886241179377664
567897182545686528
567907070269198337
568037433503145984
568039715699609600
568078069568839680
568105051622756352
568122284474544128
568174911841177600
568177609281896449
568241156347305984
568361346464497664
568373623737556992
568384143379156993
568388037484220416
568388625689235456
568423284401836032
568435364349808640
568454051144339456
568487439062441984
568773939754889216
568796340714639360
568815660815519744
568916345506566145
568951506042425346
568955862124863488
568970614238617600
568984515298922496
569179898532761600
569185594095509504
569190811113525249
569220438397751299
569287656607100929
569304845091524608
569316220551372800
569333934670139392
569533648367722496
569554776611901440
569569272898445313
569577959440257025
569584372820647936
569598942821744640
569601264679559168
569615753885970432
569624009354170369
569630183747153920
569643921543958530
569686397789057024
569707569448558592
569723119415513088
569747668232065024
569748884164988929
569766964895166465
569769624780165120
569817289874411520
567725163077070848
567747420650754048
567777187265515521
567780888700669952
567784773780013057
567785752751505412
567818961716387840
567844852135645186
567867311744380928
567886241179377664
567897182545686528
567907070269198337
568037433503145984
568039715699609600
568078069568839680
568105051622756352
568122284474544128
568174911841177600
568177609281896449
568241156347305984
568361346464497664
568373623737556992
568384143379156993
568388037484220416
568388625689235456
568423284401836032
568435364349808640
568454051144339456
568487439062441984
568773939754889216
568796340714639360
568815660815519744
568916345506566145
568951506042425346
568955862124863488
568970614238617600
568984515298922496
569179898532761600
569185594095509504
569190811113525249
569220438397751299
569287656607100929
569304845091524608
569316220551372800
569333934670139392
569533648367722496
569554776611901440
569569272898445313
569577959440257025
569584372820647936
569598942821744640
569601264679559168
569615753885970432
569624009354170369
569630183747153920
569643921543958530
569686397789057024
569707569448558592
569723119415513088
569747668232065024
569748884164988929
569766964895166465
569769624780165120
569817289874411520
569868207940603904
569881888892055552
569888159707738113
569895344458170368
569905567960952832
569909711962640384
569916324471828481
569948314948530177
569961398551379968
570009743160254464
570034112863608832
570047651875594240
570085448271335424
570087950156898305
570110706588262400
570114021854212096
570248242853773312
570265609122029568
570265699215675392
570265780186710017
570271160363057154
570286924277030912
