567788423352950784
567791059393335297
567802723127803905
567808424696893440
567813037454917632
567816475898310656
567818055771918336
568465710629826560
568493245191364609
568868127364096000
567788423352950784
567791059393335297
567802723127803905
567808424696893440
567813037454917632
567816475898310656
567818055771918336
568465710629826560
568493245191364609
568868127364096000
567788423352950784
567791059393335297
567802723127803905
567808424696893440
567813037454917632
567816475898310656
567818055771918336
568465710629826560
568493245191364609
568868127364096000
569951222515539968
569951353205870592
569974772551032832
