567796863467839488
568435938264625152
568502194854612992
569627477200535552
567796863467839488
568435938264625152
568502194854612992
569627477200535552
567796863467839488
568435938264625152
568502194854612992
569627477200535552
567796863467839488
568435938264625152
568502194854612992
569627477200535552
567796863467839488
568435938264625152
568502194854612992
569627477200535552
567796863467839488
568435938264625152
568502194854612992
569627477200535552
567796863467839488
568435938264625152
568502194854612992
569627477200535552
567796863467839488
568435938264625152
568502194854612992
569627477200535552
