569296707982221312
569296707982221312
569296707982221312
570134947828080640
570138307767578625
570139364178530304
570141242769559552
570224417445261313
570283571941924864
569296707982221312
570134947828080640
570138307767578625
570139364178530304
570141242769559552
570224417445261313
570283571941924864
569296707982221312
570134947828080640
570138307767578625
570139364178530304
570141242769559552
570224417445261313
570283571941924864
569296707982221312
570134947828080640
570138307767578625
570139364178530304
570141242769559552
570224417445261313
570283571941924864
569296707982221312
570134947828080640
570138307767578625
570139364178530304
570141242769559552
570224417445261313
570283571941924864
569296707982221312
570134947828080640
570138307767578625
570139364178530304
570141242769559552
570224417445261313
570283571941924864
