567676626855419904
567790175813681153
567865044580638720
567866162865971201
568133754142793728
568175537258156033
568433301880479746
568436613384155136
568805571647942656
568929851379478529
568987303302950913
569003837975089152
569369390178799616
569379726562869248
569531827989454848
569601275672829952
569603236711305216
569613265631780865
567676626855419904
567790175813681153
567865044580638720
567866162865971201
568133754142793728
568175537258156033
568433301880479746
568436613384155136
568805571647942656
568929851379478529
568987303302950913
569003837975089152
569369390178799616
569379726562869248
569531827989454848
569601275672829952
569603236711305216
569613265631780865
567676626855419904
567790175813681153
567865044580638720
567866162865971201
568133754142793728
568175537258156033
568433301880479746
568436613384155136
568805571647942656
568929851379478529
568987303302950913
569003837975089152
569369390178799616
569379726562869248
569531827989454848
569601275672829952
569603236711305216
569613265631780865
569875734677712896
569966496698343424
570033719609827328
570047733236695040
570058070224728064
570096582546165760
570100824703143936
570123386925539329
570274049118625792
567676626855419904
567790175813681153
567865044580638720
567866162865971201
568133754142793728
568175537258156033
568433301880479746
568436613384155136
568805571647942656
568929851379478529
568987303302950913
569003837975089152
569369390178799616
569379726562869248
569531827989454848
569601275672829952
569603236711305216
569613265631780865
569875734677712896
569966496698343424
570033719609827328
570047733236695040
570058070224728064
570096582546165760
570100824703143936
570123386925539329
570274049118625792
567676626855419904
567790175813681153
567865044580638720
567866162865971201
568133754142793728
568175537258156033
568433301880479746
568436613384155136
568805571647942656
568929851379478529
568987303302950913
569003837975089152
569369390178799616
569379726562869248
569531827989454848
569601275672829952
569603236711305216
569613265631780865
569875734677712896
569966496698343424
570033719609827328
570047733236695040
570058070224728064
570096582546165760
570100824703143936
570123386925539329
570274049118625792
567676626855419904
567790175813681153
567865044580638720
567866162865971201
568133754142793728
568175537258156033
568433301880479746
568436613384155136
568805571647942656
568929851379478529
568987303302950913
569003837975089152
569369390178799616
569379726562869248
569531827989454848
569601275672829952
569603236711305216
569613265631780865
569875734677712896
569966496698343424
570033719609827328
570047733236695040
570058070224728064
570096582546165760
570100824703143936
570123386925539329
570274049118625792
567676626855419904
567790175813681153
567865044580638720
567866162865971201
568133754142793728
568175537258156033
568433301880479746
568436613384155136
568805571647942656
568929851379478529
568987303302950913
569003837975089152
569369390178799616
569379726562869248
569531827989454848
569601275672829952
569603236711305216
569613265631780865
569875734677712896
569966496698343424
570033719609827328
570047733236695040
570058070224728064
570096582546165760
570100824703143936
570123386925539329
570274049118625792
567676626855419904
567790175813681153
567865044580638720
567866162865971201
568133754142793728
568175537258156033
568433301880479746
568436613384155136
568805571647942656
568929851379478529
568987303302950913
569003837975089152
569369390178799616
569379726562869248
569531827989454848
569601275672829952
569603236711305216
569613265631780865
569875734677712896
569966496698343424
570033719609827328
570047733236695040
570058070224728064
570096582546165760
570100824703143936
570123386925539329
570274049118625792
