569554826616381440
569555199062224897
569556215375613952
569557305961750528
569554826616381440
569555199062224897
569556215375613952
569557305961750528
569554826616381440
569555199062224897
569556215375613952
569557305961750528
569554826616381440
569555199062224897
569556215375613952
569557305961750528
569554826616381440
569555199062224897
569556215375613952
569557305961750528
569554826616381440
569555199062224897
569556215375613952
569557305961750528
569554826616381440
569555199062224897
569556215375613952
569557305961750528
569554826616381440
569555199062224897
569556215375613952
569557305961750528
