567769787317907456
567940050186604545
568114097142652928
568145575452876800
568303606710956032
568389266155438080
568474442210283520
568515166410653696
568626423273017344
568895587900207104
569309623825670145
569315664156069888
569328773876871168
569338341306572800
569596034059358208
569650182331084801
569652497947734017
567769787317907456
567940050186604545
568114097142652928
568145575452876800
568303606710956032
568389266155438080
568474442210283520
568515166410653696
568626423273017344
568895587900207104
569309623825670145
569315664156069888
569328773876871168
569338341306572800
569596034059358208
569650182331084801
569652497947734017
567769787317907456
567940050186604545
568114097142652928
568145575452876800
568303606710956032
568389266155438080
568474442210283520
568515166410653696
568626423273017344
568895587900207104
569309623825670145
569315664156069888
569328773876871168
569338341306572800
569596034059358208
569650182331084801
569652497947734017
570196530566701056
570234734942523393
570240784357830659
