567778453006655488
568141110217805824
568185092163678208
569704454376660992
567778453006655488
568141110217805824
568185092163678208
569704454376660992
567778453006655488
568141110217805824
568185092163678208
569704454376660992
569849517077622786
569960248548593665
570063224328081408
570091771675348992
567778453006655488
568141110217805824
568185092163678208
569704454376660992
569849517077622786
569960248548593665
570063224328081408
570091771675348992
567778453006655488
568141110217805824
568185092163678208
569704454376660992
569849517077622786
569960248548593665
570063224328081408
570091771675348992
567778453006655488
568141110217805824
568185092163678208
569704454376660992
569849517077622786
569960248548593665
570063224328081408
570091771675348992
567778453006655488
568141110217805824
568185092163678208
569704454376660992
569849517077622786
569960248548593665
570063224328081408
570091771675348992
567778453006655488
568141110217805824
568185092163678208
569704454376660992
569849517077622786
569960248548593665
570063224328081408
570091771675348992
