567692251954827265
567725820056068096
567729368110096385
567752625647394816
567778606546694144
567811142924656640
567821166775156736
567831075763003393
567836660899057664
568046797475553280
568055480226066434
568055766130827264
568073191068794880
568086068135895040
568127477555441664
568162409837400064
568173937714028544
568215917894737920
568226977070632960
568238605036064768
568258846235316225
568405950958333952
568433493987844096
568436966628261889
568447216156692480
568460278662193152
568464076122279937
568469882922102785
568518985056002049
568544199072735232
568574014505029632
568604830291222530
568608665072246784
568627619991650305
568649837610037248
568672436977168385
568774385965932545
568776950665371648
568780675672907776
568787999036583936
568805444761681921
568829852721106944
568834249303785472
568852572188098561
568898634923843586
568902405909143552
568909605499215872
568910988361244672
568922138348019712
568942331921092608
568947623626846208
568962249177436160
568965165783388160
568970172062691328
569085417045143552
569134333166002177
569155666440355840
569230997650214913
569232785786998785
569233260108124160
569236124192931840
569242715759779840
569282844155125761
569307466896424961
569310635986546688
569311060903268352
569330091857219585
569337605223006209
569359793800024064
569416670340636672
569418497694035969
569492459258056704
569521081125629953
569535236884664320
569551863260913664
569556215375613952
569559847131164672
569561062749700097
569577696793006080
569581903965265920
569588464896876545
569596665864130562
569598915722518528
569602817633222656
569603875671396352
569607661655715841
569616362223628289
569617089155211265
569621744295682048
569630959718551552
569633221748637696
569641916855402496
569649508113625089
569662221099384832
569664265218600960
569666885035409408
569671332092252160
569683647990599681
569684982366666752
569690433996984320
569692664720797696
569702566126325760
569704388106719232
569710365770182656
569737259999571968
569740152966238208
569753971406999552
569766662024630272
569786215693742080
569787479324299265
567692251954827265
567725820056068096
567729368110096385
567752625647394816
567778606546694144
567811142924656640
567821166775156736
567831075763003393
567836660899057664
568046797475553280
568055480226066434
568055766130827264
568073191068794880
568086068135895040
568127477555441664
568162409837400064
568173937714028544
568215917894737920
568226977070632960
568238605036064768
568258846235316225
568405950958333952
568433493987844096
568436966628261889
568447216156692480
568460278662193152
568464076122279937
568469882922102785
568518985056002049
568544199072735232
568574014505029632
568604830291222530
568608665072246784
568627619991650305
568649837610037248
568672436977168385
568774385965932545
568776950665371648
568780675672907776
568787999036583936
568805444761681921
568829852721106944
568834249303785472
568852572188098561
568898634923843586
568902405909143552
568909605499215872
568910988361244672
568922138348019712
568942331921092608
568947623626846208
568962249177436160
568965165783388160
568970172062691328
569085417045143552
569134333166002177
569155666440355840
569230997650214913
569232785786998785
569233260108124160
569236124192931840
569242715759779840
569282844155125761
569307466896424961
569310635986546688
569311060903268352
569330091857219585
569337605223006209
569359793800024064
569416670340636672
569418497694035969
569492459258056704
569521081125629953
569535236884664320
569551863260913664
569556215375613952
569559847131164672
569561062749700097
569577696793006080
569581903965265920
569588464896876545
569596665864130562
569598915722518528
569602817633222656
569603875671396352
569607661655715841
569616362223628289
569617089155211265
569621744295682048
569630959718551552
569633221748637696
569641916855402496
569649508113625089
569662221099384832
569664265218600960
569666885035409408
569671332092252160
569683647990599681
569684982366666752
569690433996984320
569692664720797696
569702566126325760
569704388106719232
569710365770182656
569737259999571968
569740152966238208
569753971406999552
569766662024630272
569786215693742080
569787479324299265
569817859406352384
569832053241450496
569833680316829696
567692251954827265
567725820056068096
567729368110096385
567752625647394816
567778606546694144
567811142924656640
567821166775156736
567831075763003393
567836660899057664
568046797475553280
568055480226066434
568055766130827264
568073191068794880
568086068135895040
568127477555441664
568162409837400064
568173937714028544
568215917894737920
568226977070632960
568238605036064768
568258846235316225
568405950958333952
568433493987844096
568436966628261889
568447216156692480
568460278662193152
568464076122279937
568469882922102785
568518985056002049
568544199072735232
568574014505029632
568604830291222530
568608665072246784
568627619991650305
568649837610037248
568672436977168385
568774385965932545
568776950665371648
568780675672907776
568787999036583936
568805444761681921
568829852721106944
568834249303785472
568852572188098561
568898634923843586
568902405909143552
568909605499215872
568910988361244672
568922138348019712
568942331921092608
568947623626846208
568962249177436160
568965165783388160
568970172062691328
569085417045143552
569134333166002177
569155666440355840
569230997650214913
569232785786998785
569233260108124160
569236124192931840
569242715759779840
569282844155125761
569307466896424961
569310635986546688
569311060903268352
569330091857219585
569337605223006209
569359793800024064
569416670340636672
569418497694035969
569492459258056704
569521081125629953
569535236884664320
569551863260913664
569556215375613952
569559847131164672
569561062749700097
569577696793006080
569581903965265920
569588464896876545
569596665864130562
569598915722518528
569602817633222656
569603875671396352
569607661655715841
569616362223628289
569617089155211265
569621744295682048
569630959718551552
569633221748637696
569641916855402496
569649508113625089
569662221099384832
569664265218600960
569666885035409408
569671332092252160
569683647990599681
569684982366666752
569690433996984320
569692664720797696
569702566126325760
569704388106719232
569710365770182656
569737259999571968
569740152966238208
569753971406999552
569766662024630272
569786215693742080
569787479324299265
569817859406352384
569832053241450496
569833680316829696
569846302663688192
569846963350454272
569860221755117568
569862449559527426
569870837815205888
569871932251729920
569881453842042880
569897748859744257
569907544124219392
569911515106582528
569917791228157952
569922853266694145
569923163259318274
569943328701095937
569958485913243648
569975659730051072
569985685723209730
570000158454353920
570000777768345600
570005000643956736
570007761355980800
570028289399525376
570054574389788672
570056859698270208
570072227942674432
570080397628825600
570097189617143808
570097596913623040
570104743747416064
570105441688158208
570114451120074752
570143097809707008
570146091141722112
570219815941615616
570253196213383168
570253859412529152
570254375081414656
570266640614498304
570274371685777409
570277724385734656
570304544128815104
567692251954827265
567725820056068096
567729368110096385
567752625647394816
567778606546694144
567811142924656640
567821166775156736
567831075763003393
567836660899057664
568046797475553280
568055480226066434
568055766130827264
568073191068794880
568086068135895040
568127477555441664
568162409837400064
568173937714028544
568215917894737920
568226977070632960
568238605036064768
568258846235316225
568405950958333952
568433493987844096
568436966628261889
568447216156692480
568460278662193152
568464076122279937
568469882922102785
568518985056002049
568544199072735232
568574014505029632
568604830291222530
568608665072246784
568627619991650305
568649837610037248
568672436977168385
568774385965932545
568776950665371648
568780675672907776
568787999036583936
568805444761681921
568829852721106944
568834249303785472
568852572188098561
568898634923843586
568902405909143552
568909605499215872
568910988361244672
568922138348019712
568942331921092608
568947623626846208
568962249177436160
568965165783388160
568970172062691328
569085417045143552
569134333166002177
569155666440355840
569230997650214913
569232785786998785
569233260108124160
569236124192931840
569242715759779840
569282844155125761
569307466896424961
569310635986546688
569311060903268352
569330091857219585
569337605223006209
569359793800024064
569416670340636672
569418497694035969
569492459258056704
569521081125629953
569535236884664320
569551863260913664
569556215375613952
569559847131164672
569561062749700097
569577696793006080
569581903965265920
569588464896876545
569596665864130562
569598915722518528
569602817633222656
569603875671396352
569607661655715841
569616362223628289
569617089155211265
569621744295682048
569630959718551552
569633221748637696
569641916855402496
569649508113625089
569662221099384832
569664265218600960
569666885035409408
569671332092252160
569683647990599681
569684982366666752
569690433996984320
569692664720797696
569702566126325760
569704388106719232
569710365770182656
569737259999571968
569740152966238208
569753971406999552
569766662024630272
569786215693742080
569787479324299265
569817859406352384
569832053241450496
569833680316829696
569846302663688192
569846963350454272
569860221755117568
569862449559527426
569870837815205888
569871932251729920
569881453842042880
569897748859744257
569907544124219392
569911515106582528
569917791228157952
569922853266694145
569923163259318274
569943328701095937
569958485913243648
569975659730051072
569985685723209730
570000158454353920
570000777768345600
570005000643956736
570007761355980800
570028289399525376
570054574389788672
570056859698270208
570072227942674432
570080397628825600
570097189617143808
570097596913623040
570104743747416064
570105441688158208
570114451120074752
570143097809707008
570146091141722112
570219815941615616
570253196213383168
570253859412529152
570254375081414656
570266640614498304
570274371685777409
570277724385734656
570304544128815104
567692251954827265
567725820056068096
567729368110096385
567752625647394816
567778606546694144
567811142924656640
567821166775156736
567831075763003393
567836660899057664
568046797475553280
568055480226066434
568055766130827264
568073191068794880
568086068135895040
568127477555441664
568162409837400064
568173937714028544
568215917894737920
568226977070632960
568238605036064768
568258846235316225
568405950958333952
568433493987844096
568436966628261889
568447216156692480
568460278662193152
568464076122279937
568469882922102785
568518985056002049
568544199072735232
568574014505029632
568604830291222530
568608665072246784
568627619991650305
568649837610037248
568672436977168385
568774385965932545
568776950665371648
568780675672907776
568787999036583936
568805444761681921
568829852721106944
568834249303785472
568852572188098561
568898634923843586
568902405909143552
568909605499215872
568910988361244672
568922138348019712
568942331921092608
568947623626846208
568962249177436160
568965165783388160
568970172062691328
569085417045143552
569134333166002177
569155666440355840
569230997650214913
569232785786998785
569233260108124160
569236124192931840
569242715759779840
569282844155125761
569307466896424961
569310635986546688
569311060903268352
569330091857219585
569337605223006209
569359793800024064
569416670340636672
569418497694035969
569492459258056704
569521081125629953
569535236884664320
569551863260913664
569556215375613952
569559847131164672
569561062749700097
569577696793006080
569581903965265920
569588464896876545
569596665864130562
569598915722518528
569602817633222656
569603875671396352
569607661655715841
569616362223628289
569617089155211265
569621744295682048
569630959718551552
569633221748637696
569641916855402496
569649508113625089
569662221099384832
569664265218600960
569666885035409408
569671332092252160
569683647990599681
569684982366666752
569690433996984320
569692664720797696
569702566126325760
569704388106719232
569710365770182656
569737259999571968
569740152966238208
569753971406999552
569766662024630272
569786215693742080
569787479324299265
569817859406352384
569832053241450496
569833680316829696
569846302663688192
569846963350454272
569860221755117568
569862449559527426
569870837815205888
569871932251729920
569881453842042880
569897748859744257
569907544124219392
569911515106582528
569917791228157952
569922853266694145
569923163259318274
569943328701095937
569958485913243648
569975659730051072
569985685723209730
570000158454353920
570000777768345600
570005000643956736
570007761355980800
570028289399525376
570054574389788672
570056859698270208
570072227942674432
570080397628825600
570097189617143808
570097596913623040
570104743747416064
570105441688158208
570114451120074752
570143097809707008
570146091141722112
570219815941615616
570253196213383168
570253859412529152
570254375081414656
570266640614498304
570274371685777409
570277724385734656
570304544128815104
567692251954827265
567725820056068096
567729368110096385
567752625647394816
567778606546694144
567811142924656640
567821166775156736
567831075763003393
567836660899057664
568046797475553280
568055480226066434
568055766130827264
568073191068794880
568086068135895040
568127477555441664
568162409837400064
568173937714028544
568215917894737920
568226977070632960
568238605036064768
568258846235316225
568405950958333952
568433493987844096
568436966628261889
568447216156692480
568460278662193152
568464076122279937
568469882922102785
568518985056002049
568544199072735232
568574014505029632
568604830291222530
568608665072246784
568627619991650305
568649837610037248
568672436977168385
568774385965932545
568776950665371648
568780675672907776
568787999036583936
568805444761681921
568829852721106944
568834249303785472
568852572188098561
568898634923843586
568902405909143552
568909605499215872
568910988361244672
568922138348019712
568942331921092608
568947623626846208
568962249177436160
568965165783388160
568970172062691328
569085417045143552
569134333166002177
569155666440355840
569230997650214913
569232785786998785
569233260108124160
569236124192931840
569242715759779840
569282844155125761
569307466896424961
569310635986546688
569311060903268352
569330091857219585
569337605223006209
569359793800024064
569416670340636672
569418497694035969
569492459258056704
569521081125629953
569535236884664320
569551863260913664
569556215375613952
569559847131164672
569561062749700097
569577696793006080
569581903965265920
569588464896876545
569596665864130562
569598915722518528
569602817633222656
569603875671396352
569607661655715841
569616362223628289
569617089155211265
569621744295682048
569630959718551552
569633221748637696
569641916855402496
569649508113625089
569662221099384832
569664265218600960
569666885035409408
569671332092252160
569683647990599681
569684982366666752
569690433996984320
569692664720797696
569702566126325760
569704388106719232
569710365770182656
569737259999571968
569740152966238208
569753971406999552
569766662024630272
569786215693742080
569787479324299265
569817859406352384
569832053241450496
569833680316829696
569846302663688192
569846963350454272
569860221755117568
569862449559527426
569870837815205888
569871932251729920
569881453842042880
569897748859744257
569907544124219392
569911515106582528
569917791228157952
569922853266694145
569923163259318274
569943328701095937
569958485913243648
569975659730051072
569985685723209730
570000158454353920
570000777768345600
570005000643956736
570007761355980800
570028289399525376
570054574389788672
570056859698270208
570072227942674432
570080397628825600
570097189617143808
570097596913623040
570104743747416064
570105441688158208
570114451120074752
570143097809707008
570146091141722112
570219815941615616
570253196213383168
570253859412529152
570254375081414656
570266640614498304
570274371685777409
570277724385734656
570304544128815104
567692251954827265
567725820056068096
567729368110096385
567752625647394816
567778606546694144
567811142924656640
567821166775156736
567831075763003393
567836660899057664
568046797475553280
568055480226066434
568055766130827264
568073191068794880
568086068135895040
568127477555441664
568162409837400064
568173937714028544
568215917894737920
568226977070632960
568238605036064768
568258846235316225
568405950958333952
568433493987844096
568436966628261889
568447216156692480
568460278662193152
568464076122279937
568469882922102785
568518985056002049
568544199072735232
568574014505029632
568604830291222530
568608665072246784
568627619991650305
568649837610037248
568672436977168385
568774385965932545
568776950665371648
568780675672907776
568787999036583936
568805444761681921
568829852721106944
568834249303785472
568852572188098561
568898634923843586
568902405909143552
568909605499215872
568910988361244672
568922138348019712
568942331921092608
568947623626846208
568962249177436160
568965165783388160
568970172062691328
569085417045143552
569134333166002177
569155666440355840
569230997650214913
569232785786998785
569233260108124160
569236124192931840
569242715759779840
569282844155125761
569307466896424961
569310635986546688
569311060903268352
569330091857219585
569337605223006209
569359793800024064
569416670340636672
569418497694035969
569492459258056704
569521081125629953
569535236884664320
569551863260913664
569556215375613952
569559847131164672
569561062749700097
569577696793006080
569581903965265920
569588464896876545
569596665864130562
569598915722518528
569602817633222656
569603875671396352
569607661655715841
569616362223628289
569617089155211265
569621744295682048
569630959718551552
569633221748637696
569641916855402496
569649508113625089
569662221099384832
569664265218600960
569666885035409408
569671332092252160
569683647990599681
569684982366666752
569690433996984320
569692664720797696
569702566126325760
569704388106719232
569710365770182656
569737259999571968
569740152966238208
569753971406999552
569766662024630272
569786215693742080
569787479324299265
569817859406352384
569832053241450496
569833680316829696
569846302663688192
569846963350454272
569860221755117568
569862449559527426
569870837815205888
569871932251729920
569881453842042880
569897748859744257
569907544124219392
569911515106582528
569917791228157952
569922853266694145
569923163259318274
569943328701095937
569958485913243648
569975659730051072
569985685723209730
570000158454353920
570000777768345600
570005000643956736
570007761355980800
570028289399525376
570054574389788672
570056859698270208
570072227942674432
570080397628825600
570097189617143808
570097596913623040
570104743747416064
570105441688158208
570114451120074752
570143097809707008
570146091141722112
570219815941615616
570253196213383168
570253859412529152
570254375081414656
570266640614498304
570274371685777409
570277724385734656
570304544128815104
567692251954827265
567725820056068096
567729368110096385
567752625647394816
567778606546694144
567811142924656640
567821166775156736
567831075763003393
567836660899057664
568046797475553280
568055480226066434
568055766130827264
568073191068794880
568086068135895040
568127477555441664
568162409837400064
568173937714028544
568215917894737920
568226977070632960
568238605036064768
568258846235316225
568405950958333952
568433493987844096
568436966628261889
568447216156692480
568460278662193152
568464076122279937
568469882922102785
568518985056002049
568544199072735232
568574014505029632
568604830291222530
568608665072246784
568627619991650305
568649837610037248
568672436977168385
568774385965932545
568776950665371648
568780675672907776
568787999036583936
568805444761681921
568829852721106944
568834249303785472
568852572188098561
568898634923843586
568902405909143552
568909605499215872
568910988361244672
568922138348019712
568942331921092608
568947623626846208
568962249177436160
568965165783388160
568970172062691328
569085417045143552
569134333166002177
569155666440355840
569230997650214913
569232785786998785
569233260108124160
569236124192931840
569242715759779840
569282844155125761
569307466896424961
569310635986546688
569311060903268352
569330091857219585
569337605223006209
569359793800024064
569416670340636672
569418497694035969
569492459258056704
569521081125629953
569535236884664320
569551863260913664
569556215375613952
569559847131164672
569561062749700097
569577696793006080
569581903965265920
569588464896876545
569596665864130562
569598915722518528
569602817633222656
569603875671396352
569607661655715841
569616362223628289
569617089155211265
569621744295682048
569630959718551552
569633221748637696
569641916855402496
569649508113625089
569662221099384832
569664265218600960
569666885035409408
569671332092252160
569683647990599681
569684982366666752
569690433996984320
569692664720797696
569702566126325760
569704388106719232
569710365770182656
569737259999571968
569740152966238208
569753971406999552
569766662024630272
569786215693742080
569787479324299265
569817859406352384
569832053241450496
569833680316829696
569846302663688192
569846963350454272
569860221755117568
569862449559527426
569870837815205888
569871932251729920
569881453842042880
569897748859744257
569907544124219392
569911515106582528
569917791228157952
569922853266694145
569923163259318274
569943328701095937
569958485913243648
569975659730051072
569985685723209730
570000158454353920
570000777768345600
570005000643956736
570007761355980800
570028289399525376
570054574389788672
570056859698270208
570072227942674432
570080397628825600
570097189617143808
570097596913623040
570104743747416064
570105441688158208
570114451120074752
570143097809707008
570146091141722112
570219815941615616
570253196213383168
570253859412529152
570254375081414656
570266640614498304
570274371685777409
570277724385734656
570304544128815104
