568214100578324480
568434509017960449
568809620019527680
569527975252766720
569592236981284864
569672099704508416
569698150757244928
569699694454001664
569737682466656258
568214100578324480
568434509017960449
568809620019527680
569527975252766720
569592236981284864
569672099704508416
569698150757244928
569699694454001664
569737682466656258
568214100578324480
568434509017960449
568809620019527680
569527975252766720
569592236981284864
569672099704508416
569698150757244928
569699694454001664
569737682466656258
569867211852156928
569870036992593920
569903197835407361
569927965007417344
569957675548721152
569964335038124033
570045585149063168
570278869133107201
