567745362727686145
568071159285022720
569757272760397824
567745362727686145
568071159285022720
569757272760397824
567745362727686145
568071159285022720
569757272760397824
569865823415902208
569928034171498496
567745362727686145
568071159285022720
569757272760397824
569865823415902208
569928034171498496
567745362727686145
568071159285022720
569757272760397824
569865823415902208
569928034171498496
567745362727686145
568071159285022720
569757272760397824
569865823415902208
569928034171498496
567745362727686145
568071159285022720
569757272760397824
569865823415902208
569928034171498496
567745362727686145
568071159285022720
569757272760397824
569865823415902208
569928034171498496
