567726138223771649
567734506434854912
567734731694157824
567735409724366848
567738680945958913
567742141334437888
567747764906635265
567751489754382336
567766563533897729
567768450471587840
567773236734074880
567781357355794432
567790581901971456
567794573495250944
567794720425144321
567800574051151872
567800771774001153
567802653078728705
567804350040416256
567811913586876417
567812160253865984
567821242029359104
567864793404555264
567872411418247169
567895584625020928
567908391256875008
567947943593926657
568034808598810625
568057671443750912
568057887223894016
568066878192508928
568075934609346560
568077686507229184
568094172508336128
568107363195973633
568108522313015296
568115829616861184
568123193577177089
568128069845848064
568128904260685824
568134930137550848
568138996112445440
568160511264571392
568183699658944512
568184857538498560
568186573965172736
568193698284118016
568214541852495872
568236691397279745
568372335012679680
568385303267782656
568425421240455168
568438094652956673
568527922576777216
568564757172764672
568616463407255552
568632754939805696
568650724399321088
568810642523725824
568828240502128640
568853321659736064
568854401802051584
568889146179072000
568894795294363648
568902192364548097
568926321369153536
568930822952103938
568931575980814336
568948323916255233
568960217976864769
568968141814046720
568973830086995968
569015470025793536
569016588411789312
569114239996076032
569115483313582080
569147852217135104
569180856423567361
569215950597201921
569217285593788416
569227063300718593
569236251129163777
569262517333196800
569267207324246019
569274195332325377
569288008144330752
569304845091524608
569331162897739776
569334462292434944
569336252597731329
569342508553121795
569357691715493888
569474700386045955
569495331399995392
569516566380875778
569522534724403201
569524497377861632
569526070615138304
569559149933142016
569571772355489792
569588465593143297
569590151657103360
569591540944756737
569591647685775361
569591700416393216
569592390211801089
569594123222585344
569613661045690368
569616576481267712
569617777075625986
569620354781425665
569625456816709633
569627200133197824
569633630978310145
569634318349246464
569639607639285761
569642306640306176
569643184067727361
569643354557796353
569645294708609025
569651818453708800
569654439646269440
569655113477988352
569658769686339584
569659367001186304
569661662648610816
569664265218600960
569666814017294339
569673764562010112
569678544869199872
569678632567881728
569680231012773888
569680818228084736
569686401735745536
569688233002401792
569691574625415168
569693592597323776
569700243383537664
569700252321755137
569701607144693760
569702495926267905
569707569448558592
569715419851796482
569716576850731008
569724545738760192
569731306092961792
569746542275354625
569754108321607680
569759291839803392
569791792029151232
569811246096064512
567726138223771649
567734506434854912
567734731694157824
567735409724366848
567738680945958913
567742141334437888
567747764906635265
567751489754382336
567766563533897729
567768450471587840
567773236734074880
567781357355794432
567790581901971456
567794573495250944
567794720425144321
567800574051151872
567800771774001153
567802653078728705
567804350040416256
567811913586876417
567812160253865984
567821242029359104
567864793404555264
567872411418247169
567895584625020928
567908391256875008
567947943593926657
568034808598810625
568057671443750912
568057887223894016
568066878192508928
568075934609346560
568077686507229184
568094172508336128
568107363195973633
568108522313015296
568115829616861184
568123193577177089
568128069845848064
568128904260685824
568134930137550848
568138996112445440
568160511264571392
568183699658944512
568184857538498560
568186573965172736
568193698284118016
568214541852495872
568236691397279745
568372335012679680
568385303267782656
568425421240455168
568438094652956673
568527922576777216
568564757172764672
568616463407255552
568632754939805696
568650724399321088
568810642523725824
568828240502128640
568853321659736064
568854401802051584
568889146179072000
568894795294363648
568902192364548097
568926321369153536
568930822952103938
568931575980814336
568948323916255233
568960217976864769
568968141814046720
568973830086995968
569015470025793536
569016588411789312
569114239996076032
569115483313582080
569147852217135104
569180856423567361
569215950597201921
569217285593788416
569227063300718593
569236251129163777
569262517333196800
569267207324246019
569274195332325377
569288008144330752
569304845091524608
569331162897739776
569334462292434944
569336252597731329
569342508553121795
569357691715493888
569474700386045955
569495331399995392
569516566380875778
569522534724403201
569524497377861632
569526070615138304
569559149933142016
569571772355489792
569588465593143297
569590151657103360
569591540944756737
569591647685775361
569591700416393216
569592390211801089
569594123222585344
569613661045690368
569616576481267712
569617777075625986
569620354781425665
569625456816709633
569627200133197824
569633630978310145
569634318349246464
569639607639285761
569642306640306176
569643184067727361
569643354557796353
569645294708609025
569651818453708800
569654439646269440
569655113477988352
569658769686339584
569659367001186304
569661662648610816
569664265218600960
569666814017294339
569673764562010112
569678544869199872
569678632567881728
569680231012773888
569680818228084736
569686401735745536
569688233002401792
569691574625415168
569693592597323776
569700243383537664
569700252321755137
569701607144693760
569702495926267905
569707569448558592
569715419851796482
569716576850731008
569724545738760192
569731306092961792
569746542275354625
569754108321607680
569759291839803392
569791792029151232
569811246096064512
569831393682976768
569832733226110976
567726138223771649
567734506434854912
567734731694157824
567735409724366848
567738680945958913
567742141334437888
567747764906635265
567751489754382336
567766563533897729
567768450471587840
567773236734074880
567781357355794432
567790581901971456
567794573495250944
567794720425144321
567800574051151872
567800771774001153
567802653078728705
567804350040416256
567811913586876417
567812160253865984
567821242029359104
567864793404555264
567872411418247169
567895584625020928
567908391256875008
567947943593926657
568034808598810625
568057671443750912
568057887223894016
568066878192508928
568075934609346560
568077686507229184
568094172508336128
568107363195973633
568108522313015296
568115829616861184
568123193577177089
568128069845848064
568128904260685824
568134930137550848
568138996112445440
568160511264571392
568183699658944512
568184857538498560
568186573965172736
568193698284118016
568214541852495872
568236691397279745
568372335012679680
568385303267782656
568425421240455168
568438094652956673
568527922576777216
568564757172764672
568616463407255552
568632754939805696
568650724399321088
568810642523725824
568828240502128640
568853321659736064
568854401802051584
568889146179072000
568894795294363648
568902192364548097
568926321369153536
568930822952103938
568931575980814336
568948323916255233
568960217976864769
568968141814046720
568973830086995968
569015470025793536
569016588411789312
569114239996076032
569115483313582080
569147852217135104
569180856423567361
569215950597201921
569217285593788416
569227063300718593
569236251129163777
569262517333196800
569267207324246019
569274195332325377
569288008144330752
569304845091524608
569331162897739776
569334462292434944
569336252597731329
569342508553121795
569357691715493888
569474700386045955
569495331399995392
569516566380875778
569522534724403201
569524497377861632
569526070615138304
569559149933142016
569571772355489792
569588465593143297
569590151657103360
569591540944756737
569591647685775361
569591700416393216
569592390211801089
569594123222585344
569613661045690368
569616576481267712
569617777075625986
569620354781425665
569625456816709633
569627200133197824
569633630978310145
569634318349246464
569639607639285761
569642306640306176
569643184067727361
569643354557796353
569645294708609025
569651818453708800
569654439646269440
569655113477988352
569658769686339584
569659367001186304
569661662648610816
569664265218600960
569666814017294339
569673764562010112
569678544869199872
569678632567881728
569680231012773888
569680818228084736
569686401735745536
569688233002401792
569691574625415168
569693592597323776
569700243383537664
569700252321755137
569701607144693760
569702495926267905
569707569448558592
569715419851796482
569716576850731008
569724545738760192
569731306092961792
569746542275354625
569754108321607680
569759291839803392
569791792029151232
569811246096064512
569831393682976768
569832733226110976
569851605358669824
569859036360908801
569867943888056320
569875456415170560
569884559380238336
569886288691773440
569887230019284993
569890859526823936
569896805611089920
569904589010575360
569905899650883585
569908805724712961
569915269767757824
569916586682945536
569916590814203904
569921757647212544
569927630469894144
569929141962698752
569935692161134592
569938487920566272
569949891163615232
569962905493315585
569966060926947329
569966609080586240
569972985521532929
569978197284130817
569981722470834176
569981899332059136
569983587572789248
569988785330479104
569988987420434432
569989661713666049
569992620744708096
570010973047795713
570017357747380224
570022372901847042
570033062202863616
570037969819545600
570054257577041921
570077847672328192
570079237350100993
570084883332239360
570088404156698625
570101666571288576
570106900970221568
570151672070205440
570166071640133632
570169567374401536
570175202807586816
570178966725767168
570179813845147648
570181077861474304
570182972554371072
570185347453329409
570217606025748480
570219953741279232
570223576038686720
570229133445242880
570229480821628928
570238822157570048
570244711388065793
570250945281589248
570256052966395906
570260118043914240
570260383862108160
570263313306615810
570264682541522944
570269976042573824
570271896887017472
570272997052805120
570274057729519617
570280653389996034
570291219919736832
570291866530398208
570295202616889345
570296556852789250
567726138223771649
567734506434854912
567734731694157824
567735409724366848
567738680945958913
567742141334437888
567747764906635265
567751489754382336
567766563533897729
567768450471587840
567773236734074880
567781357355794432
567790581901971456
567794573495250944
567794720425144321
567800574051151872
567800771774001153
567802653078728705
567804350040416256
567811913586876417
567812160253865984
567821242029359104
567864793404555264
567872411418247169
567895584625020928
567908391256875008
567947943593926657
568034808598810625
568057671443750912
568057887223894016
568066878192508928
568075934609346560
568077686507229184
568094172508336128
568107363195973633
568108522313015296
568115829616861184
568123193577177089
568128069845848064
568128904260685824
568134930137550848
568138996112445440
568160511264571392
568183699658944512
568184857538498560
568186573965172736
568193698284118016
568214541852495872
568236691397279745
568372335012679680
568385303267782656
568425421240455168
568438094652956673
568527922576777216
568564757172764672
568616463407255552
568632754939805696
568650724399321088
568810642523725824
568828240502128640
568853321659736064
568854401802051584
568889146179072000
568894795294363648
568902192364548097
568926321369153536
568930822952103938
568931575980814336
568948323916255233
568960217976864769
568968141814046720
568973830086995968
569015470025793536
569016588411789312
569114239996076032
569115483313582080
569147852217135104
569180856423567361
569215950597201921
569217285593788416
569227063300718593
569236251129163777
569262517333196800
569267207324246019
569274195332325377
569288008144330752
569304845091524608
569331162897739776
569334462292434944
569336252597731329
569342508553121795
569357691715493888
569474700386045955
569495331399995392
569516566380875778
569522534724403201
569524497377861632
569526070615138304
569559149933142016
569571772355489792
569588465593143297
569590151657103360
569591540944756737
569591647685775361
569591700416393216
569592390211801089
569594123222585344
569613661045690368
569616576481267712
569617777075625986
569620354781425665
569625456816709633
569627200133197824
569633630978310145
569634318349246464
569639607639285761
569642306640306176
569643184067727361
569643354557796353
569645294708609025
569651818453708800
569654439646269440
569655113477988352
569658769686339584
569659367001186304
569661662648610816
569664265218600960
569666814017294339
569673764562010112
569678544869199872
569678632567881728
569680231012773888
569680818228084736
569686401735745536
569688233002401792
569691574625415168
569693592597323776
569700243383537664
569700252321755137
569701607144693760
569702495926267905
569707569448558592
569715419851796482
569716576850731008
569724545738760192
569731306092961792
569746542275354625
569754108321607680
569759291839803392
569791792029151232
569811246096064512
569831393682976768
569832733226110976
569851605358669824
569859036360908801
569867943888056320
569875456415170560
569884559380238336
569886288691773440
569887230019284993
569890859526823936
569896805611089920
569904589010575360
569905899650883585
569908805724712961
569915269767757824
569916586682945536
569916590814203904
569921757647212544
569927630469894144
569929141962698752
569935692161134592
569938487920566272
569949891163615232
569962905493315585
569966060926947329
569966609080586240
569972985521532929
569978197284130817
569981722470834176
569981899332059136
569983587572789248
569988785330479104
569988987420434432
569989661713666049
569992620744708096
570010973047795713
570017357747380224
570022372901847042
570033062202863616
570037969819545600
570054257577041921
570077847672328192
570079237350100993
570084883332239360
570088404156698625
570101666571288576
570106900970221568
570151672070205440
570166071640133632
570169567374401536
570175202807586816
570178966725767168
570179813845147648
570181077861474304
570182972554371072
570185347453329409
570217606025748480
570219953741279232
570223576038686720
570229133445242880
570229480821628928
570238822157570048
570244711388065793
570250945281589248
570256052966395906
570260118043914240
570260383862108160
570263313306615810
570264682541522944
570269976042573824
570271896887017472
570272997052805120
570274057729519617
570280653389996034
570291219919736832
570291866530398208
570295202616889345
570296556852789250
567726138223771649
567734506434854912
567734731694157824
567735409724366848
567738680945958913
567742141334437888
567747764906635265
567751489754382336
567766563533897729
567768450471587840
567773236734074880
567781357355794432
567790581901971456
567794573495250944
567794720425144321
567800574051151872
567800771774001153
567802653078728705
567804350040416256
567811913586876417
567812160253865984
567821242029359104
567864793404555264
567872411418247169
567895584625020928
567908391256875008
567947943593926657
568034808598810625
568057671443750912
568057887223894016
568066878192508928
568075934609346560
568077686507229184
568094172508336128
568107363195973633
568108522313015296
568115829616861184
568123193577177089
568128069845848064
568128904260685824
568134930137550848
568138996112445440
568160511264571392
568183699658944512
568184857538498560
568186573965172736
568193698284118016
568214541852495872
568236691397279745
568372335012679680
568385303267782656
568425421240455168
568438094652956673
568527922576777216
568564757172764672
568616463407255552
568632754939805696
568650724399321088
568810642523725824
568828240502128640
568853321659736064
568854401802051584
568889146179072000
568894795294363648
568902192364548097
568926321369153536
568930822952103938
568931575980814336
568948323916255233
568960217976864769
568968141814046720
568973830086995968
569015470025793536
569016588411789312
569114239996076032
569115483313582080
569147852217135104
569180856423567361
569215950597201921
569217285593788416
569227063300718593
569236251129163777
569262517333196800
569267207324246019
569274195332325377
569288008144330752
569304845091524608
569331162897739776
569334462292434944
569336252597731329
569342508553121795
569357691715493888
569474700386045955
569495331399995392
569516566380875778
569522534724403201
569524497377861632
569526070615138304
569559149933142016
569571772355489792
569588465593143297
569590151657103360
569591540944756737
569591647685775361
569591700416393216
569592390211801089
569594123222585344
569613661045690368
569616576481267712
569617777075625986
569620354781425665
569625456816709633
569627200133197824
569633630978310145
569634318349246464
569639607639285761
569642306640306176
569643184067727361
569643354557796353
569645294708609025
569651818453708800
569654439646269440
569655113477988352
569658769686339584
569659367001186304
569661662648610816
569664265218600960
569666814017294339
569673764562010112
569678544869199872
569678632567881728
569680231012773888
569680818228084736
569686401735745536
569688233002401792
569691574625415168
569693592597323776
569700243383537664
569700252321755137
569701607144693760
569702495926267905
569707569448558592
569715419851796482
569716576850731008
569724545738760192
569731306092961792
569746542275354625
569754108321607680
569759291839803392
569791792029151232
569811246096064512
569831393682976768
569832733226110976
569851605358669824
569859036360908801
569867943888056320
569875456415170560
569884559380238336
569886288691773440
569887230019284993
569890859526823936
569896805611089920
569904589010575360
569905899650883585
569908805724712961
569915269767757824
569916586682945536
569916590814203904
569921757647212544
569927630469894144
569929141962698752
569935692161134592
569938487920566272
569949891163615232
569962905493315585
569966060926947329
569966609080586240
569972985521532929
569978197284130817
569981722470834176
569981899332059136
569983587572789248
569988785330479104
569988987420434432
569989661713666049
569992620744708096
570010973047795713
570017357747380224
570022372901847042
570033062202863616
570037969819545600
570054257577041921
570077847672328192
570079237350100993
570084883332239360
570088404156698625
570101666571288576
570106900970221568
570151672070205440
570166071640133632
570169567374401536
570175202807586816
570178966725767168
570179813845147648
570181077861474304
570182972554371072
570185347453329409
570217606025748480
570219953741279232
570223576038686720
570229133445242880
570229480821628928
570238822157570048
570244711388065793
570250945281589248
570256052966395906
570260118043914240
570260383862108160
570263313306615810
570264682541522944
570269976042573824
570271896887017472
570272997052805120
570274057729519617
570280653389996034
570291219919736832
570291866530398208
570295202616889345
570296556852789250
567726138223771649
567734506434854912
567734731694157824
567735409724366848
567738680945958913
567742141334437888
567747764906635265
567751489754382336
567766563533897729
567768450471587840
567773236734074880
567781357355794432
567790581901971456
567794573495250944
567794720425144321
567800574051151872
567800771774001153
567802653078728705
567804350040416256
567811913586876417
567812160253865984
567821242029359104
567864793404555264
567872411418247169
567895584625020928
567908391256875008
567947943593926657
568034808598810625
568057671443750912
568057887223894016
568066878192508928
568075934609346560
568077686507229184
568094172508336128
568107363195973633
568108522313015296
568115829616861184
568123193577177089
568128069845848064
568128904260685824
568134930137550848
568138996112445440
568160511264571392
568183699658944512
568184857538498560
568186573965172736
568193698284118016
568214541852495872
568236691397279745
568372335012679680
568385303267782656
568425421240455168
568438094652956673
568527922576777216
568564757172764672
568616463407255552
568632754939805696
568650724399321088
568810642523725824
568828240502128640
568853321659736064
568854401802051584
568889146179072000
568894795294363648
568902192364548097
568926321369153536
568930822952103938
568931575980814336
568948323916255233
568960217976864769
568968141814046720
568973830086995968
569015470025793536
569016588411789312
569114239996076032
569115483313582080
569147852217135104
569180856423567361
569215950597201921
569217285593788416
569227063300718593
569236251129163777
569262517333196800
569267207324246019
569274195332325377
569288008144330752
569304845091524608
569331162897739776
569334462292434944
569336252597731329
569342508553121795
569357691715493888
569474700386045955
569495331399995392
569516566380875778
569522534724403201
569524497377861632
569526070615138304
569559149933142016
569571772355489792
569588465593143297
569590151657103360
569591540944756737
569591647685775361
569591700416393216
569592390211801089
569594123222585344
569613661045690368
569616576481267712
569617777075625986
569620354781425665
569625456816709633
569627200133197824
569633630978310145
569634318349246464
569639607639285761
569642306640306176
569643184067727361
569643354557796353
569645294708609025
569651818453708800
569654439646269440
569655113477988352
569658769686339584
569659367001186304
569661662648610816
569664265218600960
569666814017294339
569673764562010112
569678544869199872
569678632567881728
569680231012773888
569680818228084736
569686401735745536
569688233002401792
569691574625415168
569693592597323776
569700243383537664
569700252321755137
569701607144693760
569702495926267905
569707569448558592
569715419851796482
569716576850731008
569724545738760192
569731306092961792
569746542275354625
569754108321607680
569759291839803392
569791792029151232
569811246096064512
569831393682976768
569832733226110976
569851605358669824
569859036360908801
569867943888056320
569875456415170560
569884559380238336
569886288691773440
569887230019284993
569890859526823936
569896805611089920
569904589010575360
569905899650883585
569908805724712961
569915269767757824
569916586682945536
569916590814203904
569921757647212544
569927630469894144
569929141962698752
569935692161134592
569938487920566272
569949891163615232
569962905493315585
569966060926947329
569966609080586240
569972985521532929
569978197284130817
569981722470834176
569981899332059136
569983587572789248
569988785330479104
569988987420434432
569989661713666049
569992620744708096
570010973047795713
570017357747380224
570022372901847042
570033062202863616
570037969819545600
570054257577041921
570077847672328192
570079237350100993
570084883332239360
570088404156698625
570101666571288576
570106900970221568
570151672070205440
570166071640133632
570169567374401536
570175202807586816
570178966725767168
570179813845147648
570181077861474304
570182972554371072
570185347453329409
570217606025748480
570219953741279232
570223576038686720
570229133445242880
570229480821628928
570238822157570048
570244711388065793
570250945281589248
570256052966395906
570260118043914240
570260383862108160
570263313306615810
570264682541522944
570269976042573824
570271896887017472
570272997052805120
570274057729519617
570280653389996034
570291219919736832
570291866530398208
570295202616889345
570296556852789250
567726138223771649
567734506434854912
567734731694157824
567735409724366848
567738680945958913
567742141334437888
567747764906635265
567751489754382336
567766563533897729
567768450471587840
567773236734074880
567781357355794432
567790581901971456
567794573495250944
567794720425144321
567800574051151872
567800771774001153
567802653078728705
567804350040416256
567811913586876417
567812160253865984
567821242029359104
567864793404555264
567872411418247169
567895584625020928
567908391256875008
567947943593926657
568034808598810625
568057671443750912
568057887223894016
568066878192508928
568075934609346560
568077686507229184
568094172508336128
568107363195973633
568108522313015296
568115829616861184
568123193577177089
568128069845848064
568128904260685824
568134930137550848
568138996112445440
568160511264571392
568183699658944512
568184857538498560
568186573965172736
568193698284118016
568214541852495872
568236691397279745
568372335012679680
568385303267782656
568425421240455168
568438094652956673
568527922576777216
568564757172764672
568616463407255552
568632754939805696
568650724399321088
568810642523725824
568828240502128640
568853321659736064
568854401802051584
568889146179072000
568894795294363648
568902192364548097
568926321369153536
568930822952103938
568931575980814336
568948323916255233
568960217976864769
568968141814046720
568973830086995968
569015470025793536
569016588411789312
569114239996076032
569115483313582080
569147852217135104
569180856423567361
569215950597201921
569217285593788416
569227063300718593
569236251129163777
569262517333196800
569267207324246019
569274195332325377
569288008144330752
569304845091524608
569331162897739776
569334462292434944
569336252597731329
569342508553121795
569357691715493888
569474700386045955
569495331399995392
569516566380875778
569522534724403201
569524497377861632
569526070615138304
569559149933142016
569571772355489792
569588465593143297
569590151657103360
569591540944756737
569591647685775361
569591700416393216
569592390211801089
569594123222585344
569613661045690368
569616576481267712
569617777075625986
569620354781425665
569625456816709633
569627200133197824
569633630978310145
569634318349246464
569639607639285761
569642306640306176
569643184067727361
569643354557796353
569645294708609025
569651818453708800
569654439646269440
569655113477988352
569658769686339584
569659367001186304
569661662648610816
569664265218600960
569666814017294339
569673764562010112
569678544869199872
569678632567881728
569680231012773888
569680818228084736
569686401735745536
569688233002401792
569691574625415168
569693592597323776
569700243383537664
569700252321755137
569701607144693760
569702495926267905
569707569448558592
569715419851796482
569716576850731008
569724545738760192
569731306092961792
569746542275354625
569754108321607680
569759291839803392
569791792029151232
569811246096064512
569831393682976768
569832733226110976
569851605358669824
569859036360908801
569867943888056320
569875456415170560
569884559380238336
569886288691773440
569887230019284993
569890859526823936
569896805611089920
569904589010575360
569905899650883585
569908805724712961
569915269767757824
569916586682945536
569916590814203904
569921757647212544
569927630469894144
569929141962698752
569935692161134592
569938487920566272
569949891163615232
569962905493315585
569966060926947329
569966609080586240
569972985521532929
569978197284130817
569981722470834176
569981899332059136
569983587572789248
569988785330479104
569988987420434432
569989661713666049
569992620744708096
570010973047795713
570017357747380224
570022372901847042
570033062202863616
570037969819545600
570054257577041921
570077847672328192
570079237350100993
570084883332239360
570088404156698625
570101666571288576
570106900970221568
570151672070205440
570166071640133632
570169567374401536
570175202807586816
570178966725767168
570179813845147648
570181077861474304
570182972554371072
570185347453329409
570217606025748480
570219953741279232
570223576038686720
570229133445242880
570229480821628928
570238822157570048
570244711388065793
570250945281589248
570256052966395906
570260118043914240
570260383862108160
570263313306615810
570264682541522944
570269976042573824
570271896887017472
570272997052805120
570274057729519617
570280653389996034
570291219919736832
570291866530398208
570295202616889345
570296556852789250
567726138223771649
567734506434854912
567734731694157824
567735409724366848
567738680945958913
567742141334437888
567747764906635265
567751489754382336
567766563533897729
567768450471587840
567773236734074880
567781357355794432
567790581901971456
567794573495250944
567794720425144321
567800574051151872
567800771774001153
567802653078728705
567804350040416256
567811913586876417
567812160253865984
567821242029359104
567864793404555264
567872411418247169
567895584625020928
567908391256875008
567947943593926657
568034808598810625
568057671443750912
568057887223894016
568066878192508928
568075934609346560
568077686507229184
568094172508336128
568107363195973633
568108522313015296
568115829616861184
568123193577177089
568128069845848064
568128904260685824
568134930137550848
568138996112445440
568160511264571392
568183699658944512
568184857538498560
568186573965172736
568193698284118016
568214541852495872
568236691397279745
568372335012679680
568385303267782656
568425421240455168
568438094652956673
568527922576777216
568564757172764672
568616463407255552
568632754939805696
568650724399321088
568810642523725824
568828240502128640
568853321659736064
568854401802051584
568889146179072000
568894795294363648
568902192364548097
568926321369153536
568930822952103938
568931575980814336
568948323916255233
568960217976864769
568968141814046720
568973830086995968
569015470025793536
569016588411789312
569114239996076032
569115483313582080
569147852217135104
569180856423567361
569215950597201921
569217285593788416
569227063300718593
569236251129163777
569262517333196800
569267207324246019
569274195332325377
569288008144330752
569304845091524608
569331162897739776
569334462292434944
569336252597731329
569342508553121795
569357691715493888
569474700386045955
569495331399995392
569516566380875778
569522534724403201
569524497377861632
569526070615138304
569559149933142016
569571772355489792
569588465593143297
569590151657103360
569591540944756737
569591647685775361
569591700416393216
569592390211801089
569594123222585344
569613661045690368
569616576481267712
569617777075625986
569620354781425665
569625456816709633
569627200133197824
569633630978310145
569634318349246464
569639607639285761
569642306640306176
569643184067727361
569643354557796353
569645294708609025
569651818453708800
569654439646269440
569655113477988352
569658769686339584
569659367001186304
569661662648610816
569664265218600960
569666814017294339
569673764562010112
569678544869199872
569678632567881728
569680231012773888
569680818228084736
569686401735745536
569688233002401792
569691574625415168
569693592597323776
569700243383537664
569700252321755137
569701607144693760
569702495926267905
569707569448558592
569715419851796482
569716576850731008
569724545738760192
569731306092961792
569746542275354625
569754108321607680
569759291839803392
569791792029151232
569811246096064512
569831393682976768
569832733226110976
569851605358669824
569859036360908801
569867943888056320
569875456415170560
569884559380238336
569886288691773440
569887230019284993
569890859526823936
569896805611089920
569904589010575360
569905899650883585
569908805724712961
569915269767757824
569916586682945536
569916590814203904
569921757647212544
569927630469894144
569929141962698752
569935692161134592
569938487920566272
569949891163615232
569962905493315585
569966060926947329
569966609080586240
569972985521532929
569978197284130817
569981722470834176
569981899332059136
569983587572789248
569988785330479104
569988987420434432
569989661713666049
569992620744708096
570010973047795713
570017357747380224
570022372901847042
570033062202863616
570037969819545600
570054257577041921
570077847672328192
570079237350100993
570084883332239360
570088404156698625
570101666571288576
570106900970221568
570151672070205440
570166071640133632
570169567374401536
570175202807586816
570178966725767168
570179813845147648
570181077861474304
570182972554371072
570185347453329409
570217606025748480
570219953741279232
570223576038686720
570229133445242880
570229480821628928
570238822157570048
570244711388065793
570250945281589248
570256052966395906
570260118043914240
570260383862108160
570263313306615810
570264682541522944
570269976042573824
570271896887017472
570272997052805120
570274057729519617
570280653389996034
570291219919736832
570291866530398208
570295202616889345
570296556852789250
