567727599627943936
567807844687577089
568144896852299776
568189390444310528
567727599627943936
567807844687577089
568144896852299776
568189390444310528
567727599627943936
567807844687577089
568144896852299776
568189390444310528
567727599627943936
567807844687577089
568144896852299776
568189390444310528
567727599627943936
567807844687577089
568144896852299776
568189390444310528
567727599627943936
567807844687577089
568144896852299776
568189390444310528
567727599627943936
567807844687577089
568144896852299776
568189390444310528
567727599627943936
567807844687577089
568144896852299776
568189390444310528
