567874134174101504
568057241435303936
569559734199721984
567874134174101504
568057241435303936
569559734199721984
567874134174101504
568057241435303936
569559734199721984
569940685757014016
569941050002972672
567874134174101504
568057241435303936
569559734199721984
569940685757014016
569941050002972672
567874134174101504
568057241435303936
569559734199721984
569940685757014016
569941050002972672
567874134174101504
568057241435303936
569559734199721984
569940685757014016
569941050002972672
567874134174101504
568057241435303936
569559734199721984
569940685757014016
569941050002972672
567874134174101504
568057241435303936
569559734199721984
569940685757014016
569941050002972672
