567735204656066560
567848716738011136
567907935331971072
568035703768154112
568056665821413376
568087802279288832
569144929093615616
569164183473762304
569197910895812608
569649820798881792
567735204656066560
567848716738011136
567907935331971072
568035703768154112
568056665821413376
568087802279288832
569144929093615616
569164183473762304
569197910895812608
569649820798881792
567735204656066560
567848716738011136
567907935331971072
568035703768154112
568056665821413376
568087802279288832
569144929093615616
569164183473762304
569197910895812608
569649820798881792
569908080114339840
569917117576949760
567735204656066560
567848716738011136
567907935331971072
568035703768154112
568056665821413376
568087802279288832
569144929093615616
569164183473762304
569197910895812608
569649820798881792
569908080114339840
569917117576949760
567735204656066560
567848716738011136
567907935331971072
568035703768154112
568056665821413376
568087802279288832
569144929093615616
569164183473762304
569197910895812608
569649820798881792
569908080114339840
569917117576949760
567735204656066560
567848716738011136
567907935331971072
568035703768154112
568056665821413376
568087802279288832
569144929093615616
569164183473762304
569197910895812608
569649820798881792
569908080114339840
569917117576949760
567735204656066560
567848716738011136
567907935331971072
568035703768154112
568056665821413376
568087802279288832
569144929093615616
569164183473762304
569197910895812608
569649820798881792
569908080114339840
569917117576949760
567735204656066560
567848716738011136
567907935331971072
568035703768154112
568056665821413376
568087802279288832
569144929093615616
569164183473762304
569197910895812608
569649820798881792
569908080114339840
569917117576949760
