568093443823693824
568269180153274368
568276647885086720
568513003307429888
568596065882017792
568945639834267648
568946502615179264
568946686896132096
568947313676148737
568955862124863488
568972990039265280
568995447768899584
569127429702348800
569132950006185985
569212300265017345
569343579899822081
569616839761743872
569676404893163520
569700252321755137
568093443823693824
568269180153274368
568276647885086720
568513003307429888
568596065882017792
568945639834267648
568946502615179264
568946686896132096
568947313676148737
568955862124863488
568972990039265280
568995447768899584
569127429702348800
569132950006185985
569212300265017345
569343579899822081
569616839761743872
569676404893163520
569700252321755137
568093443823693824
568269180153274368
568276647885086720
568513003307429888
568596065882017792
568945639834267648
568946502615179264
568946686896132096
568947313676148737
568955862124863488
568972990039265280
568995447768899584
569127429702348800
569132950006185985
569212300265017345
569343579899822081
569616839761743872
569676404893163520
569700252321755137
569878685723049985
569945073611374592
569945386569363456
570044332843134976
570044428678778880
570044554130423808
