567721299162968065
567846359631564800
567848437992984576
568013199599120384
568024504057913344
568037842838024192
568053919575875584
568087713972236289
568093443823693824
568095662262358016
568106704866582528
568145575452876800
568206455251144704
568239189055176704
568244170848137217
568269372151734273
568403209766744064
568416519073468416
568475439460515840
568495231877967872
568548307200393217
568664266502479872
568711179318779904
568751950935691265
568759575807184896
568766295761682432
568791283575201792
568795018816675841
568797966489690112
568799486392143872
568800389903962112
568853290513010688
568862839340961792
568870841120731138
568904127834558464
568935636318552064
568949199779155968
568970344154836993
568972783234912257
569066946433581056
569154503188070400
569293499968950272
569318947729887232
569328755409326080
569330414193483776
569336246474022912
569423132240556033
569436161032073218
569543457452064768
569550290753445889
569569120951390209
569597666025345024
569639780276953088
569644335014092800
569644716343455744
569672095753502720
569677478077136897
569696666611261440
569700277244141568
567721299162968065
567846359631564800
567848437992984576
568013199599120384
568024504057913344
568037842838024192
568053919575875584
568087713972236289
568093443823693824
568095662262358016
568106704866582528
568145575452876800
568206455251144704
568239189055176704
568244170848137217
568269372151734273
568403209766744064
568416519073468416
568475439460515840
568495231877967872
568548307200393217
568664266502479872
568711179318779904
568751950935691265
568759575807184896
568766295761682432
568791283575201792
568795018816675841
568797966489690112
568799486392143872
568800389903962112
568853290513010688
568862839340961792
568870841120731138
568904127834558464
568935636318552064
568949199779155968
568970344154836993
568972783234912257
569066946433581056
569154503188070400
569293499968950272
569318947729887232
569328755409326080
569330414193483776
569336246474022912
569423132240556033
569436161032073218
569543457452064768
569550290753445889
569569120951390209
569597666025345024
569639780276953088
569644335014092800
569644716343455744
569672095753502720
569677478077136897
569696666611261440
569700277244141568
567721299162968065
567846359631564800
567848437992984576
568013199599120384
568024504057913344
568037842838024192
568053919575875584
568087713972236289
568093443823693824
568095662262358016
568106704866582528
568145575452876800
568206455251144704
568239189055176704
568244170848137217
568269372151734273
568403209766744064
568416519073468416
568475439460515840
568495231877967872
568548307200393217
568664266502479872
568711179318779904
568751950935691265
568759575807184896
568766295761682432
568791283575201792
568795018816675841
568797966489690112
568799486392143872
568800389903962112
568853290513010688
568862839340961792
568870841120731138
568904127834558464
568935636318552064
568949199779155968
568970344154836993
568972783234912257
569066946433581056
569154503188070400
569293499968950272
569318947729887232
569328755409326080
569330414193483776
569336246474022912
569423132240556033
569436161032073218
569543457452064768
569550290753445889
569569120951390209
569597666025345024
569639780276953088
569644335014092800
569644716343455744
569672095753502720
569677478077136897
569696666611261440
569700277244141568
569851813706539009
569857396899606528
569901979151024129
569989551051177984
569992825997279232
570000101654925312
570054360505323520
570070044547403777
570079290953486338
570085859132878848
570090252544708608
570096448571731968
570203842542829568
570252231624265729
570305603056349184
567721299162968065
567846359631564800
567848437992984576
568013199599120384
568024504057913344
568037842838024192
568053919575875584
568087713972236289
568093443823693824
568095662262358016
568106704866582528
568145575452876800
568206455251144704
568239189055176704
568244170848137217
568269372151734273
568403209766744064
568416519073468416
568475439460515840
568495231877967872
568548307200393217
568664266502479872
568711179318779904
568751950935691265
568759575807184896
568766295761682432
568791283575201792
568795018816675841
568797966489690112
568799486392143872
568800389903962112
568853290513010688
568862839340961792
568870841120731138
568904127834558464
568935636318552064
568949199779155968
568970344154836993
568972783234912257
569066946433581056
569154503188070400
569293499968950272
569318947729887232
569328755409326080
569330414193483776
569336246474022912
569423132240556033
569436161032073218
569543457452064768
569550290753445889
569569120951390209
569597666025345024
569639780276953088
569644335014092800
569644716343455744
569672095753502720
569677478077136897
569696666611261440
569700277244141568
569851813706539009
569857396899606528
569901979151024129
569989551051177984
569992825997279232
570000101654925312
570054360505323520
570070044547403777
570079290953486338
570085859132878848
570090252544708608
570096448571731968
570203842542829568
570252231624265729
570305603056349184
567721299162968065
567846359631564800
567848437992984576
568013199599120384
568024504057913344
568037842838024192
568053919575875584
568087713972236289
568093443823693824
568095662262358016
568106704866582528
568145575452876800
568206455251144704
568239189055176704
568244170848137217
568269372151734273
568403209766744064
568416519073468416
568475439460515840
568495231877967872
568548307200393217
568664266502479872
568711179318779904
568751950935691265
568759575807184896
568766295761682432
568791283575201792
568795018816675841
568797966489690112
568799486392143872
568800389903962112
568853290513010688
568862839340961792
568870841120731138
568904127834558464
568935636318552064
568949199779155968
568970344154836993
568972783234912257
569066946433581056
569154503188070400
569293499968950272
569318947729887232
569328755409326080
569330414193483776
569336246474022912
569423132240556033
569436161032073218
569543457452064768
569550290753445889
569569120951390209
569597666025345024
569639780276953088
569644335014092800
569644716343455744
569672095753502720
569677478077136897
569696666611261440
569700277244141568
569851813706539009
569857396899606528
569901979151024129
569989551051177984
569992825997279232
570000101654925312
570054360505323520
570070044547403777
570079290953486338
570085859132878848
570090252544708608
570096448571731968
570203842542829568
570252231624265729
570305603056349184
567721299162968065
567846359631564800
567848437992984576
568013199599120384
568024504057913344
568037842838024192
568053919575875584
568087713972236289
568093443823693824
568095662262358016
568106704866582528
568145575452876800
568206455251144704
568239189055176704
568244170848137217
568269372151734273
568403209766744064
568416519073468416
568475439460515840
568495231877967872
568548307200393217
568664266502479872
568711179318779904
568751950935691265
568759575807184896
568766295761682432
568791283575201792
568795018816675841
568797966489690112
568799486392143872
568800389903962112
568853290513010688
568862839340961792
568870841120731138
568904127834558464
568935636318552064
568949199779155968
568970344154836993
568972783234912257
569066946433581056
569154503188070400
569293499968950272
569318947729887232
569328755409326080
569330414193483776
569336246474022912
569423132240556033
569436161032073218
569543457452064768
569550290753445889
569569120951390209
569597666025345024
569639780276953088
569644335014092800
569644716343455744
569672095753502720
569677478077136897
569696666611261440
569700277244141568
569851813706539009
569857396899606528
569901979151024129
569989551051177984
569992825997279232
570000101654925312
570054360505323520
570070044547403777
570079290953486338
570085859132878848
570090252544708608
570096448571731968
570203842542829568
570252231624265729
570305603056349184
567721299162968065
567846359631564800
567848437992984576
568013199599120384
568024504057913344
568037842838024192
568053919575875584
568087713972236289
568093443823693824
568095662262358016
568106704866582528
568145575452876800
568206455251144704
568239189055176704
568244170848137217
568269372151734273
568403209766744064
568416519073468416
568475439460515840
568495231877967872
568548307200393217
568664266502479872
568711179318779904
568751950935691265
568759575807184896
568766295761682432
568791283575201792
568795018816675841
568797966489690112
568799486392143872
568800389903962112
568853290513010688
568862839340961792
568870841120731138
568904127834558464
568935636318552064
568949199779155968
568970344154836993
568972783234912257
569066946433581056
569154503188070400
569293499968950272
569318947729887232
569328755409326080
569330414193483776
569336246474022912
569423132240556033
569436161032073218
569543457452064768
569550290753445889
569569120951390209
569597666025345024
569639780276953088
569644335014092800
569644716343455744
569672095753502720
569677478077136897
569696666611261440
569700277244141568
569851813706539009
569857396899606528
569901979151024129
569989551051177984
569992825997279232
570000101654925312
570054360505323520
570070044547403777
570079290953486338
570085859132878848
570090252544708608
570096448571731968
570203842542829568
570252231624265729
570305603056349184
567721299162968065
567846359631564800
567848437992984576
568013199599120384
568024504057913344
568037842838024192
568053919575875584
568087713972236289
568093443823693824
568095662262358016
568106704866582528
568145575452876800
568206455251144704
568239189055176704
568244170848137217
568269372151734273
568403209766744064
568416519073468416
568475439460515840
568495231877967872
568548307200393217
568664266502479872
568711179318779904
568751950935691265
568759575807184896
568766295761682432
568791283575201792
568795018816675841
568797966489690112
568799486392143872
568800389903962112
568853290513010688
568862839340961792
568870841120731138
568904127834558464
568935636318552064
568949199779155968
568970344154836993
568972783234912257
569066946433581056
569154503188070400
569293499968950272
569318947729887232
569328755409326080
569330414193483776
569336246474022912
569423132240556033
569436161032073218
569543457452064768
569550290753445889
569569120951390209
569597666025345024
569639780276953088
569644335014092800
569644716343455744
569672095753502720
569677478077136897
569696666611261440
569700277244141568
569851813706539009
569857396899606528
569901979151024129
569989551051177984
569992825997279232
570000101654925312
570054360505323520
570070044547403777
570079290953486338
570085859132878848
570090252544708608
570096448571731968
570203842542829568
570252231624265729
570305603056349184
