569591136534319105
569672021078114304
569679240586764288
569730182371635200
569591136534319105
569672021078114304
569679240586764288
569730182371635200
569591136534319105
569672021078114304
569679240586764288
569730182371635200
569964915710038016
570266871586553856
569591136534319105
569672021078114304
569679240586764288
569730182371635200
569964915710038016
570266871586553856
569591136534319105
569672021078114304
569679240586764288
569730182371635200
569964915710038016
570266871586553856
569591136534319105
569672021078114304
569679240586764288
569730182371635200
569964915710038016
570266871586553856
569591136534319105
569672021078114304
569679240586764288
569730182371635200
569964915710038016
570266871586553856
569591136534319105
569672021078114304
569679240586764288
569730182371635200
569964915710038016
570266871586553856
