567822613608718336
567862181208805376
567970771718578176
568170036248092674
568421732157161472
568444203883204608
568495595440234496
568624487031132162
568780228648144896
568800389903962112
568905259550056448
569191838579429377
569254216415481856
569503745974902784
569516852805808129
569624788244828160
569659620517662721
569663735217971200
569705838870466561
567822613608718336
567862181208805376
567970771718578176
568170036248092674
568421732157161472
568444203883204608
568495595440234496
568624487031132162
568780228648144896
568800389903962112
568905259550056448
569191838579429377
569254216415481856
569503745974902784
569516852805808129
569624788244828160
569659620517662721
569663735217971200
569705838870466561
567822613608718336
567862181208805376
567970771718578176
568170036248092674
568421732157161472
568444203883204608
568495595440234496
568624487031132162
568780228648144896
568800389903962112
568905259550056448
569191838579429377
569254216415481856
569503745974902784
569516852805808129
569624788244828160
569659620517662721
569663735217971200
569705838870466561
569902743135117314
569905258715082753
569939368598753280
569952718707687424
569956192111316992
570021376024813568
570033429816999936
570077847672328192
570216815105847296
570224727047872514
570285610176532480
