567740235061014528
567750645462360064
567764858817773570
567796792847499265
567800671572926464
567875729045590017
568198666613338112
568469155709624321
568507977235365888
568542819788451841
568664266502479872
568949199779155968
568997394345533440
569098396914421763
569266679903080448
569491061543796737
569507060209090561
569527205291802624
569530599129501696
569533098402009088
569608870429114368
569626841046224896
569748667793588224
569774078233419776
569817289874411520
567740235061014528
567750645462360064
567764858817773570
567796792847499265
567800671572926464
567875729045590017
568198666613338112
568469155709624321
568507977235365888
568542819788451841
568664266502479872
568949199779155968
568997394345533440
569098396914421763
569266679903080448
569491061543796737
569507060209090561
569527205291802624
569530599129501696
569533098402009088
569608870429114368
569626841046224896
569748667793588224
569774078233419776
569817289874411520
567740235061014528
567750645462360064
567764858817773570
567796792847499265
567800671572926464
567875729045590017
568198666613338112
568469155709624321
568507977235365888
568542819788451841
568664266502479872
568949199779155968
568997394345533440
569098396914421763
569266679903080448
569491061543796737
569507060209090561
569527205291802624
569530599129501696
569533098402009088
569608870429114368
569626841046224896
569748667793588224
569774078233419776
569817289874411520
569874944282234880
569895187746418688
569947332135018496
569985288992264192
570180010125864960
