568788947859607552
568809558786899968
569544742595391489
568788947859607552
568809558786899968
569544742595391489
568788947859607552
568809558786899968
569544742595391489
569885018358575104
569969218306904067
568788947859607552
568809558786899968
569544742595391489
569885018358575104
569969218306904067
568788947859607552
568809558786899968
569544742595391489
569885018358575104
569969218306904067
568788947859607552
568809558786899968
569544742595391489
569885018358575104
569969218306904067
568788947859607552
568809558786899968
569544742595391489
569885018358575104
569969218306904067
568788947859607552
568809558786899968
569544742595391489
569885018358575104
569969218306904067
