567800823674310658
567841308452249600
567892508987908096
568105481018822656
568556874439790594
568967744076410880
569581977889869825
567800823674310658
567841308452249600
567892508987908096
568105481018822656
568556874439790594
568967744076410880
569581977889869825
567800823674310658
567841308452249600
567892508987908096
568105481018822656
568556874439790594
568967744076410880
569581977889869825
570263313306615810
567800823674310658
567841308452249600
567892508987908096
568105481018822656
568556874439790594
568967744076410880
569581977889869825
570263313306615810
567800823674310658
567841308452249600
567892508987908096
568105481018822656
568556874439790594
568967744076410880
569581977889869825
570263313306615810
567800823674310658
567841308452249600
567892508987908096
568105481018822656
568556874439790594
568967744076410880
569581977889869825
570263313306615810
567800823674310658
567841308452249600
567892508987908096
568105481018822656
568556874439790594
568967744076410880
569581977889869825
570263313306615810
567800823674310658
567841308452249600
567892508987908096
568105481018822656
568556874439790594
568967744076410880
569581977889869825
570263313306615810
