568129848910204929
568466243210108928
568466673990307840
569618210699513856
569654198901608448
569654204375175169
569695553644322816
569708886518849536
568129848910204929
568466243210108928
568466673990307840
569618210699513856
569654198901608448
569654204375175169
569695553644322816
569708886518849536
568129848910204929
568466243210108928
568466673990307840
569618210699513856
569654198901608448
569654204375175169
569695553644322816
569708886518849536
569919970446053377
568129848910204929
568466243210108928
568466673990307840
569618210699513856
569654198901608448
569654204375175169
569695553644322816
569708886518849536
569919970446053377
568129848910204929
568466243210108928
568466673990307840
569618210699513856
569654198901608448
569654204375175169
569695553644322816
569708886518849536
569919970446053377
568129848910204929
568466243210108928
568466673990307840
569618210699513856
569654198901608448
569654204375175169
569695553644322816
569708886518849536
569919970446053377
568129848910204929
568466243210108928
568466673990307840
569618210699513856
569654198901608448
569654204375175169
569695553644322816
569708886518849536
569919970446053377
568129848910204929
568466243210108928
568466673990307840
569618210699513856
569654198901608448
569654204375175169
569695553644322816
569708886518849536
569919970446053377
