569593045777321985
569593278636675072
569593694963310593
569598991463268352
569599379893575680
569599978722746368
569600295833116672
569600462661554177
569600694388445184
569600927394631680
569602069335838720
569602563261276160
569603590349848576
569604173236477952
569605452230754305
569605935280336896
569606226880929792
569611065820110848
569622208588468224
569664514142183424
569664878434254848
569666226974294016
569666689589231616
569666885035409408
569669062206332929
569669381128654848
569669795559432192
569673044802854912
569593045777321985
569593278636675072
569593694963310593
569598991463268352
569599379893575680
569599978722746368
569600295833116672
569600462661554177
569600694388445184
569600927394631680
569602069335838720
569602563261276160
569603590349848576
569604173236477952
569605452230754305
569605935280336896
569606226880929792
569611065820110848
569622208588468224
569664514142183424
569664878434254848
569666226974294016
569666689589231616
569666885035409408
569669062206332929
569669381128654848
569669795559432192
569673044802854912
569593045777321985
569593278636675072
569593694963310593
569598991463268352
569599379893575680
569599978722746368
569600295833116672
569600462661554177
569600694388445184
569600927394631680
569602069335838720
569602563261276160
569603590349848576
569604173236477952
569605452230754305
569605935280336896
569606226880929792
569611065820110848
569622208588468224
569664514142183424
569664878434254848
569666226974294016
569666689589231616
569666885035409408
569669062206332929
569669381128654848
569669795559432192
569673044802854912
569593045777321985
569593278636675072
569593694963310593
569598991463268352
569599379893575680
569599978722746368
569600295833116672
569600462661554177
569600694388445184
569600927394631680
569602069335838720
569602563261276160
569603590349848576
569604173236477952
569605452230754305
569605935280336896
569606226880929792
569611065820110848
569622208588468224
569664514142183424
569664878434254848
569666226974294016
569666689589231616
569666885035409408
569669062206332929
569669381128654848
569669795559432192
569673044802854912
569593045777321985
569593278636675072
569593694963310593
569598991463268352
569599379893575680
569599978722746368
569600295833116672
569600462661554177
569600694388445184
569600927394631680
569602069335838720
569602563261276160
569603590349848576
569604173236477952
569605452230754305
569605935280336896
569606226880929792
569611065820110848
569622208588468224
569664514142183424
569664878434254848
569666226974294016
569666689589231616
569666885035409408
569669062206332929
569669381128654848
569669795559432192
569673044802854912
569593045777321985
569593278636675072
569593694963310593
569598991463268352
569599379893575680
569599978722746368
569600295833116672
569600462661554177
569600694388445184
569600927394631680
569602069335838720
569602563261276160
569603590349848576
569604173236477952
569605452230754305
569605935280336896
569606226880929792
569611065820110848
569622208588468224
569664514142183424
569664878434254848
569666226974294016
569666689589231616
569666885035409408
569669062206332929
569669381128654848
569669795559432192
569673044802854912
569593045777321985
569593278636675072
569593694963310593
569598991463268352
569599379893575680
569599978722746368
569600295833116672
569600462661554177
569600694388445184
569600927394631680
569602069335838720
569602563261276160
569603590349848576
569604173236477952
569605452230754305
569605935280336896
569606226880929792
569611065820110848
569622208588468224
569664514142183424
569664878434254848
569666226974294016
569666689589231616
569666885035409408
569669062206332929
569669381128654848
569669795559432192
569673044802854912
569593045777321985
569593278636675072
569593694963310593
569598991463268352
569599379893575680
569599978722746368
569600295833116672
569600462661554177
569600694388445184
569600927394631680
569602069335838720
569602563261276160
569603590349848576
569604173236477952
569605452230754305
569605935280336896
569606226880929792
569611065820110848
569622208588468224
569664514142183424
569664878434254848
569666226974294016
569666689589231616
569666885035409408
569669062206332929
569669381128654848
569669795559432192
569673044802854912
