568454694756069376
568461830584029184
568466370205237248
568516490405679104
568454694756069376
568461830584029184
568466370205237248
568516490405679104
568454694756069376
568461830584029184
568466370205237248
568516490405679104
568454694756069376
568461830584029184
568466370205237248
568516490405679104
568454694756069376
568461830584029184
568466370205237248
568516490405679104
568454694756069376
568461830584029184
568466370205237248
568516490405679104
568454694756069376
568461830584029184
568466370205237248
568516490405679104
568454694756069376
568461830584029184
568466370205237248
568516490405679104
