567751489754382336
567752478309875714
567766329352921088
567781176375803905
567792185832394752
567895319951835137
567895584625020928
568010412798509056
568042973688139777
568079633998086144
568105051622756352
568141479132200960
568162673981943808
568202174917976064
568213785426726912
568431125502144512
568466895554408448
568483559532568576
568540843323338752
568541544506114048
568552050797068290
568560083103137793
568606101412962304
568625959835815936
568780964677201920
568809369678315521
568851544537481216
568854082536001536
568854401802051584
568946758404808704
568948008160661504
568951819969232896
568996575617409026
569132950006185985
569195472650268672
569206925046493184
569229441739522048
569232221397065728
569235773645410304
569258945254191104
569261063406882816
569274001173979137
569281170996891649
569307607007150080
569330337735696385
569368286128771072
569371393294344192
569379367077355520
569437674257276930
569478023679905792
569514688809181184
569537485761433600
569537708202307584
569540963091259392
569596034059358208
569596364197199873
569598671420919808
569616120866476032
569616554922418177
569623396729917440
569656756764217345
569664250521763840
569664330163200000
569671712830308352
569672292919173120
569699091367665664
567751489754382336
567752478309875714
567766329352921088
567781176375803905
567792185832394752
567895319951835137
567895584625020928
568010412798509056
568042973688139777
568079633998086144
568105051622756352
568141479132200960
568162673981943808
568202174917976064
568213785426726912
568431125502144512
568466895554408448
568483559532568576
568540843323338752
568541544506114048
568552050797068290
568560083103137793
568606101412962304
568625959835815936
568780964677201920
568809369678315521
568851544537481216
568854082536001536
568854401802051584
568946758404808704
568948008160661504
568951819969232896
568996575617409026
569132950006185985
569195472650268672
569206925046493184
569229441739522048
569232221397065728
569235773645410304
569258945254191104
569261063406882816
569274001173979137
569281170996891649
569307607007150080
569330337735696385
569368286128771072
569371393294344192
569379367077355520
569437674257276930
569478023679905792
569514688809181184
569537485761433600
569537708202307584
569540963091259392
569596034059358208
569596364197199873
569598671420919808
569616120866476032
569616554922418177
569623396729917440
569656756764217345
569664250521763840
569664330163200000
569671712830308352
569672292919173120
569699091367665664
569835918955143168
567751489754382336
567752478309875714
567766329352921088
567781176375803905
567792185832394752
567895319951835137
567895584625020928
568010412798509056
568042973688139777
568079633998086144
568105051622756352
568141479132200960
568162673981943808
568202174917976064
568213785426726912
568431125502144512
568466895554408448
568483559532568576
568540843323338752
568541544506114048
568552050797068290
568560083103137793
568606101412962304
568625959835815936
568780964677201920
568809369678315521
568851544537481216
568854082536001536
568854401802051584
568946758404808704
568948008160661504
568951819969232896
568996575617409026
569132950006185985
569195472650268672
569206925046493184
569229441739522048
569232221397065728
569235773645410304
569258945254191104
569261063406882816
569274001173979137
569281170996891649
569307607007150080
569330337735696385
569368286128771072
569371393294344192
569379367077355520
569437674257276930
569478023679905792
569514688809181184
569537485761433600
569537708202307584
569540963091259392
569596034059358208
569596364197199873
569598671420919808
569616120866476032
569616554922418177
569623396729917440
569656756764217345
569664250521763840
569664330163200000
569671712830308352
569672292919173120
569699091367665664
569835918955143168
569868010665611265
569878754551599104
569884559380238336
569890311608111105
569909641129402368
569931705022164992
569934048346251264
569941616649244673
569960248548593665
569964888870793216
569965494519734272
569989416426434560
570067529206358016
570067865946234883
570073473952968705
570073507465469952
570074662086045696
570095219091361792
570100035167379456
570123207824568320
570139364178530304
570175202807586816
570175761468030977
570201440704028672
570203943671865345
570209266264449026
570224417445261313
570224618272731136
570227911803998208
570251909447192577
570271896887017472
570276878788861953
570280653389996034
570286290203070465
570301488192458752
570305647759265793
567751489754382336
567752478309875714
567766329352921088
567781176375803905
567792185832394752
567895319951835137
567895584625020928
568010412798509056
568042973688139777
568079633998086144
568105051622756352
568141479132200960
568162673981943808
568202174917976064
568213785426726912
568431125502144512
568466895554408448
568483559532568576
568540843323338752
568541544506114048
568552050797068290
568560083103137793
568606101412962304
568625959835815936
568780964677201920
568809369678315521
568851544537481216
568854082536001536
568854401802051584
568946758404808704
568948008160661504
568951819969232896
568996575617409026
569132950006185985
569195472650268672
569206925046493184
569229441739522048
569232221397065728
569235773645410304
569258945254191104
569261063406882816
569274001173979137
569281170996891649
569307607007150080
569330337735696385
569368286128771072
569371393294344192
569379367077355520
569437674257276930
569478023679905792
569514688809181184
569537485761433600
569537708202307584
569540963091259392
569596034059358208
569596364197199873
569598671420919808
569616120866476032
569616554922418177
569623396729917440
569656756764217345
569664250521763840
569664330163200000
569671712830308352
569672292919173120
569699091367665664
569835918955143168
569868010665611265
569878754551599104
569884559380238336
569890311608111105
569909641129402368
569931705022164992
569934048346251264
569941616649244673
569960248548593665
569964888870793216
569965494519734272
569989416426434560
570067529206358016
570067865946234883
570073473952968705
570073507465469952
570074662086045696
570095219091361792
570100035167379456
570123207824568320
570139364178530304
570175202807586816
570175761468030977
570201440704028672
570203943671865345
570209266264449026
570224417445261313
570224618272731136
570227911803998208
570251909447192577
570271896887017472
570276878788861953
570280653389996034
570286290203070465
570301488192458752
570305647759265793
567751489754382336
567752478309875714
567766329352921088
567781176375803905
567792185832394752
567895319951835137
567895584625020928
568010412798509056
568042973688139777
568079633998086144
568105051622756352
568141479132200960
568162673981943808
568202174917976064
568213785426726912
568431125502144512
568466895554408448
568483559532568576
568540843323338752
568541544506114048
568552050797068290
568560083103137793
568606101412962304
568625959835815936
568780964677201920
568809369678315521
568851544537481216
568854082536001536
568854401802051584
568946758404808704
568948008160661504
568951819969232896
568996575617409026
569132950006185985
569195472650268672
569206925046493184
569229441739522048
569232221397065728
569235773645410304
569258945254191104
569261063406882816
569274001173979137
569281170996891649
569307607007150080
569330337735696385
569368286128771072
569371393294344192
569379367077355520
569437674257276930
569478023679905792
569514688809181184
569537485761433600
569537708202307584
569540963091259392
569596034059358208
569596364197199873
569598671420919808
569616120866476032
569616554922418177
569623396729917440
569656756764217345
569664250521763840
569664330163200000
569671712830308352
569672292919173120
569699091367665664
569835918955143168
569868010665611265
569878754551599104
569884559380238336
569890311608111105
569909641129402368
569931705022164992
569934048346251264
569941616649244673
569960248548593665
569964888870793216
569965494519734272
569989416426434560
570067529206358016
570067865946234883
570073473952968705
570073507465469952
570074662086045696
570095219091361792
570100035167379456
570123207824568320
570139364178530304
570175202807586816
570175761468030977
570201440704028672
570203943671865345
570209266264449026
570224417445261313
570224618272731136
570227911803998208
570251909447192577
570271896887017472
570276878788861953
570280653389996034
570286290203070465
570301488192458752
570305647759265793
567751489754382336
567752478309875714
567766329352921088
567781176375803905
567792185832394752
567895319951835137
567895584625020928
568010412798509056
568042973688139777
568079633998086144
568105051622756352
568141479132200960
568162673981943808
568202174917976064
568213785426726912
568431125502144512
568466895554408448
568483559532568576
568540843323338752
568541544506114048
568552050797068290
568560083103137793
568606101412962304
568625959835815936
568780964677201920
568809369678315521
568851544537481216
568854082536001536
568854401802051584
568946758404808704
568948008160661504
568951819969232896
568996575617409026
569132950006185985
569195472650268672
569206925046493184
569229441739522048
569232221397065728
569235773645410304
569258945254191104
569261063406882816
569274001173979137
569281170996891649
569307607007150080
569330337735696385
569368286128771072
569371393294344192
569379367077355520
569437674257276930
569478023679905792
569514688809181184
569537485761433600
569537708202307584
569540963091259392
569596034059358208
569596364197199873
569598671420919808
569616120866476032
569616554922418177
569623396729917440
569656756764217345
569664250521763840
569664330163200000
569671712830308352
569672292919173120
569699091367665664
569835918955143168
569868010665611265
569878754551599104
569884559380238336
569890311608111105
569909641129402368
569931705022164992
569934048346251264
569941616649244673
569960248548593665
569964888870793216
569965494519734272
569989416426434560
570067529206358016
570067865946234883
570073473952968705
570073507465469952
570074662086045696
570095219091361792
570100035167379456
570123207824568320
570139364178530304
570175202807586816
570175761468030977
570201440704028672
570203943671865345
570209266264449026
570224417445261313
570224618272731136
570227911803998208
570251909447192577
570271896887017472
570276878788861953
570280653389996034
570286290203070465
570301488192458752
570305647759265793
567751489754382336
567752478309875714
567766329352921088
567781176375803905
567792185832394752
567895319951835137
567895584625020928
568010412798509056
568042973688139777
568079633998086144
568105051622756352
568141479132200960
568162673981943808
568202174917976064
568213785426726912
568431125502144512
568466895554408448
568483559532568576
568540843323338752
568541544506114048
568552050797068290
568560083103137793
568606101412962304
568625959835815936
568780964677201920
568809369678315521
568851544537481216
568854082536001536
568854401802051584
568946758404808704
568948008160661504
568951819969232896
568996575617409026
569132950006185985
569195472650268672
569206925046493184
569229441739522048
569232221397065728
569235773645410304
569258945254191104
569261063406882816
569274001173979137
569281170996891649
569307607007150080
569330337735696385
569368286128771072
569371393294344192
569379367077355520
569437674257276930
569478023679905792
569514688809181184
569537485761433600
569537708202307584
569540963091259392
569596034059358208
569596364197199873
569598671420919808
569616120866476032
569616554922418177
569623396729917440
569656756764217345
569664250521763840
569664330163200000
569671712830308352
569672292919173120
569699091367665664
569835918955143168
569868010665611265
569878754551599104
569884559380238336
569890311608111105
569909641129402368
569931705022164992
569934048346251264
569941616649244673
569960248548593665
569964888870793216
569965494519734272
569989416426434560
570067529206358016
570067865946234883
570073473952968705
570073507465469952
570074662086045696
570095219091361792
570100035167379456
570123207824568320
570139364178530304
570175202807586816
570175761468030977
570201440704028672
570203943671865345
570209266264449026
570224417445261313
570224618272731136
570227911803998208
570251909447192577
570271896887017472
570276878788861953
570280653389996034
570286290203070465
570301488192458752
570305647759265793
567751489754382336
567752478309875714
567766329352921088
567781176375803905
567792185832394752
567895319951835137
567895584625020928
568010412798509056
568042973688139777
568079633998086144
568105051622756352
568141479132200960
568162673981943808
568202174917976064
568213785426726912
568431125502144512
568466895554408448
568483559532568576
568540843323338752
568541544506114048
568552050797068290
568560083103137793
568606101412962304
568625959835815936
568780964677201920
568809369678315521
568851544537481216
568854082536001536
568854401802051584
568946758404808704
568948008160661504
568951819969232896
568996575617409026
569132950006185985
569195472650268672
569206925046493184
569229441739522048
569232221397065728
569235773645410304
569258945254191104
569261063406882816
569274001173979137
569281170996891649
569307607007150080
569330337735696385
569368286128771072
569371393294344192
569379367077355520
569437674257276930
569478023679905792
569514688809181184
569537485761433600
569537708202307584
569540963091259392
569596034059358208
569596364197199873
569598671420919808
569616120866476032
569616554922418177
569623396729917440
569656756764217345
569664250521763840
569664330163200000
569671712830308352
569672292919173120
569699091367665664
569835918955143168
569868010665611265
569878754551599104
569884559380238336
569890311608111105
569909641129402368
569931705022164992
569934048346251264
569941616649244673
569960248548593665
569964888870793216
569965494519734272
569989416426434560
570067529206358016
570067865946234883
570073473952968705
570073507465469952
570074662086045696
570095219091361792
570100035167379456
570123207824568320
570139364178530304
570175202807586816
570175761468030977
570201440704028672
570203943671865345
570209266264449026
570224417445261313
570224618272731136
570227911803998208
570251909447192577
570271896887017472
570276878788861953
570280653389996034
570286290203070465
570301488192458752
570305647759265793
