567794720425144321
569365818229829632
569366479008862208
569366846547369984
569522354008805376
567794720425144321
569365818229829632
569366479008862208
569366846547369984
569522354008805376
567794720425144321
569365818229829632
569366479008862208
569366846547369984
569522354008805376
567794720425144321
569365818229829632
569366479008862208
569366846547369984
569522354008805376
567794720425144321
569365818229829632
569366479008862208
569366846547369984
569522354008805376
567794720425144321
569365818229829632
569366479008862208
569366846547369984
569522354008805376
567794720425144321
569365818229829632
569366479008862208
569366846547369984
569522354008805376
567794720425144321
569365818229829632
569366479008862208
569366846547369984
569522354008805376
