567790572833103872
567823996852428801
567893704058474496
567893924699770880
568018490331930625
568276831134191618
568323479826771968
568426849040261120
568454161962049536
568531409209421826
568535276546449409
568560510896963584
568571900596772864
568702964623216643
568852246462631936
568876769455054849
568880030123745280
568928741298012160
569191124373520384
569335521752715264
569380122194636800
569456923663151104
569508707178057728
569590191758962688
569644902637813761
569645701291843584
569649433635368961
569665707870285824
569666470482804737
569677776384598017
569722907187752960
569795397448634368
569796511409704960
567790572833103872
567823996852428801
567893704058474496
567893924699770880
568018490331930625
568276831134191618
568323479826771968
568426849040261120
568454161962049536
568531409209421826
568535276546449409
568560510896963584
568571900596772864
568702964623216643
568852246462631936
568876769455054849
568880030123745280
568928741298012160
569191124373520384
569335521752715264
569380122194636800
569456923663151104
569508707178057728
569590191758962688
569644902637813761
569645701291843584
569649433635368961
569665707870285824
569666470482804737
569677776384598017
569722907187752960
569795397448634368
569796511409704960
569835641514692608
567790572833103872
567823996852428801
567893704058474496
567893924699770880
568018490331930625
568276831134191618
568323479826771968
568426849040261120
568454161962049536
568531409209421826
568535276546449409
568560510896963584
568571900596772864
568702964623216643
568852246462631936
568876769455054849
568880030123745280
568928741298012160
569191124373520384
569335521752715264
569380122194636800
569456923663151104
569508707178057728
569590191758962688
569644902637813761
569645701291843584
569649433635368961
569665707870285824
569666470482804737
569677776384598017
569722907187752960
569795397448634368
569796511409704960
569835641514692608
569847318062632960
569857128988602368
569857446371438592
569867107749531648
569878139003740163
569917319381712896
569933646385188864
569946219826548736
569987992858836992
570000364692484099
570013472093642752
570174794425098241
570244951914782721
570275970046775297
570276917301137409
567790572833103872
567823996852428801
567893704058474496
567893924699770880
568018490331930625
568276831134191618
568323479826771968
568426849040261120
568454161962049536
568531409209421826
568535276546449409
568560510896963584
568571900596772864
568702964623216643
568852246462631936
568876769455054849
568880030123745280
568928741298012160
569191124373520384
569335521752715264
569380122194636800
569456923663151104
569508707178057728
569590191758962688
569644902637813761
569645701291843584
569649433635368961
569665707870285824
569666470482804737
569677776384598017
569722907187752960
569795397448634368
569796511409704960
569835641514692608
569847318062632960
569857128988602368
569857446371438592
569867107749531648
569878139003740163
569917319381712896
569933646385188864
569946219826548736
569987992858836992
570000364692484099
570013472093642752
570174794425098241
570244951914782721
570275970046775297
570276917301137409
567790572833103872
567823996852428801
567893704058474496
567893924699770880
568018490331930625
568276831134191618
568323479826771968
568426849040261120
568454161962049536
568531409209421826
568535276546449409
568560510896963584
568571900596772864
568702964623216643
568852246462631936
568876769455054849
568880030123745280
568928741298012160
569191124373520384
569335521752715264
569380122194636800
569456923663151104
569508707178057728
569590191758962688
569644902637813761
569645701291843584
569649433635368961
569665707870285824
569666470482804737
569677776384598017
569722907187752960
569795397448634368
569796511409704960
569835641514692608
569847318062632960
569857128988602368
569857446371438592
569867107749531648
569878139003740163
569917319381712896
569933646385188864
569946219826548736
569987992858836992
570000364692484099
570013472093642752
570174794425098241
570244951914782721
570275970046775297
570276917301137409
567790572833103872
567823996852428801
567893704058474496
567893924699770880
568018490331930625
568276831134191618
568323479826771968
568426849040261120
568454161962049536
568531409209421826
568535276546449409
568560510896963584
568571900596772864
568702964623216643
568852246462631936
568876769455054849
568880030123745280
568928741298012160
569191124373520384
569335521752715264
569380122194636800
569456923663151104
569508707178057728
569590191758962688
569644902637813761
569645701291843584
569649433635368961
569665707870285824
569666470482804737
569677776384598017
569722907187752960
569795397448634368
569796511409704960
569835641514692608
569847318062632960
569857128988602368
569857446371438592
569867107749531648
569878139003740163
569917319381712896
569933646385188864
569946219826548736
569987992858836992
570000364692484099
570013472093642752
570174794425098241
570244951914782721
570275970046775297
570276917301137409
567790572833103872
567823996852428801
567893704058474496
567893924699770880
568018490331930625
568276831134191618
568323479826771968
568426849040261120
568454161962049536
568531409209421826
568535276546449409
568560510896963584
568571900596772864
568702964623216643
568852246462631936
568876769455054849
568880030123745280
568928741298012160
569191124373520384
569335521752715264
569380122194636800
569456923663151104
569508707178057728
569590191758962688
569644902637813761
569645701291843584
569649433635368961
569665707870285824
569666470482804737
569677776384598017
569722907187752960
569795397448634368
569796511409704960
569835641514692608
569847318062632960
569857128988602368
569857446371438592
569867107749531648
569878139003740163
569917319381712896
569933646385188864
569946219826548736
569987992858836992
570000364692484099
570013472093642752
570174794425098241
570244951914782721
570275970046775297
570276917301137409
567790572833103872
567823996852428801
567893704058474496
567893924699770880
568018490331930625
568276831134191618
568323479826771968
568426849040261120
568454161962049536
568531409209421826
568535276546449409
568560510896963584
568571900596772864
568702964623216643
568852246462631936
568876769455054849
568880030123745280
568928741298012160
569191124373520384
569335521752715264
569380122194636800
569456923663151104
569508707178057728
569590191758962688
569644902637813761
569645701291843584
569649433635368961
569665707870285824
569666470482804737
569677776384598017
569722907187752960
569795397448634368
569796511409704960
569835641514692608
569847318062632960
569857128988602368
569857446371438592
569867107749531648
569878139003740163
569917319381712896
569933646385188864
569946219826548736
569987992858836992
570000364692484099
570013472093642752
570174794425098241
570244951914782721
570275970046775297
570276917301137409
