567595670463205376
567695310860730369
567717415367090176
567726186038837248
567728285174743041
567730833998757890
567735983370539008
567744219281129473
567745903474540545
567747041976410112
567748565095968769
567748973428219904
567753872967528448
567754392682901504
567754593434873857
567756326718431232
567756556536909825
567758478371196928
567759268724887552
567759456503881729
567765558393700352
567766329352921088
567766755797389312
567767810655670272
567776364351074304
567807375667912704
567811713870876672
567812841081688064
567822065471860736
567822377473728513
567823707160354816
567827442657677313
567828973893259264
567830916950822912
567836118181277696
567837314782765056
567845998166339584
567847120990048256
567852278893416448
567853497435160577
567855926486667265
567860325179072512
567861727833894913
567862181208805376
567864832235405313
567870311539933184
567881731967229953
567887301021413376
567887437998997504
567895664769785856
567897640035160064
567897883875217408
567898236809277440
567900456460165120
567971836321009664
567972174398689280
568024213753364480
568027668026937344
568036157482602497
568037876761546753
568041225174953985
568054702635483136
568061470933540864
568062804697202688
568063784318832640
568064027437301760
568066161922977792
568066878192508928
568069670475071488
568075679008468992
568077199162658816
568077746481586176
568084209656573952
568094311159476224
568096875435282432
568101162672500736
568101444391276544
568101669809946624
568102228587884545
568112232208293889
568113601480757248
568115611814858752
568116996761452544
568126621611372545
568128387576762370
568134243177463815
568141720556322816
568158459553714176
568159483786084352
568161023091478530
568161901089132544
568167900919382017
568168460468895745
568177910101745666
568180525644398593
568186071114252288
568188732806963201
568190250377461760
568196165780578304
568238793150611457
568243352258236416
568244687477161984
568246093856641024
568250311455981570
568252805036638209
568255924130983936
568256684642213888
568273514970501120
568275733736353792
568282853240209408
568299749121654784
568388846125223936
568421124201017345
568423588077936640
568432364717633536
568435364349808640
568440004281823233
568444029257584640
568444359391252480
568451040397422593
568454051144339456
568454386617356291
568456085536935936
568463244035289088
568463892453724160
568467150475812864
568467596414210049
568468715819266048
568468724048646145
568472783354773504
568475305675001857
568482893913333762
568483559532568576
568486436355346432
568490726419517441
568501367754661888
568504198385373184
568505228062023680
568513003307429888
568514293441757184
568515696197439489
568542819788451841
568551504505802752
568552050797068290
568559216912416768
568564485457252352
568564675312545792
568576245027336193
568585421518544897
568589571929350144
568597262378655744
568602614839033856
568606485716078592
568607402645454848
568607646204465152
568607755042484224
568611300609118208
568613354245210112
568613712858198016
568615445596471296
568619699212140544
568622478081306624
568626857576407041
568636474637357056
568638903097421824
568640966866935808
568645379031347200
568648940033343488
568654208674586624
568657247896788992
568678961229762560
568736451237707776
568760866088337409
568767621186912256
568768837744611328
568772824523001856
568773342053969920
568773776638406656
568774317410009088
568775146703589376
568775265406611456
568775800599801856
568776831006064640
568779110710964224
568780228648144896
568785393358905345
568785867743105024
568793043664560128
568793432900177920
568795462125428736
568800389903962112
568807901608828928
568815354388078593
568817350864023552
568829494556897280
568830888089423872
568832394196684800
568852572188098561
568855505747095552
568857278721478656
568857374934601728
568858368829313024
568867068331864064
568868944557133825
568880146284982272
568881357583097857
568882079091400705
568891505869344770
568894101766012929
568898792755470336
568899893206450176
568903820283158528
568909200832618496
568910880416464897
568911315026063361
568911851674836992
568912677994696706
568913623327703040
568927281747505152
568929299350179840
568930588868141056
568931215149039617
568934521506107392
568937741037088768
568942578026086401
568957001658724353
568958227888500736
568963218703564800
568967580595064832
568969143581413376
568969274410168321
568972438693916672
568976030947418112
568976322032087041
568986895268519936
568990617394647040
568995213529759745
569002132621398016
569005870463344640
569032643548811264
569078332278513665
569078346660900864
569089890173874176
569108474233270273
569139808804605953
569143406724837376
569153207148150785
569153491983327232
569153669867945984
569158165176164353
569159165626716160
569183712606179329
569184788784918528
569185842876571648
569202715571703808
569220243123544065
569223447005433856
569230567759327233
569234280632754176
569234806543929344
569238014418944000
569239087493857281
569246231500685314
569248000456970240
569253430100946944
569259272556535808
569260526976544768
569262088008417280
569264736455536641
569264951401054208
569268243854192640
569273785553178624
569279670048452608
569283956484415490
569288530419175424
569291509305970688
569294070129930240
569295822006960128
569296356143050754
569301745219850241
569305113589714944
569310249859080192
569314535103983617
569315664156069888
569318505755103232
569318905476476928
569325005823217664
569326785353129984
569327949553520640
569329401122426880
569330646901895169
569335998083174400
569337645878390784
569337916125798401
569338441172983809
569339717990400000
569340645023698944
569340749466226688
569341641200439296
569341821505163264
569346960181870592
569347552484728832
569351289026568192
569357810867138560
569363173817643009
569366383458275329
569369243965362176
569376311824621568
569378015429447680
569386581938860032
569386956435488768
569411383265075203
569418962108162048
569460591644925952
569463202817417216
569477571726974976
569478901166055424
569490420356374528
569496017210462208
569497966660218882
569502353797173248
569504813915832321
569506823818117121
569508406551322624
569508469088387072
569509408939487232
569509520034156544
569522767868989440
569530195306258432
569531827989454848
569531924219191296
569533875308916736
569534175973396480
569535236884664320
569535647704354816
569536910990950401
569541545029804034
569552658010210305
569554065606074368
569555929798217730
569559136540561408
569559833415970816
569562133249130496
569562990250323968
569564671688118273
569566232803803136
569568357030232066
569578016843669504
569578439797313536
569582862472577024
569584207011434497
569587663692554242
569588464896876545
569589028590391298
569589379385008129
569592830307508224
569596089625661440
569596783011217408
569597885446270976
569598457809276928
569599978722746368
569604208661409792
569606005618638848
569608307184242688
569609680961572866
569610871934205954
569614085807067136
569614651400585216
569616554922418177
569620017840398337
569621412325023744
569623359304003584
569623364337168384
569624621047111680
569624909501984768
569625848334000128
569626655527981058
569626683139104768
569628922431873025
569629019412557826
569634229627297793
569635291490693120
569640847119163394
569641319712169984
569642200595898368
569644171331538945
569646538814824449
569647597666889728
569648713980715010
569650273091584000
569650276380110848
569651226280751105
569651548881465345
569653752279531521
569654988877668354
569656088817233921
569656873315487746
569657112109965312
569658168097292288
569659956384788480
569661113593425920
569663371353546752
569666771717890048
569667918557900800
569668179758350336
569668536966053888
569669336991969280
569669603443519490
569669815205560320
569671435309809664
569671981852798976
569672116750004226
569673981164277760
569674565074481152
569674883099205632
569675608969465856
569676702030262272
569677660890116096
569678154152828928
569679210454724609
569680242194980864
569682277111889920
569682545375354880
569682877300023296
569683974748033026
569684282706259968
569686145275072512
569686267354599426
569686602940858368
569687399426617344
569688698301784064
569688822486847488
569690433996984320
569691772000931840
569692610543005697
569696666611261440
569699471954587648
569699607707398146
569700277244141568
569703328940032000
569705786408079360
569705870830874625
569711632991047680
569713111537717248
569715059385114624
569716101027745792
569719242427396096
569720565319102464
569727223990775808
569729732952109056
569730123210948608
569730182371635200
569734991862607872
569739044004823040
569740409787658240
569742876793372672
569746687805095936
569759259480600577
569760118591467520
569769624780165120
569769643864408064
569771576528220161
569782378270314498
567595670463205376
567695310860730369
567717415367090176
567726186038837248
567728285174743041
567730833998757890
567735983370539008
567744219281129473
567745903474540545
567747041976410112
567748565095968769
567748973428219904
567753872967528448
567754392682901504
567754593434873857
567756326718431232
567756556536909825
567758478371196928
567759268724887552
567759456503881729
567765558393700352
567766329352921088
567766755797389312
567767810655670272
567776364351074304
567807375667912704
567811713870876672
567812841081688064
567822065471860736
567822377473728513
567823707160354816
567827442657677313
567828973893259264
567830916950822912
567836118181277696
567837314782765056
567845998166339584
567847120990048256
567852278893416448
567853497435160577
567855926486667265
567860325179072512
567861727833894913
567862181208805376
567864832235405313
567870311539933184
567881731967229953
567887301021413376
567887437998997504
567895664769785856
567897640035160064
567897883875217408
567898236809277440
567900456460165120
567971836321009664
567972174398689280
568024213753364480
568027668026937344
568036157482602497
568037876761546753
568041225174953985
568054702635483136
568061470933540864
568062804697202688
568063784318832640
568064027437301760
568066161922977792
568066878192508928
568069670475071488
568075679008468992
568077199162658816
568077746481586176
568084209656573952
568094311159476224
568096875435282432
568101162672500736
568101444391276544
568101669809946624
568102228587884545
568112232208293889
568113601480757248
568115611814858752
568116996761452544
568126621611372545
568128387576762370
568134243177463815
568141720556322816
568158459553714176
568159483786084352
568161023091478530
568161901089132544
568167900919382017
568168460468895745
568177910101745666
568180525644398593
568186071114252288
568188732806963201
568190250377461760
568196165780578304
568238793150611457
568243352258236416
568244687477161984
568246093856641024
568250311455981570
568252805036638209
568255924130983936
568256684642213888
568273514970501120
568275733736353792
568282853240209408
568299749121654784
568388846125223936
568421124201017345
568423588077936640
568432364717633536
568435364349808640
568440004281823233
568444029257584640
568444359391252480
568451040397422593
568454051144339456
568454386617356291
568456085536935936
568463244035289088
568463892453724160
568467150475812864
568467596414210049
568468715819266048
568468724048646145
568472783354773504
568475305675001857
568482893913333762
568483559532568576
568486436355346432
568490726419517441
568501367754661888
568504198385373184
568505228062023680
568513003307429888
568514293441757184
568515696197439489
568542819788451841
568551504505802752
568552050797068290
568559216912416768
568564485457252352
568564675312545792
568576245027336193
568585421518544897
568589571929350144
568597262378655744
568602614839033856
568606485716078592
568607402645454848
568607646204465152
568607755042484224
568611300609118208
568613354245210112
568613712858198016
568615445596471296
568619699212140544
568622478081306624
568626857576407041
568636474637357056
568638903097421824
568640966866935808
568645379031347200
568648940033343488
568654208674586624
568657247896788992
568678961229762560
568736451237707776
568760866088337409
568767621186912256
568768837744611328
568772824523001856
568773342053969920
568773776638406656
568774317410009088
568775146703589376
568775265406611456
568775800599801856
568776831006064640
568779110710964224
568780228648144896
568785393358905345
568785867743105024
568793043664560128
568793432900177920
568795462125428736
568800389903962112
568807901608828928
568815354388078593
568817350864023552
568829494556897280
568830888089423872
568832394196684800
568852572188098561
568855505747095552
568857278721478656
568857374934601728
568858368829313024
568867068331864064
568868944557133825
568880146284982272
568881357583097857
568882079091400705
568891505869344770
568894101766012929
568898792755470336
568899893206450176
568903820283158528
568909200832618496
568910880416464897
568911315026063361
568911851674836992
568912677994696706
568913623327703040
568927281747505152
568929299350179840
568930588868141056
568931215149039617
568934521506107392
568937741037088768
568942578026086401
568957001658724353
568958227888500736
568963218703564800
568967580595064832
568969143581413376
568969274410168321
568972438693916672
568976030947418112
568976322032087041
568986895268519936
568990617394647040
568995213529759745
569002132621398016
569005870463344640
569032643548811264
569078332278513665
569078346660900864
569089890173874176
569108474233270273
569139808804605953
569143406724837376
569153207148150785
569153491983327232
569153669867945984
569158165176164353
569159165626716160
569183712606179329
569184788784918528
569185842876571648
569202715571703808
569220243123544065
569223447005433856
569230567759327233
569234280632754176
569234806543929344
569238014418944000
569239087493857281
569246231500685314
569248000456970240
569253430100946944
569259272556535808
569260526976544768
569262088008417280
569264736455536641
569264951401054208
569268243854192640
569273785553178624
569279670048452608
569283956484415490
569288530419175424
569291509305970688
569294070129930240
569295822006960128
569296356143050754
569301745219850241
569305113589714944
569310249859080192
569314535103983617
569315664156069888
569318505755103232
569318905476476928
569325005823217664
569326785353129984
569327949553520640
569329401122426880
569330646901895169
569335998083174400
569337645878390784
569337916125798401
569338441172983809
569339717990400000
569340645023698944
569340749466226688
569341641200439296
569341821505163264
569346960181870592
569347552484728832
569351289026568192
569357810867138560
569363173817643009
569366383458275329
569369243965362176
569376311824621568
569378015429447680
569386581938860032
569386956435488768
569411383265075203
569418962108162048
569460591644925952
569463202817417216
569477571726974976
569478901166055424
569490420356374528
569496017210462208
569497966660218882
569502353797173248
569504813915832321
569506823818117121
569508406551322624
569508469088387072
569509408939487232
569509520034156544
569522767868989440
569530195306258432
569531827989454848
569531924219191296
569533875308916736
569534175973396480
569535236884664320
569535647704354816
569536910990950401
569541545029804034
569552658010210305
569554065606074368
569555929798217730
569559136540561408
569559833415970816
569562133249130496
569562990250323968
569564671688118273
569566232803803136
569568357030232066
569578016843669504
569578439797313536
569582862472577024
569584207011434497
569587663692554242
569588464896876545
569589028590391298
569589379385008129
569592830307508224
569596089625661440
569596783011217408
569597885446270976
569598457809276928
569599978722746368
569604208661409792
569606005618638848
569608307184242688
569609680961572866
569610871934205954
569614085807067136
569614651400585216
569616554922418177
569620017840398337
569621412325023744
569623359304003584
569623364337168384
569624621047111680
569624909501984768
569625848334000128
569626655527981058
569626683139104768
569628922431873025
569629019412557826
569634229627297793
569635291490693120
569640847119163394
569641319712169984
569642200595898368
569644171331538945
569646538814824449
569647597666889728
569648713980715010
569650273091584000
569650276380110848
569651226280751105
569651548881465345
569653752279531521
569654988877668354
569656088817233921
569656873315487746
569657112109965312
569658168097292288
569659956384788480
569661113593425920
569663371353546752
569666771717890048
569667918557900800
569668179758350336
569668536966053888
569669336991969280
569669603443519490
569669815205560320
569671435309809664
569671981852798976
569672116750004226
569673981164277760
569674565074481152
569674883099205632
569675608969465856
569676702030262272
569677660890116096
569678154152828928
569679210454724609
569680242194980864
569682277111889920
569682545375354880
569682877300023296
569683974748033026
569684282706259968
569686145275072512
569686267354599426
569686602940858368
569687399426617344
569688698301784064
569688822486847488
569690433996984320
569691772000931840
569692610543005697
569696666611261440
569699471954587648
569699607707398146
569700277244141568
569703328940032000
569705786408079360
569705870830874625
569711632991047680
569713111537717248
569715059385114624
569716101027745792
569719242427396096
569720565319102464
569727223990775808
569729732952109056
569730123210948608
569730182371635200
569734991862607872
569739044004823040
569740409787658240
569742876793372672
569746687805095936
569759259480600577
569760118591467520
569769624780165120
569769643864408064
569771576528220161
569782378270314498
569824906638073856
569829960178905089
569830532516868097
567595670463205376
567695310860730369
567717415367090176
567726186038837248
567728285174743041
567730833998757890
567735983370539008
567744219281129473
567745903474540545
567747041976410112
567748565095968769
567748973428219904
567753872967528448
567754392682901504
567754593434873857
567756326718431232
567756556536909825
567758478371196928
567759268724887552
567759456503881729
567765558393700352
567766329352921088
567766755797389312
567767810655670272
567776364351074304
567807375667912704
567811713870876672
567812841081688064
567822065471860736
567822377473728513
567823707160354816
567827442657677313
567828973893259264
567830916950822912
567836118181277696
567837314782765056
567845998166339584
567847120990048256
567852278893416448
567853497435160577
567855926486667265
567860325179072512
567861727833894913
567862181208805376
567864832235405313
567870311539933184
567881731967229953
567887301021413376
567887437998997504
567895664769785856
567897640035160064
567897883875217408
567898236809277440
567900456460165120
567971836321009664
567972174398689280
568024213753364480
568027668026937344
568036157482602497
568037876761546753
568041225174953985
568054702635483136
568061470933540864
568062804697202688
568063784318832640
568064027437301760
568066161922977792
568066878192508928
568069670475071488
568075679008468992
568077199162658816
568077746481586176
568084209656573952
568094311159476224
568096875435282432
568101162672500736
568101444391276544
568101669809946624
568102228587884545
568112232208293889
568113601480757248
568115611814858752
568116996761452544
568126621611372545
568128387576762370
568134243177463815
568141720556322816
568158459553714176
568159483786084352
568161023091478530
568161901089132544
568167900919382017
568168460468895745
568177910101745666
568180525644398593
568186071114252288
568188732806963201
568190250377461760
568196165780578304
568238793150611457
568243352258236416
568244687477161984
568246093856641024
568250311455981570
568252805036638209
568255924130983936
568256684642213888
568273514970501120
568275733736353792
568282853240209408
568299749121654784
568388846125223936
568421124201017345
568423588077936640
568432364717633536
568435364349808640
568440004281823233
568444029257584640
568444359391252480
568451040397422593
568454051144339456
568454386617356291
568456085536935936
568463244035289088
568463892453724160
568467150475812864
568467596414210049
568468715819266048
568468724048646145
568472783354773504
568475305675001857
568482893913333762
568483559532568576
568486436355346432
568490726419517441
568501367754661888
568504198385373184
568505228062023680
568513003307429888
568514293441757184
568515696197439489
568542819788451841
568551504505802752
568552050797068290
568559216912416768
568564485457252352
568564675312545792
568576245027336193
568585421518544897
568589571929350144
568597262378655744
568602614839033856
568606485716078592
568607402645454848
568607646204465152
568607755042484224
568611300609118208
568613354245210112
568613712858198016
568615445596471296
568619699212140544
568622478081306624
568626857576407041
568636474637357056
568638903097421824
568640966866935808
568645379031347200
568648940033343488
568654208674586624
568657247896788992
568678961229762560
568736451237707776
568760866088337409
568767621186912256
568768837744611328
568772824523001856
568773342053969920
568773776638406656
568774317410009088
568775146703589376
568775265406611456
568775800599801856
568776831006064640
568779110710964224
568780228648144896
568785393358905345
568785867743105024
568793043664560128
568793432900177920
568795462125428736
568800389903962112
568807901608828928
568815354388078593
568817350864023552
568829494556897280
568830888089423872
568832394196684800
568852572188098561
568855505747095552
568857278721478656
568857374934601728
568858368829313024
568867068331864064
568868944557133825
568880146284982272
568881357583097857
568882079091400705
568891505869344770
568894101766012929
568898792755470336
568899893206450176
568903820283158528
568909200832618496
568910880416464897
568911315026063361
568911851674836992
568912677994696706
568913623327703040
568927281747505152
568929299350179840
568930588868141056
568931215149039617
568934521506107392
568937741037088768
568942578026086401
568957001658724353
568958227888500736
568963218703564800
568967580595064832
568969143581413376
568969274410168321
568972438693916672
568976030947418112
568976322032087041
568986895268519936
568990617394647040
568995213529759745
569002132621398016
569005870463344640
569032643548811264
569078332278513665
569078346660900864
569089890173874176
569108474233270273
569139808804605953
569143406724837376
569153207148150785
569153491983327232
569153669867945984
569158165176164353
569159165626716160
569183712606179329
569184788784918528
569185842876571648
569202715571703808
569220243123544065
569223447005433856
569230567759327233
569234280632754176
569234806543929344
569238014418944000
569239087493857281
569246231500685314
569248000456970240
569253430100946944
569259272556535808
569260526976544768
569262088008417280
569264736455536641
569264951401054208
569268243854192640
569273785553178624
569279670048452608
569283956484415490
569288530419175424
569291509305970688
569294070129930240
569295822006960128
569296356143050754
569301745219850241
569305113589714944
569310249859080192
569314535103983617
569315664156069888
569318505755103232
569318905476476928
569325005823217664
569326785353129984
569327949553520640
569329401122426880
569330646901895169
569335998083174400
569337645878390784
569337916125798401
569338441172983809
569339717990400000
569340645023698944
569340749466226688
569341641200439296
569341821505163264
569346960181870592
569347552484728832
569351289026568192
569357810867138560
569363173817643009
569366383458275329
569369243965362176
569376311824621568
569378015429447680
569386581938860032
569386956435488768
569411383265075203
569418962108162048
569460591644925952
569463202817417216
569477571726974976
569478901166055424
569490420356374528
569496017210462208
569497966660218882
569502353797173248
569504813915832321
569506823818117121
569508406551322624
569508469088387072
569509408939487232
569509520034156544
569522767868989440
569530195306258432
569531827989454848
569531924219191296
569533875308916736
569534175973396480
569535236884664320
569535647704354816
569536910990950401
569541545029804034
569552658010210305
569554065606074368
569555929798217730
569559136540561408
569559833415970816
569562133249130496
569562990250323968
569564671688118273
569566232803803136
569568357030232066
569578016843669504
569578439797313536
569582862472577024
569584207011434497
569587663692554242
569588464896876545
569589028590391298
569589379385008129
569592830307508224
569596089625661440
569596783011217408
569597885446270976
569598457809276928
569599978722746368
569604208661409792
569606005618638848
569608307184242688
569609680961572866
569610871934205954
569614085807067136
569614651400585216
569616554922418177
569620017840398337
569621412325023744
569623359304003584
569623364337168384
569624621047111680
569624909501984768
569625848334000128
569626655527981058
569626683139104768
569628922431873025
569629019412557826
569634229627297793
569635291490693120
569640847119163394
569641319712169984
569642200595898368
569644171331538945
569646538814824449
569647597666889728
569648713980715010
569650273091584000
569650276380110848
569651226280751105
569651548881465345
569653752279531521
569654988877668354
569656088817233921
569656873315487746
569657112109965312
569658168097292288
569659956384788480
569661113593425920
569663371353546752
569666771717890048
569667918557900800
569668179758350336
569668536966053888
569669336991969280
569669603443519490
569669815205560320
569671435309809664
569671981852798976
569672116750004226
569673981164277760
569674565074481152
569674883099205632
569675608969465856
569676702030262272
569677660890116096
569678154152828928
569679210454724609
569680242194980864
569682277111889920
569682545375354880
569682877300023296
569683974748033026
569684282706259968
569686145275072512
569686267354599426
569686602940858368
569687399426617344
569688698301784064
569688822486847488
569690433996984320
569691772000931840
569692610543005697
569696666611261440
569699471954587648
569699607707398146
569700277244141568
569703328940032000
569705786408079360
569705870830874625
569711632991047680
569713111537717248
569715059385114624
569716101027745792
569719242427396096
569720565319102464
569727223990775808
569729732952109056
569730123210948608
569730182371635200
569734991862607872
569739044004823040
569740409787658240
569742876793372672
569746687805095936
569759259480600577
569760118591467520
569769624780165120
569769643864408064
569771576528220161
569782378270314498
569824906638073856
569829960178905089
569830532516868097
569846545715228673
569847920192655361
569854995958509568
569862767236255744
569864437739495424
569865540098871298
569867719874650112
569870442388983808
569874374741925889
569879818063507457
569881270987186176
569895176631554049
569895538046296064
569903840507506688
569904716328673280
569905258715082753
569907336485019648
569910441423417345
569914808339836928
569916555154169856
569917363891499008
569917824078090242
569921267601580032
569921913667104768
569926031542345728
569926843853185024
569927837601402880
569935980129447936
569937638674829313
569939265154617344
569941082420568064
569941647884029952
569942903683813376
569943090766721024
569943345000280064
569946472751476737
569949007465844736
569951879825907713
569952317556043776
569952984257294336
569956446487642112
569957235033399297
569958349514485760
569960010249334784
569961070519050240
569967469135142914
569967850670018560
569968609440563201
569969447764566016
569970659297792000
569970865607090176
569975063094501376
569981015378112512
569984162377003008
569984380061351936
569986129820196864
569986783024431105
569991529764409344
569994134997610496
569999790328541184
570009008817500160
570012047917907969
570015715530395648
570018836239364096
570019785788022785
570021943899877377
570022626724220928
570023318251642883
570026470741032961
570033341250056193
570039630973829120
570042700835082240
570043607954137090
570048890466111488
570049923858567168
570057178687475712
570062210640322560
570062369096908801
570063450174464000
570065109420101633
570066554848743424
570067181733580800
570073396152676352
570076090917650432
570081695342309377
570083458925490176
570092741654401024
570095131967295489
570097432383651840
570101371409559552
570102866754592768
570105020999344128
570115286289899520
570115452568891392
570116329694310400
570128847439417344
570156001485312000
570171986648965120
570175238815657984
570176998355701760
570184343857045504
570191286667513856
570191664628699136
570195668850995200
570200546679726082
570203789963218944
570210392539934721
570212842206580736
570219942961922048
570222495145406465
570223851570909185
570228063625207808
570232494034964481
570234676494757888
570236169310437376
570239688755302401
570241070577139713
570244158591406080
570248162067107840
570259502685151232
570265300685488129
570265831822778368
570267066919313408
570268160202567680
570272880556011520
570273188485197825
570274049118625792
570274371685777409
570274417546113025
570275153860386816
570276196405125120
570277008216870912
570279812922789888
570284129138274304
570286345454800896
570286882623369217
570296212336865283
570298371140939776
570305363859406848
