568551937185951744
568559061668507648
569612947833671680
569616019708182529
569616934225846273
569620782566875136
569644041857421312
569681251734409216
569701646445326336
569706627667853312
569757115822157826
569759892803756032
568551937185951744
568559061668507648
569612947833671680
569616019708182529
569616934225846273
569620782566875136
569644041857421312
569681251734409216
569701646445326336
569706627667853312
569757115822157826
569759892803756032
569825634295230466
569827602589835265
569831418412429312
568551937185951744
568559061668507648
569612947833671680
569616019708182529
569616934225846273
569620782566875136
569644041857421312
569681251734409216
569701646445326336
569706627667853312
569757115822157826
569759892803756032
569825634295230466
569827602589835265
569831418412429312
569877540698894336
569880374651650048
570268420140244992
570295981985681409
