567745362727686145
567849500536152064
567886091975462912
567927596572360704
568135421445545984
568521303956656128
568530234368069632
568552167122055168
568790903776636928
568800165886210048
569261063406882816
569484788404322304
569519918833643521
569522354008805376
569531274991239168
569603127223066624
569619246520479745
569638013287862273
569644495517589504
569708507961950209
569709552721141764
569733719256272896
569743129928028160
569745365940830210
569775795452792833
567745362727686145
567849500536152064
567886091975462912
567927596572360704
568135421445545984
568521303956656128
568530234368069632
568552167122055168
568790903776636928
568800165886210048
569261063406882816
569484788404322304
569519918833643521
569522354008805376
569531274991239168
569603127223066624
569619246520479745
569638013287862273
569644495517589504
569708507961950209
569709552721141764
569733719256272896
569743129928028160
569745365940830210
569775795452792833
567745362727686145
567849500536152064
567886091975462912
567927596572360704
568135421445545984
568521303956656128
568530234368069632
568552167122055168
568790903776636928
568800165886210048
569261063406882816
569484788404322304
569519918833643521
569522354008805376
569531274991239168
569603127223066624
569619246520479745
569638013287862273
569644495517589504
569708507961950209
569709552721141764
569733719256272896
569743129928028160
569745365940830210
569775795452792833
569919787888988160
569969952654028800
570040750412406784
570094120993054720
570097189617143808
570280653389996034
570280776849346561
570281731510571009
570289557205327873
567745362727686145
567849500536152064
567886091975462912
567927596572360704
568135421445545984
568521303956656128
568530234368069632
568552167122055168
568790903776636928
568800165886210048
569261063406882816
569484788404322304
569519918833643521
569522354008805376
569531274991239168
569603127223066624
569619246520479745
569638013287862273
569644495517589504
569708507961950209
569709552721141764
569733719256272896
569743129928028160
569745365940830210
569775795452792833
569919787888988160
569969952654028800
570040750412406784
570094120993054720
570097189617143808
570280653389996034
570280776849346561
570281731510571009
570289557205327873
567745362727686145
567849500536152064
567886091975462912
567927596572360704
568135421445545984
568521303956656128
568530234368069632
568552167122055168
568790903776636928
568800165886210048
569261063406882816
569484788404322304
569519918833643521
569522354008805376
569531274991239168
569603127223066624
569619246520479745
569638013287862273
569644495517589504
569708507961950209
569709552721141764
569733719256272896
569743129928028160
569745365940830210
569775795452792833
569919787888988160
569969952654028800
570040750412406784
570094120993054720
570097189617143808
570280653389996034
570280776849346561
570281731510571009
570289557205327873
567745362727686145
567849500536152064
567886091975462912
567927596572360704
568135421445545984
568521303956656128
568530234368069632
568552167122055168
568790903776636928
568800165886210048
569261063406882816
569484788404322304
569519918833643521
569522354008805376
569531274991239168
569603127223066624
569619246520479745
569638013287862273
569644495517589504
569708507961950209
569709552721141764
569733719256272896
569743129928028160
569745365940830210
569775795452792833
569919787888988160
569969952654028800
570040750412406784
570094120993054720
570097189617143808
570280653389996034
570280776849346561
570281731510571009
570289557205327873
567745362727686145
567849500536152064
567886091975462912
567927596572360704
568135421445545984
568521303956656128
568530234368069632
568552167122055168
568790903776636928
568800165886210048
569261063406882816
569484788404322304
569519918833643521
569522354008805376
569531274991239168
569603127223066624
569619246520479745
569638013287862273
569644495517589504
569708507961950209
569709552721141764
569733719256272896
569743129928028160
569745365940830210
569775795452792833
569919787888988160
569969952654028800
570040750412406784
570094120993054720
570097189617143808
570280653389996034
570280776849346561
570281731510571009
570289557205327873
567745362727686145
567849500536152064
567886091975462912
567927596572360704
568135421445545984
568521303956656128
568530234368069632
568552167122055168
568790903776636928
568800165886210048
569261063406882816
569484788404322304
569519918833643521
569522354008805376
569531274991239168
569603127223066624
569619246520479745
569638013287862273
569644495517589504
569708507961950209
569709552721141764
569733719256272896
569743129928028160
569745365940830210
569775795452792833
569919787888988160
569969952654028800
570040750412406784
570094120993054720
570097189617143808
570280653389996034
570280776849346561
570281731510571009
570289557205327873
