567722689989578752
567867483622748160
567887646162161664
568156672365092864
568168034394873857
568206570540163072
568274752864948224
568386094875738113
568864796717805568
568899587424931840
569149358802759680
569165227847102465
569192902922006528
569260462606569473
569336493224955904
569587140490866689
569639923080404994
569674725623926784
569690664029462529
569691772000931840
569758473535164416
569767266075742208
567722689989578752
567867483622748160
567887646162161664
568156672365092864
568168034394873857
568206570540163072
568274752864948224
568386094875738113
568864796717805568
568899587424931840
569149358802759680
569165227847102465
569192902922006528
569260462606569473
569336493224955904
569587140490866689
569639923080404994
569674725623926784
569690664029462529
569691772000931840
569758473535164416
569767266075742208
567722689989578752
567867483622748160
567887646162161664
568156672365092864
568168034394873857
568206570540163072
568274752864948224
568386094875738113
568864796717805568
568899587424931840
569149358802759680
569165227847102465
569192902922006528
569260462606569473
569336493224955904
569587140490866689
569639923080404994
569674725623926784
569690664029462529
569691772000931840
569758473535164416
569767266075742208
569978804690669569
569980631548973057
569998019694866432
570016304284901379
