567766563533897729
567842015418978304
567842370533867520
568196066430083074
568210483959836672
568678961229762560
568901905910521856
569031663520489472
569232748663214080
569238252676378627
569260276626956288
569307466896424961
569347552484728832
569366337929105408
569475215832387584
569502050536587264
569640193931612160
569661154638872576
569724254473850880
569746687805095936
569757094166994944
567766563533897729
567842015418978304
567842370533867520
568196066430083074
568210483959836672
568678961229762560
568901905910521856
569031663520489472
569232748663214080
569238252676378627
569260276626956288
569307466896424961
569347552484728832
569366337929105408
569475215832387584
569502050536587264
569640193931612160
569661154638872576
569724254473850880
569746687805095936
569757094166994944
567766563533897729
567842015418978304
567842370533867520
568196066430083074
568210483959836672
568678961229762560
568901905910521856
569031663520489472
569232748663214080
569238252676378627
569260276626956288
569307466896424961
569347552484728832
569366337929105408
569475215832387584
569502050536587264
569640193931612160
569661154638872576
569724254473850880
569746687805095936
569757094166994944
569844251426729984
569884951207813122
569918918602547200
569925362471211008
569940998035345408
569949655905263616
569956726318850048
569957235033399297
569957958634770432
569958642411122688
569961503308189696
570039630973829120
570044516318748672
570077431484121088
570079676204347394
570090251122663425
570257480401469441
