568176390325075968
568177882620661760
568176390325075968
568177882620661760
568176390325075968
568177882620661760
570219942961922048
570238052943208450
570238126347714560
568176390325075968
568177882620661760
570219942961922048
570238052943208450
570238126347714560
568176390325075968
568177882620661760
570219942961922048
570238052943208450
570238126347714560
568176390325075968
568177882620661760
570219942961922048
570238052943208450
570238126347714560
568176390325075968
568177882620661760
570219942961922048
570238052943208450
570238126347714560
568176390325075968
568177882620661760
570219942961922048
570238052943208450
570238126347714560
