567719957686136832
567733834964156417
567923361256460288
568100858954522625
568151138421207040
568173937714028544
568868944557133825
569093984640995328
569188394716278786
569199524629110784
569204692401590273
569210501059604480
569248898071580672
569254216415481856
569314734752854017
569487598709817344
569514031695962112
569533648367722496
569574737929576448
569614365755899905
569636929165242368
569653219229630464
569659367001186304
569663875836219392
569674358135914496
569690131235340288
567719957686136832
567733834964156417
567923361256460288
568100858954522625
568151138421207040
568173937714028544
568868944557133825
569093984640995328
569188394716278786
569199524629110784
569204692401590273
569210501059604480
569248898071580672
569254216415481856
569314734752854017
569487598709817344
569514031695962112
569533648367722496
569574737929576448
569614365755899905
569636929165242368
569653219229630464
569659367001186304
569663875836219392
569674358135914496
569690131235340288
567719957686136832
567733834964156417
567923361256460288
568100858954522625
568151138421207040
568173937714028544
568868944557133825
569093984640995328
569188394716278786
569199524629110784
569204692401590273
569210501059604480
569248898071580672
569254216415481856
569314734752854017
569487598709817344
569514031695962112
569533648367722496
569574737929576448
569614365755899905
569636929165242368
569653219229630464
569659367001186304
569663875836219392
569674358135914496
569690131235340288
569855205187190784
569952718707687424
570010979074834432
570016517829623808
570021376024813568
570074833993670657
570103908607135744
570106218825564161
570141242769559552
570178966725767168
570179236633432065
570179813845147648
570243095482261504
570263313306615810
570267215720800256
570275248052039680
570276245960835073
567719957686136832
567733834964156417
567923361256460288
568100858954522625
568151138421207040
568173937714028544
568868944557133825
569093984640995328
569188394716278786
569199524629110784
569204692401590273
569210501059604480
569248898071580672
569254216415481856
569314734752854017
569487598709817344
569514031695962112
569533648367722496
569574737929576448
569614365755899905
569636929165242368
569653219229630464
569659367001186304
569663875836219392
569674358135914496
569690131235340288
569855205187190784
569952718707687424
570010979074834432
570016517829623808
570021376024813568
570074833993670657
570103908607135744
570106218825564161
570141242769559552
570178966725767168
570179236633432065
570179813845147648
570243095482261504
570263313306615810
570267215720800256
570275248052039680
570276245960835073
567719957686136832
567733834964156417
567923361256460288
568100858954522625
568151138421207040
568173937714028544
568868944557133825
569093984640995328
569188394716278786
569199524629110784
569204692401590273
569210501059604480
569248898071580672
569254216415481856
569314734752854017
569487598709817344
569514031695962112
569533648367722496
569574737929576448
569614365755899905
569636929165242368
569653219229630464
569659367001186304
569663875836219392
569674358135914496
569690131235340288
569855205187190784
569952718707687424
570010979074834432
570016517829623808
570021376024813568
570074833993670657
570103908607135744
570106218825564161
570141242769559552
570178966725767168
570179236633432065
570179813845147648
570243095482261504
570263313306615810
570267215720800256
570275248052039680
570276245960835073
567719957686136832
567733834964156417
567923361256460288
568100858954522625
568151138421207040
568173937714028544
568868944557133825
569093984640995328
569188394716278786
569199524629110784
569204692401590273
569210501059604480
569248898071580672
569254216415481856
569314734752854017
569487598709817344
569514031695962112
569533648367722496
569574737929576448
569614365755899905
569636929165242368
569653219229630464
569659367001186304
569663875836219392
569674358135914496
569690131235340288
569855205187190784
569952718707687424
570010979074834432
570016517829623808
570021376024813568
570074833993670657
570103908607135744
570106218825564161
570141242769559552
570178966725767168
570179236633432065
570179813845147648
570243095482261504
570263313306615810
570267215720800256
570275248052039680
570276245960835073
567719957686136832
567733834964156417
567923361256460288
568100858954522625
568151138421207040
568173937714028544
568868944557133825
569093984640995328
569188394716278786
569199524629110784
569204692401590273
569210501059604480
569248898071580672
569254216415481856
569314734752854017
569487598709817344
569514031695962112
569533648367722496
569574737929576448
569614365755899905
569636929165242368
569653219229630464
569659367001186304
569663875836219392
569674358135914496
569690131235340288
569855205187190784
569952718707687424
570010979074834432
570016517829623808
570021376024813568
570074833993670657
570103908607135744
570106218825564161
570141242769559552
570178966725767168
570179236633432065
570179813845147648
570243095482261504
570263313306615810
570267215720800256
570275248052039680
570276245960835073
567719957686136832
567733834964156417
567923361256460288
568100858954522625
568151138421207040
568173937714028544
568868944557133825
569093984640995328
569188394716278786
569199524629110784
569204692401590273
569210501059604480
569248898071580672
569254216415481856
569314734752854017
569487598709817344
569514031695962112
569533648367722496
569574737929576448
569614365755899905
569636929165242368
569653219229630464
569659367001186304
569663875836219392
569674358135914496
569690131235340288
569855205187190784
569952718707687424
570010979074834432
570016517829623808
570021376024813568
570074833993670657
570103908607135744
570106218825564161
570141242769559552
570178966725767168
570179236633432065
570179813845147648
570243095482261504
570263313306615810
570267215720800256
570275248052039680
570276245960835073
