567760870630244352
568252805036638209
568252997886545920
568613712858198016
568782673587658752
569162600237236224
569302490421833729
569591136534319105
569691858365915136
569748491943038976
567760870630244352
568252805036638209
568252997886545920
568613712858198016
568782673587658752
569162600237236224
569302490421833729
569591136534319105
569691858365915136
569748491943038976
567760870630244352
568252805036638209
568252997886545920
568613712858198016
568782673587658752
569162600237236224
569302490421833729
569591136534319105
569691858365915136
569748491943038976
569863166189924352
569864610016321536
570289557205327873
