569846678351540224
569857072310808578
569857624549625856
569863836615864320
569866337427664897
569982327654383616
569846678351540224
569857072310808578
569857624549625856
569863836615864320
569866337427664897
569982327654383616
569846678351540224
569857072310808578
569857624549625856
569863836615864320
569866337427664897
569982327654383616
569846678351540224
569857072310808578
569857624549625856
569863836615864320
569866337427664897
569982327654383616
569846678351540224
569857072310808578
569857624549625856
569863836615864320
569866337427664897
569982327654383616
569846678351540224
569857072310808578
569857624549625856
569863836615864320
569866337427664897
569982327654383616
