567756837320392705
567779798782595072
567841954484068353
568127152450871296
568224469480833024
568378076955938816
568487293100691457
568535405361913857
568883108377808896
568969667106045952
569580805036453888
569647825299963904
569672974657146880
567756837320392705
567779798782595072
567841954484068353
568127152450871296
568224469480833024
568378076955938816
568487293100691457
568535405361913857
568883108377808896
568969667106045952
569580805036453888
569647825299963904
569672974657146880
567756837320392705
567779798782595072
567841954484068353
568127152450871296
568224469480833024
568378076955938816
568487293100691457
568535405361913857
568883108377808896
568969667106045952
569580805036453888
569647825299963904
569672974657146880
569935692161134592
570050268588597248
570257336465387521
570261418387353601
570300325917270018
570303889754488832
