568054330550587392
568054514617622528
568054687993352192
568054866045747200
568055034296049664
568055279839023105
568055480226066434
568055724078706689
568056050877919232
568056298937430016
568056741885288448
568057671443750912
568057887223894016
568058084846911488
568058146729668608
568054330550587392
568054514617622528
568054687993352192
568054866045747200
568055034296049664
568055279839023105
568055480226066434
568055724078706689
568056050877919232
568056298937430016
568056741885288448
568057671443750912
568057887223894016
568058084846911488
568058146729668608
568054330550587392
568054514617622528
568054687993352192
568054866045747200
568055034296049664
568055279839023105
568055480226066434
568055724078706689
568056050877919232
568056298937430016
568056741885288448
568057671443750912
568057887223894016
568058084846911488
568058146729668608
568054330550587392
568054514617622528
568054687993352192
568054866045747200
568055034296049664
568055279839023105
568055480226066434
568055724078706689
568056050877919232
568056298937430016
568056741885288448
568057671443750912
568057887223894016
568058084846911488
568058146729668608
568054330550587392
568054514617622528
568054687993352192
568054866045747200
568055034296049664
568055279839023105
568055480226066434
568055724078706689
568056050877919232
568056298937430016
568056741885288448
568057671443750912
568057887223894016
568058084846911488
568058146729668608
568054330550587392
568054514617622528
568054687993352192
568054866045747200
568055034296049664
568055279839023105
568055480226066434
568055724078706689
568056050877919232
568056298937430016
568056741885288448
568057671443750912
568057887223894016
568058084846911488
568058146729668608
568054330550587392
568054514617622528
568054687993352192
568054866045747200
568055034296049664
568055279839023105
568055480226066434
568055724078706689
568056050877919232
568056298937430016
568056741885288448
568057671443750912
568057887223894016
568058084846911488
568058146729668608
568054330550587392
568054514617622528
568054687993352192
568054866045747200
568055034296049664
568055279839023105
568055480226066434
568055724078706689
568056050877919232
568056298937430016
568056741885288448
568057671443750912
568057887223894016
568058084846911488
568058146729668608
