567744963870752768
567745702231830529
567768878613536769
567819606904295424
567892874756501504
567899604605218816
568062560198664192
568078285520785408
568108909480824832
568161284249796608
568411504497856512
568581908075933696
568621100914991104
568624528131125248
568802037057646594
568964732981530624
569096764835414016
569097525690568704
569249783216537601
569249933271965696
569253382898126850
569272664344428545
569310885191286784
569331021163814912
569404245142855680
569459716906229760
569524497377861632
569617332907212800
569619545893306369
569657895522054145
569666826352898048
569674205920411648
569684101197910016
569685186495057920
569719449458094080
569719978993152000
569727223990775808
569740962760499200
569780773194113025
567744963870752768
567745702231830529
567768878613536769
567819606904295424
567892874756501504
567899604605218816
568062560198664192
568078285520785408
568108909480824832
568161284249796608
568411504497856512
568581908075933696
568621100914991104
568624528131125248
568802037057646594
568964732981530624
569096764835414016
569097525690568704
569249783216537601
569249933271965696
569253382898126850
569272664344428545
569310885191286784
569331021163814912
569404245142855680
569459716906229760
569524497377861632
569617332907212800
569619545893306369
569657895522054145
569666826352898048
569674205920411648
569684101197910016
569685186495057920
569719449458094080
569719978993152000
569727223990775808
569740962760499200
569780773194113025
569821862873726976
567744963870752768
567745702231830529
567768878613536769
567819606904295424
567892874756501504
567899604605218816
568062560198664192
568078285520785408
568108909480824832
568161284249796608
568411504497856512
568581908075933696
568621100914991104
568624528131125248
568802037057646594
568964732981530624
569096764835414016
569097525690568704
569249783216537601
569249933271965696
569253382898126850
569272664344428545
569310885191286784
569331021163814912
569404245142855680
569459716906229760
569524497377861632
569617332907212800
569619545893306369
569657895522054145
569666826352898048
569674205920411648
569684101197910016
569685186495057920
569719449458094080
569719978993152000
569727223990775808
569740962760499200
569780773194113025
569821862873726976
569860371626004480
569904613069103104
569932678688055296
570048726380765184
570250945281589248
570251394965479424
570252528245456897
570261349172973569
570272015598411776
570274148364242947
570304445336178688
567744963870752768
567745702231830529
567768878613536769
567819606904295424
567892874756501504
567899604605218816
568062560198664192
568078285520785408
568108909480824832
568161284249796608
568411504497856512
568581908075933696
568621100914991104
568624528131125248
568802037057646594
568964732981530624
569096764835414016
569097525690568704
569249783216537601
569249933271965696
569253382898126850
569272664344428545
569310885191286784
569331021163814912
569404245142855680
569459716906229760
569524497377861632
569617332907212800
569619545893306369
569657895522054145
569666826352898048
569674205920411648
569684101197910016
569685186495057920
569719449458094080
569719978993152000
569727223990775808
569740962760499200
569780773194113025
569821862873726976
569860371626004480
569904613069103104
569932678688055296
570048726380765184
570250945281589248
570251394965479424
570252528245456897
570261349172973569
570272015598411776
570274148364242947
570304445336178688
567744963870752768
567745702231830529
567768878613536769
567819606904295424
567892874756501504
567899604605218816
568062560198664192
568078285520785408
568108909480824832
568161284249796608
568411504497856512
568581908075933696
568621100914991104
568624528131125248
568802037057646594
568964732981530624
569096764835414016
569097525690568704
569249783216537601
569249933271965696
569253382898126850
569272664344428545
569310885191286784
569331021163814912
569404245142855680
569459716906229760
569524497377861632
569617332907212800
569619545893306369
569657895522054145
569666826352898048
569674205920411648
569684101197910016
569685186495057920
569719449458094080
569719978993152000
569727223990775808
569740962760499200
569780773194113025
569821862873726976
569860371626004480
569904613069103104
569932678688055296
570048726380765184
570250945281589248
570251394965479424
570252528245456897
570261349172973569
570272015598411776
570274148364242947
570304445336178688
567744963870752768
567745702231830529
567768878613536769
567819606904295424
567892874756501504
567899604605218816
568062560198664192
568078285520785408
568108909480824832
568161284249796608
568411504497856512
568581908075933696
568621100914991104
568624528131125248
568802037057646594
568964732981530624
569096764835414016
569097525690568704
569249783216537601
569249933271965696
569253382898126850
569272664344428545
569310885191286784
569331021163814912
569404245142855680
569459716906229760
569524497377861632
569617332907212800
569619545893306369
569657895522054145
569666826352898048
569674205920411648
569684101197910016
569685186495057920
569719449458094080
569719978993152000
569727223990775808
569740962760499200
569780773194113025
569821862873726976
569860371626004480
569904613069103104
569932678688055296
570048726380765184
570250945281589248
570251394965479424
570252528245456897
570261349172973569
570272015598411776
570274148364242947
570304445336178688
567744963870752768
567745702231830529
567768878613536769
567819606904295424
567892874756501504
567899604605218816
568062560198664192
568078285520785408
568108909480824832
568161284249796608
568411504497856512
568581908075933696
568621100914991104
568624528131125248
568802037057646594
568964732981530624
569096764835414016
569097525690568704
569249783216537601
569249933271965696
569253382898126850
569272664344428545
569310885191286784
569331021163814912
569404245142855680
569459716906229760
569524497377861632
569617332907212800
569619545893306369
569657895522054145
569666826352898048
569674205920411648
569684101197910016
569685186495057920
569719449458094080
569719978993152000
569727223990775808
569740962760499200
569780773194113025
569821862873726976
569860371626004480
569904613069103104
569932678688055296
570048726380765184
570250945281589248
570251394965479424
570252528245456897
570261349172973569
570272015598411776
570274148364242947
570304445336178688
567744963870752768
567745702231830529
567768878613536769
567819606904295424
567892874756501504
567899604605218816
568062560198664192
568078285520785408
568108909480824832
568161284249796608
568411504497856512
568581908075933696
568621100914991104
568624528131125248
568802037057646594
568964732981530624
569096764835414016
569097525690568704
569249783216537601
569249933271965696
569253382898126850
569272664344428545
569310885191286784
569331021163814912
569404245142855680
569459716906229760
569524497377861632
569617332907212800
569619545893306369
569657895522054145
569666826352898048
569674205920411648
569684101197910016
569685186495057920
569719449458094080
569719978993152000
569727223990775808
569740962760499200
569780773194113025
569821862873726976
569860371626004480
569904613069103104
569932678688055296
570048726380765184
570250945281589248
570251394965479424
570252528245456897
570261349172973569
570272015598411776
570274148364242947
570304445336178688
