567851359178989568
568558135637463040
569666501504073728
567851359178989568
568558135637463040
569666501504073728
567851359178989568
568558135637463040
569666501504073728
570092677196181507
567851359178989568
568558135637463040
569666501504073728
570092677196181507
567851359178989568
568558135637463040
569666501504073728
570092677196181507
567851359178989568
568558135637463040
569666501504073728
570092677196181507
567851359178989568
568558135637463040
569666501504073728
570092677196181507
567851359178989568
568558135637463040
569666501504073728
570092677196181507
