567758165287002112
567764858817773570
567899604605218816
568078285520785408
568157049344937984
568427566916345856
568624528131125248
569175432702107648
569202715571703808
569249783216537601
569301606891712512
569343738331275264
569366337929105408
569592675638382592
569612379811676161
569614422496444417
569618538924789760
569625356942098432
569673939183493120
569674205920411648
569676304154554368
569688256247427072
569689076439392257
569729663351832576
567758165287002112
567764858817773570
567899604605218816
568078285520785408
568157049344937984
568427566916345856
568624528131125248
569175432702107648
569202715571703808
569249783216537601
569301606891712512
569343738331275264
569366337929105408
569592675638382592
569612379811676161
569614422496444417
569618538924789760
569625356942098432
569673939183493120
569674205920411648
569676304154554368
569688256247427072
569689076439392257
569729663351832576
567758165287002112
567764858817773570
567899604605218816
568078285520785408
568157049344937984
568427566916345856
568624528131125248
569175432702107648
569202715571703808
569249783216537601
569301606891712512
569343738331275264
569366337929105408
569592675638382592
569612379811676161
569614422496444417
569618538924789760
569625356942098432
569673939183493120
569674205920411648
569676304154554368
569688256247427072
569689076439392257
569729663351832576
569877449389051906
569931716049154051
570151995472027649
570216815105847296
570218269111664640
570235676916117504
570250566573674496
570254322694557696
570269633778855936
567758165287002112
567764858817773570
567899604605218816
568078285520785408
568157049344937984
568427566916345856
568624528131125248
569175432702107648
569202715571703808
569249783216537601
569301606891712512
569343738331275264
569366337929105408
569592675638382592
569612379811676161
569614422496444417
569618538924789760
569625356942098432
569673939183493120
569674205920411648
569676304154554368
569688256247427072
569689076439392257
569729663351832576
569877449389051906
569931716049154051
570151995472027649
570216815105847296
570218269111664640
570235676916117504
570250566573674496
570254322694557696
570269633778855936
567758165287002112
567764858817773570
567899604605218816
568078285520785408
568157049344937984
568427566916345856
568624528131125248
569175432702107648
569202715571703808
569249783216537601
569301606891712512
569343738331275264
569366337929105408
569592675638382592
569612379811676161
569614422496444417
569618538924789760
569625356942098432
569673939183493120
569674205920411648
569676304154554368
569688256247427072
569689076439392257
569729663351832576
569877449389051906
569931716049154051
570151995472027649
570216815105847296
570218269111664640
570235676916117504
570250566573674496
570254322694557696
570269633778855936
567758165287002112
567764858817773570
567899604605218816
568078285520785408
568157049344937984
568427566916345856
568624528131125248
569175432702107648
569202715571703808
569249783216537601
569301606891712512
569343738331275264
569366337929105408
569592675638382592
569612379811676161
569614422496444417
569618538924789760
569625356942098432
569673939183493120
569674205920411648
569676304154554368
569688256247427072
569689076439392257
569729663351832576
569877449389051906
569931716049154051
570151995472027649
570216815105847296
570218269111664640
570235676916117504
570250566573674496
570254322694557696
570269633778855936
567758165287002112
567764858817773570
567899604605218816
568078285520785408
568157049344937984
568427566916345856
568624528131125248
569175432702107648
569202715571703808
569249783216537601
569301606891712512
569343738331275264
569366337929105408
569592675638382592
569612379811676161
569614422496444417
569618538924789760
569625356942098432
569673939183493120
569674205920411648
569676304154554368
569688256247427072
569689076439392257
569729663351832576
569877449389051906
569931716049154051
570151995472027649
570216815105847296
570218269111664640
570235676916117504
570250566573674496
570254322694557696
570269633778855936
567758165287002112
567764858817773570
567899604605218816
568078285520785408
568157049344937984
568427566916345856
568624528131125248
569175432702107648
569202715571703808
569249783216537601
569301606891712512
569343738331275264
569366337929105408
569592675638382592
569612379811676161
569614422496444417
569618538924789760
569625356942098432
569673939183493120
569674205920411648
569676304154554368
569688256247427072
569689076439392257
569729663351832576
569877449389051906
569931716049154051
570151995472027649
570216815105847296
570218269111664640
570235676916117504
570250566573674496
570254322694557696
570269633778855936
