567770698111852544
568491142410571778
568780741909319680
568926999680569344
567770698111852544
568491142410571778
568780741909319680
568926999680569344
567770698111852544
568491142410571778
568780741909319680
568926999680569344
569851952282112000
569962494283919360
570250371110539264
567770698111852544
568491142410571778
568780741909319680
568926999680569344
569851952282112000
569962494283919360
570250371110539264
567770698111852544
568491142410571778
568780741909319680
568926999680569344
569851952282112000
569962494283919360
570250371110539264
567770698111852544
568491142410571778
568780741909319680
568926999680569344
569851952282112000
569962494283919360
570250371110539264
567770698111852544
568491142410571778
568780741909319680
568926999680569344
569851952282112000
569962494283919360
570250371110539264
567770698111852544
568491142410571778
568780741909319680
568926999680569344
569851952282112000
569962494283919360
570250371110539264
