567821133245067264
568082658741215235
568111503812870144
568428224813916160
568438142673555457
568463569458741248
568472719102234624
568800184345468929
569170372018499584
569217012980805632
569618750946873344
569632379326869504
567821133245067264
568082658741215235
568111503812870144
568428224813916160
568438142673555457
568463569458741248
568472719102234624
568800184345468929
569170372018499584
569217012980805632
569618750946873344
569632379326869504
567821133245067264
568082658741215235
568111503812870144
568428224813916160
568438142673555457
568463569458741248
568472719102234624
568800184345468929
569170372018499584
569217012980805632
569618750946873344
569632379326869504
569856654394720256
569879497891303424
569880288702173184
569912888866906112
569961111086362625
569985270415818752
570021225323298816
570288445156941824
