568208413286477825
568211021497638912
568213843618299904
568216196132302848
568216411404808192
568998609590419456
568208413286477825
568211021497638912
568213843618299904
568216196132302848
568216411404808192
568998609590419456
568208413286477825
568211021497638912
568213843618299904
568216196132302848
568216411404808192
568998609590419456
568208413286477825
568211021497638912
568213843618299904
568216196132302848
568216411404808192
568998609590419456
568208413286477825
568211021497638912
568213843618299904
568216196132302848
568216411404808192
568998609590419456
568208413286477825
568211021497638912
568213843618299904
568216196132302848
568216411404808192
568998609590419456
568208413286477825
568211021497638912
568213843618299904
568216196132302848
568216411404808192
568998609590419456
568208413286477825
568211021497638912
568213843618299904
568216196132302848
568216411404808192
568998609590419456
