568436693210173441
568601750074236930
568972783234912257
568436693210173441
568601750074236930
568972783234912257
568436693210173441
568601750074236930
568972783234912257
570189507447775234
568436693210173441
568601750074236930
568972783234912257
570189507447775234
568436693210173441
568601750074236930
568972783234912257
570189507447775234
568436693210173441
568601750074236930
568972783234912257
570189507447775234
568436693210173441
568601750074236930
568972783234912257
570189507447775234
568436693210173441
568601750074236930
568972783234912257
570189507447775234
