568240100934426624
568440527328120832
568760866088337409
569178715051188226
569318653792948226
569527951831666688
569552658010210305
569603833804038144
569618884577218560
569672477967835136
569686000240345090
569692664720797696
569803188901031936
568240100934426624
568440527328120832
568760866088337409
569178715051188226
569318653792948226
569527951831666688
569552658010210305
569603833804038144
569618884577218560
569672477967835136
569686000240345090
569692664720797696
569803188901031936
568240100934426624
568440527328120832
568760866088337409
569178715051188226
569318653792948226
569527951831666688
569552658010210305
569603833804038144
569618884577218560
569672477967835136
569686000240345090
569692664720797696
569803188901031936
569872756302422017
569938799397990401
570088470171013120
570227814575804416
570276806512779264
568240100934426624
568440527328120832
568760866088337409
569178715051188226
569318653792948226
569527951831666688
569552658010210305
569603833804038144
569618884577218560
569672477967835136
569686000240345090
569692664720797696
569803188901031936
569872756302422017
569938799397990401
570088470171013120
570227814575804416
570276806512779264
568240100934426624
568440527328120832
568760866088337409
569178715051188226
569318653792948226
569527951831666688
569552658010210305
569603833804038144
569618884577218560
569672477967835136
569686000240345090
569692664720797696
569803188901031936
569872756302422017
569938799397990401
570088470171013120
570227814575804416
570276806512779264
568240100934426624
568440527328120832
568760866088337409
569178715051188226
569318653792948226
569527951831666688
569552658010210305
569603833804038144
569618884577218560
569672477967835136
569686000240345090
569692664720797696
569803188901031936
569872756302422017
569938799397990401
570088470171013120
570227814575804416
570276806512779264
568240100934426624
568440527328120832
568760866088337409
569178715051188226
569318653792948226
569527951831666688
569552658010210305
569603833804038144
569618884577218560
569672477967835136
569686000240345090
569692664720797696
569803188901031936
569872756302422017
569938799397990401
570088470171013120
570227814575804416
570276806512779264
568240100934426624
568440527328120832
568760866088337409
569178715051188226
569318653792948226
569527951831666688
569552658010210305
569603833804038144
569618884577218560
569672477967835136
569686000240345090
569692664720797696
569803188901031936
569872756302422017
569938799397990401
570088470171013120
570227814575804416
570276806512779264
