567725170367148034
567816155369570304
567882458357714944
567883246433878018
567908391256875008
568049316582932480
568082656413552640
568184857538498560
568186002759671808
568188203397574656
568193698284118016
568466642193104897
568645962425446401
568797120410619904
568890960358166528
568924327275401218
569083230361673728
569220232293720066
569635479383085056
569708004075044864
567725170367148034
567816155369570304
567882458357714944
567883246433878018
567908391256875008
568049316582932480
568082656413552640
568184857538498560
568186002759671808
568188203397574656
568193698284118016
568466642193104897
568645962425446401
568797120410619904
568890960358166528
568924327275401218
569083230361673728
569220232293720066
569635479383085056
569708004075044864
569838589879685120
567725170367148034
567816155369570304
567882458357714944
567883246433878018
567908391256875008
568049316582932480
568082656413552640
568184857538498560
568186002759671808
568188203397574656
568193698284118016
568466642193104897
568645962425446401
568797120410619904
568890960358166528
568924327275401218
569083230361673728
569220232293720066
569635479383085056
569708004075044864
569838589879685120
569846882291159040
569868818975219712
569903253183455233
569989557644623875
570014602903339008
570048844702076930
570065109961322496
570076814585913344
570079549914005504
570079868253298688
570087270524411904
570100233398571008
570209843199524864
567725170367148034
567816155369570304
567882458357714944
567883246433878018
567908391256875008
568049316582932480
568082656413552640
568184857538498560
568186002759671808
568188203397574656
568193698284118016
568466642193104897
568645962425446401
568797120410619904
568890960358166528
568924327275401218
569083230361673728
569220232293720066
569635479383085056
569708004075044864
569838589879685120
569846882291159040
569868818975219712
569903253183455233
569989557644623875
570014602903339008
570048844702076930
570065109961322496
570076814585913344
570079549914005504
570079868253298688
570087270524411904
570100233398571008
570209843199524864
567725170367148034
567816155369570304
567882458357714944
567883246433878018
567908391256875008
568049316582932480
568082656413552640
568184857538498560
568186002759671808
568188203397574656
568193698284118016
568466642193104897
568645962425446401
568797120410619904
568890960358166528
568924327275401218
569083230361673728
569220232293720066
569635479383085056
569708004075044864
569838589879685120
569846882291159040
569868818975219712
569903253183455233
569989557644623875
570014602903339008
570048844702076930
570065109961322496
570076814585913344
570079549914005504
570079868253298688
570087270524411904
570100233398571008
570209843199524864
567725170367148034
567816155369570304
567882458357714944
567883246433878018
567908391256875008
568049316582932480
568082656413552640
568184857538498560
568186002759671808
568188203397574656
568193698284118016
568466642193104897
568645962425446401
568797120410619904
568890960358166528
568924327275401218
569083230361673728
569220232293720066
569635479383085056
569708004075044864
569838589879685120
569846882291159040
569868818975219712
569903253183455233
569989557644623875
570014602903339008
570048844702076930
570065109961322496
570076814585913344
570079549914005504
570079868253298688
570087270524411904
570100233398571008
570209843199524864
567725170367148034
567816155369570304
567882458357714944
567883246433878018
567908391256875008
568049316582932480
568082656413552640
568184857538498560
568186002759671808
568188203397574656
568193698284118016
568466642193104897
568645962425446401
568797120410619904
568890960358166528
568924327275401218
569083230361673728
569220232293720066
569635479383085056
569708004075044864
569838589879685120
569846882291159040
569868818975219712
569903253183455233
569989557644623875
570014602903339008
570048844702076930
570065109961322496
570076814585913344
570079549914005504
570079868253298688
570087270524411904
570100233398571008
570209843199524864
567725170367148034
567816155369570304
567882458357714944
567883246433878018
567908391256875008
568049316582932480
568082656413552640
568184857538498560
568186002759671808
568188203397574656
568193698284118016
568466642193104897
568645962425446401
568797120410619904
568890960358166528
568924327275401218
569083230361673728
569220232293720066
569635479383085056
569708004075044864
569838589879685120
569846882291159040
569868818975219712
569903253183455233
569989557644623875
570014602903339008
570048844702076930
570065109961322496
570076814585913344
570079549914005504
570079868253298688
570087270524411904
570100233398571008
570209843199524864
