567744381432516608
567745702231830529
567819606904295424
568069392422051841
568109598034554880
568184886051389440
568380045431058432
568561924985782272
568564006329434113
568844412970770433
569232776454483969
569280157678071808
569373631999926272
569380081254027265
569597742693154816
569607509167595520
569608322925473792
569610893052518400
569618371148443649
569636980612427776
569639529805688832
569663701017624576
569720605383241728
569743129928028160
567744381432516608
567745702231830529
567819606904295424
568069392422051841
568109598034554880
568184886051389440
568380045431058432
568561924985782272
568564006329434113
568844412970770433
569232776454483969
569280157678071808
569373631999926272
569380081254027265
569597742693154816
569607509167595520
569608322925473792
569610893052518400
569618371148443649
569636980612427776
569639529805688832
569663701017624576
569720605383241728
569743129928028160
567744381432516608
567745702231830529
567819606904295424
568069392422051841
568109598034554880
568184886051389440
568380045431058432
568561924985782272
568564006329434113
568844412970770433
569232776454483969
569280157678071808
569373631999926272
569380081254027265
569597742693154816
569607509167595520
569608322925473792
569610893052518400
569618371148443649
569636980612427776
569639529805688832
569663701017624576
569720605383241728
569743129928028160
569850597169598464
569867943888056320
569874098035142656
569884285659848704
569892361691463682
569986246648442881
570042339575640066
570180703746461696
567744381432516608
567745702231830529
567819606904295424
568069392422051841
568109598034554880
568184886051389440
568380045431058432
568561924985782272
568564006329434113
568844412970770433
569232776454483969
569280157678071808
569373631999926272
569380081254027265
569597742693154816
569607509167595520
569608322925473792
569610893052518400
569618371148443649
569636980612427776
569639529805688832
569663701017624576
569720605383241728
569743129928028160
569850597169598464
569867943888056320
569874098035142656
569884285659848704
569892361691463682
569986246648442881
570042339575640066
570180703746461696
567744381432516608
567745702231830529
567819606904295424
568069392422051841
568109598034554880
568184886051389440
568380045431058432
568561924985782272
568564006329434113
568844412970770433
569232776454483969
569280157678071808
569373631999926272
569380081254027265
569597742693154816
569607509167595520
569608322925473792
569610893052518400
569618371148443649
569636980612427776
569639529805688832
569663701017624576
569720605383241728
569743129928028160
569850597169598464
569867943888056320
569874098035142656
569884285659848704
569892361691463682
569986246648442881
570042339575640066
570180703746461696
567744381432516608
567745702231830529
567819606904295424
568069392422051841
568109598034554880
568184886051389440
568380045431058432
568561924985782272
568564006329434113
568844412970770433
569232776454483969
569280157678071808
569373631999926272
569380081254027265
569597742693154816
569607509167595520
569608322925473792
569610893052518400
569618371148443649
569636980612427776
569639529805688832
569663701017624576
569720605383241728
569743129928028160
569850597169598464
569867943888056320
569874098035142656
569884285659848704
569892361691463682
569986246648442881
570042339575640066
570180703746461696
567744381432516608
567745702231830529
567819606904295424
568069392422051841
568109598034554880
568184886051389440
568380045431058432
568561924985782272
568564006329434113
568844412970770433
569232776454483969
569280157678071808
569373631999926272
569380081254027265
569597742693154816
569607509167595520
569608322925473792
569610893052518400
569618371148443649
569636980612427776
569639529805688832
569663701017624576
569720605383241728
569743129928028160
569850597169598464
569867943888056320
569874098035142656
569884285659848704
569892361691463682
569986246648442881
570042339575640066
570180703746461696
567744381432516608
567745702231830529
567819606904295424
568069392422051841
568109598034554880
568184886051389440
568380045431058432
568561924985782272
568564006329434113
568844412970770433
569232776454483969
569280157678071808
569373631999926272
569380081254027265
569597742693154816
569607509167595520
569608322925473792
569610893052518400
569618371148443649
569636980612427776
569639529805688832
569663701017624576
569720605383241728
569743129928028160
569850597169598464
569867943888056320
569874098035142656
569884285659848704
569892361691463682
569986246648442881
570042339575640066
570180703746461696
