568243352258236416
569620643810926592
569642306640306176
568243352258236416
569620643810926592
569642306640306176
568243352258236416
569620643810926592
569642306640306176
569855773951561728
569920484856475649
570239165675249666
570271205300703232
568243352258236416
569620643810926592
569642306640306176
569855773951561728
569920484856475649
570239165675249666
570271205300703232
568243352258236416
569620643810926592
569642306640306176
569855773951561728
569920484856475649
570239165675249666
570271205300703232
568243352258236416
569620643810926592
569642306640306176
569855773951561728
569920484856475649
570239165675249666
570271205300703232
568243352258236416
569620643810926592
569642306640306176
569855773951561728
569920484856475649
570239165675249666
570271205300703232
568243352258236416
569620643810926592
569642306640306176
569855773951561728
569920484856475649
570239165675249666
570271205300703232
