568592520659267584
569212376421158912
569496068255195137
569668741484515328
569669992624431105
568592520659267584
569212376421158912
569496068255195137
569668741484515328
569669992624431105
568592520659267584
569212376421158912
569496068255195137
569668741484515328
569669992624431105
569935135132426240
569955122819817472
569961398890991617
570063107701272576
568592520659267584
569212376421158912
569496068255195137
569668741484515328
569669992624431105
569935135132426240
569955122819817472
569961398890991617
570063107701272576
568592520659267584
569212376421158912
569496068255195137
569668741484515328
569669992624431105
569935135132426240
569955122819817472
569961398890991617
570063107701272576
568592520659267584
569212376421158912
569496068255195137
569668741484515328
569669992624431105
569935135132426240
569955122819817472
569961398890991617
570063107701272576
568592520659267584
569212376421158912
569496068255195137
569668741484515328
569669992624431105
569935135132426240
569955122819817472
569961398890991617
570063107701272576
568592520659267584
569212376421158912
569496068255195137
569668741484515328
569669992624431105
569935135132426240
569955122819817472
569961398890991617
570063107701272576
