567670985403285504
567679487383699456
567710245053407232
567736505477918722
567743200614289408
567745702231830529
567777743665946624
567778606546694144
567818509650124800
567832821013848064
567842647739654144
567966853068251136
568006084360863745
568039498015223808
568039648964026368
568052354525696000
568159714737049601
568189520992198656
568229143860658176
568373623737556992
568380957012525057
568387549867036672
568524186185961473
568588522069733376
568818512191471616
568824193380425731
568844078730727424
568845421390344192
568929490929377281
569008601009762305
569156425626329089
569161513056935936
569255036796215297
569327664919498752
569547782039728129
569567629083430912
569598544379817984
569602798867881985
569608257607737344
569610485101768704
569622656770646016
569631375487139841
569643344462262274
569644041857421312
569678397158268929
569690010531680256
569713244320837633
569730861593010176
569741783896367104
569772867774230528
567670985403285504
567679487383699456
567710245053407232
567736505477918722
567743200614289408
567745702231830529
567777743665946624
567778606546694144
567818509650124800
567832821013848064
567842647739654144
567966853068251136
568006084360863745
568039498015223808
568039648964026368
568052354525696000
568159714737049601
568189520992198656
568229143860658176
568373623737556992
568380957012525057
568387549867036672
568524186185961473
568588522069733376
568818512191471616
568824193380425731
568844078730727424
568845421390344192
568929490929377281
569008601009762305
569156425626329089
569161513056935936
569255036796215297
569327664919498752
569547782039728129
569567629083430912
569598544379817984
569602798867881985
569608257607737344
569610485101768704
569622656770646016
569631375487139841
569643344462262274
569644041857421312
569678397158268929
569690010531680256
569713244320837633
569730861593010176
569741783896367104
569772867774230528
567670985403285504
567679487383699456
567710245053407232
567736505477918722
567743200614289408
567745702231830529
567777743665946624
567778606546694144
567818509650124800
567832821013848064
567842647739654144
567966853068251136
568006084360863745
568039498015223808
568039648964026368
568052354525696000
568159714737049601
568189520992198656
568229143860658176
568373623737556992
568380957012525057
568387549867036672
568524186185961473
568588522069733376
568818512191471616
568824193380425731
568844078730727424
568845421390344192
568929490929377281
569008601009762305
569156425626329089
569161513056935936
569255036796215297
569327664919498752
569547782039728129
569567629083430912
569598544379817984
569602798867881985
569608257607737344
569610485101768704
569622656770646016
569631375487139841
569643344462262274
569644041857421312
569678397158268929
569690010531680256
569713244320837633
569730861593010176
569741783896367104
569772867774230528
569846302663688192
569870837815205888
569872921700667392
569875456415170560
569881449249316864
569882830328569856
569890859526823936
569912835871879168
569922305423495168
569946477356818432
569964389660540928
569980365386809344
569986978684362753
569987992858836992
570011304221667328
570037336886546432
570063107701272576
570077431484121088
570280436796166144
567670985403285504
567679487383699456
567710245053407232
567736505477918722
567743200614289408
567745702231830529
567777743665946624
567778606546694144
567818509650124800
567832821013848064
567842647739654144
567966853068251136
568006084360863745
568039498015223808
568039648964026368
568052354525696000
568159714737049601
568189520992198656
568229143860658176
568373623737556992
568380957012525057
568387549867036672
568524186185961473
568588522069733376
568818512191471616
568824193380425731
568844078730727424
568845421390344192
568929490929377281
569008601009762305
569156425626329089
569161513056935936
569255036796215297
569327664919498752
569547782039728129
569567629083430912
569598544379817984
569602798867881985
569608257607737344
569610485101768704
569622656770646016
569631375487139841
569643344462262274
569644041857421312
569678397158268929
569690010531680256
569713244320837633
569730861593010176
569741783896367104
569772867774230528
569846302663688192
569870837815205888
569872921700667392
569875456415170560
569881449249316864
569882830328569856
569890859526823936
569912835871879168
569922305423495168
569946477356818432
569964389660540928
569980365386809344
569986978684362753
569987992858836992
570011304221667328
570037336886546432
570063107701272576
570077431484121088
570280436796166144
567670985403285504
567679487383699456
567710245053407232
567736505477918722
567743200614289408
567745702231830529
567777743665946624
567778606546694144
567818509650124800
567832821013848064
567842647739654144
567966853068251136
568006084360863745
568039498015223808
568039648964026368
568052354525696000
568159714737049601
568189520992198656
568229143860658176
568373623737556992
568380957012525057
568387549867036672
568524186185961473
568588522069733376
568818512191471616
568824193380425731
568844078730727424
568845421390344192
568929490929377281
569008601009762305
569156425626329089
569161513056935936
569255036796215297
569327664919498752
569547782039728129
569567629083430912
569598544379817984
569602798867881985
569608257607737344
569610485101768704
569622656770646016
569631375487139841
569643344462262274
569644041857421312
569678397158268929
569690010531680256
569713244320837633
569730861593010176
569741783896367104
569772867774230528
569846302663688192
569870837815205888
569872921700667392
569875456415170560
569881449249316864
569882830328569856
569890859526823936
569912835871879168
569922305423495168
569946477356818432
569964389660540928
569980365386809344
569986978684362753
569987992858836992
570011304221667328
570037336886546432
570063107701272576
570077431484121088
570280436796166144
567670985403285504
567679487383699456
567710245053407232
567736505477918722
567743200614289408
567745702231830529
567777743665946624
567778606546694144
567818509650124800
567832821013848064
567842647739654144
567966853068251136
568006084360863745
568039498015223808
568039648964026368
568052354525696000
568159714737049601
568189520992198656
568229143860658176
568373623737556992
568380957012525057
568387549867036672
568524186185961473
568588522069733376
568818512191471616
568824193380425731
568844078730727424
568845421390344192
568929490929377281
569008601009762305
569156425626329089
569161513056935936
569255036796215297
569327664919498752
569547782039728129
569567629083430912
569598544379817984
569602798867881985
569608257607737344
569610485101768704
569622656770646016
569631375487139841
569643344462262274
569644041857421312
569678397158268929
569690010531680256
569713244320837633
569730861593010176
569741783896367104
569772867774230528
569846302663688192
569870837815205888
569872921700667392
569875456415170560
569881449249316864
569882830328569856
569890859526823936
569912835871879168
569922305423495168
569946477356818432
569964389660540928
569980365386809344
569986978684362753
569987992858836992
570011304221667328
570037336886546432
570063107701272576
570077431484121088
570280436796166144
567670985403285504
567679487383699456
567710245053407232
567736505477918722
567743200614289408
567745702231830529
567777743665946624
567778606546694144
567818509650124800
567832821013848064
567842647739654144
567966853068251136
568006084360863745
568039498015223808
568039648964026368
568052354525696000
568159714737049601
568189520992198656
568229143860658176
568373623737556992
568380957012525057
568387549867036672
568524186185961473
568588522069733376
568818512191471616
568824193380425731
568844078730727424
568845421390344192
568929490929377281
569008601009762305
569156425626329089
569161513056935936
569255036796215297
569327664919498752
569547782039728129
569567629083430912
569598544379817984
569602798867881985
569608257607737344
569610485101768704
569622656770646016
569631375487139841
569643344462262274
569644041857421312
569678397158268929
569690010531680256
569713244320837633
569730861593010176
569741783896367104
569772867774230528
569846302663688192
569870837815205888
569872921700667392
569875456415170560
569881449249316864
569882830328569856
569890859526823936
569912835871879168
569922305423495168
569946477356818432
569964389660540928
569980365386809344
569986978684362753
569987992858836992
570011304221667328
570037336886546432
570063107701272576
570077431484121088
570280436796166144
567670985403285504
567679487383699456
567710245053407232
567736505477918722
567743200614289408
567745702231830529
567777743665946624
567778606546694144
567818509650124800
567832821013848064
567842647739654144
567966853068251136
568006084360863745
568039498015223808
568039648964026368
568052354525696000
568159714737049601
568189520992198656
568229143860658176
568373623737556992
568380957012525057
568387549867036672
568524186185961473
568588522069733376
568818512191471616
568824193380425731
568844078730727424
568845421390344192
568929490929377281
569008601009762305
569156425626329089
569161513056935936
569255036796215297
569327664919498752
569547782039728129
569567629083430912
569598544379817984
569602798867881985
569608257607737344
569610485101768704
569622656770646016
569631375487139841
569643344462262274
569644041857421312
569678397158268929
569690010531680256
569713244320837633
569730861593010176
569741783896367104
569772867774230528
569846302663688192
569870837815205888
569872921700667392
569875456415170560
569881449249316864
569882830328569856
569890859526823936
569912835871879168
569922305423495168
569946477356818432
569964389660540928
569980365386809344
569986978684362753
569987992858836992
570011304221667328
570037336886546432
570063107701272576
570077431484121088
570280436796166144
