567588278875213824
567594579310825473
567726594698264576
567727701620822016
567732510692347904
567733978363621376
567743200614289408
567748973428219904
567754367860633600
567769468278988800
567769787317907456
567770621451702273
567777100112101376
567783456420012032
567812402764374016
567813515353804801
567827498660159489
567838174816395264
567861901603901440
567863082346627072
567869544049414145
567872361304821760
567874892634304512
567890265416945664
567895211575111680
567897563065511936
567905540761870336
567967872263331840
568014567089029120
568036804542275584
568057046303576065
568090417641746432
568100000418250752
568104907384832000
568107822275305472
568115946738597888
568134036239097856
568134171761065984
568135421445545984
568136806224379904
568145575452876800
568149287948967936
568155246616121344
568161313274404864
568162091175182336
568180928746369027
568181761114546176
568192942088843264
568232723170484224
568246093856641024
568250159689113600
568269372151734273
568291966909181952
568403649753448448
568419711521841152
568427853265571840
568431120032915457
568442989258911745
568446993548206081
568456085536935936
568491434397073408
568495808053702656
568496664677363712
568538599903244290
568545534056787968
568558484653883392
568559216912416768
568568593262231552
568587429830983680
568607013212590080
568611700674584576
568673970251116544
568775800599801856
568781359331844096
568784295759777797
568795018816675841
568800805475782656
568834182694240256
568836365309190145
568840215089041409
568845012777111552
568846499431337984
568858361011154944
568862320442662912
568875453773168640
568880036234682370
568887455044259842
568919686978641920
568945122961784833
568949828518084608
568951922734055424
568958697856040961
568961016782036992
568965165783388160
569107706302357504
569156321636847617
569164614921019392
569171003852468224
569186177238110208
569192778468626432
569208488217485312
569213503954915329
569220096490483712
569226460281610241
569230193220554753
569230859896803328
569234264153174017
569249223897526272
569268155383717889
569275430311751682
569283845985427457
569294014026903552
569300431412850688
569327066887401473
569341769114128386
569347934866636800
569350924633812992
569356553977012225
569363263588339712
569365604832047104
569366960871333889
569380416219709440
569485181633089536
569516908195815425
569517484102909952
569523440547291136
569523635171405824
569525116725567491
569540405676654592
569555719885885441
569572095794917376
569585747503611905
569587691626622976
569606374591746050
569613272049012736
569619984802054144
569620433869217792
569621991852019713
569622618195652608
569636447956930561
569641336652967937
569646184005894144
569646886610702337
569650294746820609
569667675603009537
569668637369491458
569669059941261312
569671173136637953
569672510565969920
569678787383857152
569680398185312256
569681774307123200
569685890349404160
569692012456181760
569696862011133952
569698562734321665
569700068476866560
569700499319959553
569703263467126784
569711837656125440
569713071435829249
569715539821654017
569726038932111360
569774078233419776
567588278875213824
567594579310825473
567726594698264576
567727701620822016
567732510692347904
567733978363621376
567743200614289408
567748973428219904
567754367860633600
567769468278988800
567769787317907456
567770621451702273
567777100112101376
567783456420012032
567812402764374016
567813515353804801
567827498660159489
567838174816395264
567861901603901440
567863082346627072
567869544049414145
567872361304821760
567874892634304512
567890265416945664
567895211575111680
567897563065511936
567905540761870336
567967872263331840
568014567089029120
568036804542275584
568057046303576065
568090417641746432
568100000418250752
568104907384832000
568107822275305472
568115946738597888
568134036239097856
568134171761065984
568135421445545984
568136806224379904
568145575452876800
568149287948967936
568155246616121344
568161313274404864
568162091175182336
568180928746369027
568181761114546176
568192942088843264
568232723170484224
568246093856641024
568250159689113600
568269372151734273
568291966909181952
568403649753448448
568419711521841152
568427853265571840
568431120032915457
568442989258911745
568446993548206081
568456085536935936
568491434397073408
568495808053702656
568496664677363712
568538599903244290
568545534056787968
568558484653883392
568559216912416768
568568593262231552
568587429830983680
568607013212590080
568611700674584576
568673970251116544
568775800599801856
568781359331844096
568784295759777797
568795018816675841
568800805475782656
568834182694240256
568836365309190145
568840215089041409
568845012777111552
568846499431337984
568858361011154944
568862320442662912
568875453773168640
568880036234682370
568887455044259842
568919686978641920
568945122961784833
568949828518084608
568951922734055424
568958697856040961
568961016782036992
568965165783388160
569107706302357504
569156321636847617
569164614921019392
569171003852468224
569186177238110208
569192778468626432
569208488217485312
569213503954915329
569220096490483712
569226460281610241
569230193220554753
569230859896803328
569234264153174017
569249223897526272
569268155383717889
569275430311751682
569283845985427457
569294014026903552
569300431412850688
569327066887401473
569341769114128386
569347934866636800
569350924633812992
569356553977012225
569363263588339712
569365604832047104
569366960871333889
569380416219709440
569485181633089536
569516908195815425
569517484102909952
569523440547291136
569523635171405824
569525116725567491
569540405676654592
569555719885885441
569572095794917376
569585747503611905
569587691626622976
569606374591746050
569613272049012736
569619984802054144
569620433869217792
569621991852019713
569622618195652608
569636447956930561
569641336652967937
569646184005894144
569646886610702337
569650294746820609
569667675603009537
569668637369491458
569669059941261312
569671173136637953
569672510565969920
569678787383857152
569680398185312256
569681774307123200
569685890349404160
569692012456181760
569696862011133952
569698562734321665
569700068476866560
569700499319959553
569703263467126784
569711837656125440
569713071435829249
569715539821654017
569726038932111360
569774078233419776
569835641514692608
569838141273559040
567588278875213824
567594579310825473
567726594698264576
567727701620822016
567732510692347904
567733978363621376
567743200614289408
567748973428219904
567754367860633600
567769468278988800
567769787317907456
567770621451702273
567777100112101376
567783456420012032
567812402764374016
567813515353804801
567827498660159489
567838174816395264
567861901603901440
567863082346627072
567869544049414145
567872361304821760
567874892634304512
567890265416945664
567895211575111680
567897563065511936
567905540761870336
567967872263331840
568014567089029120
568036804542275584
568057046303576065
568090417641746432
568100000418250752
568104907384832000
568107822275305472
568115946738597888
568134036239097856
568134171761065984
568135421445545984
568136806224379904
568145575452876800
568149287948967936
568155246616121344
568161313274404864
568162091175182336
568180928746369027
568181761114546176
568192942088843264
568232723170484224
568246093856641024
568250159689113600
568269372151734273
568291966909181952
568403649753448448
568419711521841152
568427853265571840
568431120032915457
568442989258911745
568446993548206081
568456085536935936
568491434397073408
568495808053702656
568496664677363712
568538599903244290
568545534056787968
568558484653883392
568559216912416768
568568593262231552
568587429830983680
568607013212590080
568611700674584576
568673970251116544
568775800599801856
568781359331844096
568784295759777797
568795018816675841
568800805475782656
568834182694240256
568836365309190145
568840215089041409
568845012777111552
568846499431337984
568858361011154944
568862320442662912
568875453773168640
568880036234682370
568887455044259842
568919686978641920
568945122961784833
568949828518084608
568951922734055424
568958697856040961
568961016782036992
568965165783388160
569107706302357504
569156321636847617
569164614921019392
569171003852468224
569186177238110208
569192778468626432
569208488217485312
569213503954915329
569220096490483712
569226460281610241
569230193220554753
569230859896803328
569234264153174017
569249223897526272
569268155383717889
569275430311751682
569283845985427457
569294014026903552
569300431412850688
569327066887401473
569341769114128386
569347934866636800
569350924633812992
569356553977012225
569363263588339712
569365604832047104
569366960871333889
569380416219709440
569485181633089536
569516908195815425
569517484102909952
569523440547291136
569523635171405824
569525116725567491
569540405676654592
569555719885885441
569572095794917376
569585747503611905
569587691626622976
569606374591746050
569613272049012736
569619984802054144
569620433869217792
569621991852019713
569622618195652608
569636447956930561
569641336652967937
569646184005894144
569646886610702337
569650294746820609
569667675603009537
569668637369491458
569669059941261312
569671173136637953
569672510565969920
569678787383857152
569680398185312256
569681774307123200
569685890349404160
569692012456181760
569696862011133952
569698562734321665
569700068476866560
569700499319959553
569703263467126784
569711837656125440
569713071435829249
569715539821654017
569726038932111360
569774078233419776
569835641514692608
569838141273559040
569847671822946304
569863229356310528
569864437739495424
569874679973818369
569889139593646080
569890600474021889
569890651107491840
569897334760448000
569905336380989440
569916061891633153
569928724147077120
569931705022164992
569942226224050176
569944919894327297
569952945028108288
569971648876584960
569973204263034880
569974833418600449
569982327654383616
569997215453855744
570001825358860289
570003828658950145
570021225323298816
570047946932101120
570050402294636544
570076113453518848
570085628576202752
570086014980648960
570087510941962241
570087950156898305
570130746356211713
570132410588917760
570177745759678466
570179236633432065
570195784358100993
570205399619661824
570217760430493698
570220968435716097
570226365410230272
570233869212856320
570239165675249666
570241050079420417
570250566573674496
570259540697948162
570264179216510976
570265542025719808
570267929322921985
570276196405125120
570277054635057153
570280737951375360
570285610176532480
570299331707854848
570299642887442433
570303399276761088
570304633048047616
570306529947193344
