567789749013086208
568599227342852096
568600552814174208
568601459983400960
568602597197623298
568602933035601921
568795462125428736
569590965880532993
569640446999203842
567789749013086208
568599227342852096
568600552814174208
568601459983400960
568602597197623298
568602933035601921
568795462125428736
569590965880532993
569640446999203842
569831393682976768
567789749013086208
568599227342852096
568600552814174208
568601459983400960
568602597197623298
568602933035601921
568795462125428736
569590965880532993
569640446999203842
569831393682976768
