567743028215836672
567802662026014720
567872810770657280
567878078782898176
568036279989858304
568087881387884544
568198336651649027
568284092707401728
568361830160175104
568432390957355008
568486399663575040
568489700232695808
568495601471647745
568505615208693761
568798045799784448
568856987632603136
568932129872039936
569102054922129409
569192081618370560
569248400836726786
569537388986421249
569581126215438336
569614500044918784
569625739231948800
569629692661268480
569766247715319808
567743028215836672
567802662026014720
567872810770657280
567878078782898176
568036279989858304
568087881387884544
568198336651649027
568284092707401728
568361830160175104
568432390957355008
568486399663575040
568489700232695808
568495601471647745
568505615208693761
568798045799784448
568856987632603136
568932129872039936
569102054922129409
569192081618370560
569248400836726786
569537388986421249
569581126215438336
569614500044918784
569625739231948800
569629692661268480
569766247715319808
569841575737499648
567743028215836672
567802662026014720
567872810770657280
567878078782898176
568036279989858304
568087881387884544
568198336651649027
568284092707401728
568361830160175104
568432390957355008
568486399663575040
568489700232695808
568495601471647745
568505615208693761
568798045799784448
568856987632603136
568932129872039936
569102054922129409
569192081618370560
569248400836726786
569537388986421249
569581126215438336
569614500044918784
569625739231948800
569629692661268480
569766247715319808
569841575737499648
569906807696551936
569922730008518656
569938880495026176
569950348908982273
569951253666656257
569951879825907713
569952317556043776
569961070519050240
569967493487292416
569970659297792000
569995513623408641
570010882069151744
570012257549070337
570268326250745856
570279036582109184
570302023993831425
567743028215836672
567802662026014720
567872810770657280
567878078782898176
568036279989858304
568087881387884544
568198336651649027
568284092707401728
568361830160175104
568432390957355008
568486399663575040
568489700232695808
568495601471647745
568505615208693761
568798045799784448
568856987632603136
568932129872039936
569102054922129409
569192081618370560
569248400836726786
569537388986421249
569581126215438336
569614500044918784
569625739231948800
569629692661268480
569766247715319808
569841575737499648
569906807696551936
569922730008518656
569938880495026176
569950348908982273
569951253666656257
569951879825907713
569952317556043776
569961070519050240
569967493487292416
569970659297792000
569995513623408641
570010882069151744
570012257549070337
570268326250745856
570279036582109184
570302023993831425
567743028215836672
567802662026014720
567872810770657280
567878078782898176
568036279989858304
568087881387884544
568198336651649027
568284092707401728
568361830160175104
568432390957355008
568486399663575040
568489700232695808
568495601471647745
568505615208693761
568798045799784448
568856987632603136
568932129872039936
569102054922129409
569192081618370560
569248400836726786
569537388986421249
569581126215438336
569614500044918784
569625739231948800
569629692661268480
569766247715319808
569841575737499648
569906807696551936
569922730008518656
569938880495026176
569950348908982273
569951253666656257
569951879825907713
569952317556043776
569961070519050240
569967493487292416
569970659297792000
569995513623408641
570010882069151744
570012257549070337
570268326250745856
570279036582109184
570302023993831425
567743028215836672
567802662026014720
567872810770657280
567878078782898176
568036279989858304
568087881387884544
568198336651649027
568284092707401728
568361830160175104
568432390957355008
568486399663575040
568489700232695808
568495601471647745
568505615208693761
568798045799784448
568856987632603136
568932129872039936
569102054922129409
569192081618370560
569248400836726786
569537388986421249
569581126215438336
569614500044918784
569625739231948800
569629692661268480
569766247715319808
569841575737499648
569906807696551936
569922730008518656
569938880495026176
569950348908982273
569951253666656257
569951879825907713
569952317556043776
569961070519050240
569967493487292416
569970659297792000
569995513623408641
570010882069151744
570012257549070337
570268326250745856
570279036582109184
570302023993831425
567743028215836672
567802662026014720
567872810770657280
567878078782898176
568036279989858304
568087881387884544
568198336651649027
568284092707401728
568361830160175104
568432390957355008
568486399663575040
568489700232695808
568495601471647745
568505615208693761
568798045799784448
568856987632603136
568932129872039936
569102054922129409
569192081618370560
569248400836726786
569537388986421249
569581126215438336
569614500044918784
569625739231948800
569629692661268480
569766247715319808
569841575737499648
569906807696551936
569922730008518656
569938880495026176
569950348908982273
569951253666656257
569951879825907713
569952317556043776
569961070519050240
569967493487292416
569970659297792000
569995513623408641
570010882069151744
570012257549070337
570268326250745856
570279036582109184
570302023993831425
567743028215836672
567802662026014720
567872810770657280
567878078782898176
568036279989858304
568087881387884544
568198336651649027
568284092707401728
568361830160175104
568432390957355008
568486399663575040
568489700232695808
568495601471647745
568505615208693761
568798045799784448
568856987632603136
568932129872039936
569102054922129409
569192081618370560
569248400836726786
569537388986421249
569581126215438336
569614500044918784
569625739231948800
569629692661268480
569766247715319808
569841575737499648
569906807696551936
569922730008518656
569938880495026176
569950348908982273
569951253666656257
569951879825907713
569952317556043776
569961070519050240
569967493487292416
569970659297792000
569995513623408641
570010882069151744
570012257549070337
570268326250745856
570279036582109184
570302023993831425
