567737803060940800
567761267826651139
567761476338073600
567767439493300224
567805039583199235
567828700726620160
567850015600685056
567864523585118208
567878205157281793
567885401714589696
567886091975462912
567886093749604353
567915852260978688
567982055503622144
568029718173356033
568036157482602497
568051218477654016
568053242426470401
568054377421901824
568139253194067968
568166478572204032
568167414493532161
568244170848137217
568258075431477248
568260044896243712
568269372151734273
568282692845842432
568448265441554432
568448282239713280
568471991889612800
568511969335984128
568514819369754624
568534166742003712
568552050797068290
568670498646700032
568693355183538177
568769786890424320
568791243800473600
568808975828955136
568818328132841472
568826425538519041
568862241497305088
568883988338581504
568884675021635584
568915741551886336
568929010966765568
568984098909237248
569002746117902336
569124893477842944
569144026084962305
569167658698067970
569183712606179329
569188447157661696
569190357344358400
569191875271372801
569201464658173952
569211553930743809
569328128310403073
569358956549681152
569533394025099265
569552552297041920
569555411998613505
569565598772043776
569571643044929536
569575780864241664
569592148338876416
569598314825555968
569618371148443649
569618868441722882
569621332863754240
569623164105433088
569624406437306370
569626388610859008
569626683139104768
569627744021184513
569628242044428288
569634828641034240
569635479383085056
569638470538301442
569652564544761856
569658153115250689
569677776384598017
569696521425281024
569698145703043072
569706793531629570
569715361660207105
569715802703859712
569734641193586688
567737803060940800
567761267826651139
567761476338073600
567767439493300224
567805039583199235
567828700726620160
567850015600685056
567864523585118208
567878205157281793
567885401714589696
567886091975462912
567886093749604353
567915852260978688
567982055503622144
568029718173356033
568036157482602497
568051218477654016
568053242426470401
568054377421901824
568139253194067968
568166478572204032
568167414493532161
568244170848137217
568258075431477248
568260044896243712
568269372151734273
568282692845842432
568448265441554432
568448282239713280
568471991889612800
568511969335984128
568514819369754624
568534166742003712
568552050797068290
568670498646700032
568693355183538177
568769786890424320
568791243800473600
568808975828955136
568818328132841472
568826425538519041
568862241497305088
568883988338581504
568884675021635584
568915741551886336
568929010966765568
568984098909237248
569002746117902336
569124893477842944
569144026084962305
569167658698067970
569183712606179329
569188447157661696
569190357344358400
569191875271372801
569201464658173952
569211553930743809
569328128310403073
569358956549681152
569533394025099265
569552552297041920
569555411998613505
569565598772043776
569571643044929536
569575780864241664
569592148338876416
569598314825555968
569618371148443649
569618868441722882
569621332863754240
569623164105433088
569624406437306370
569626388610859008
569626683139104768
569627744021184513
569628242044428288
569634828641034240
569635479383085056
569638470538301442
569652564544761856
569658153115250689
569677776384598017
569696521425281024
569698145703043072
569706793531629570
569715361660207105
569715802703859712
569734641193586688
569838260077228032
567737803060940800
567761267826651139
567761476338073600
567767439493300224
567805039583199235
567828700726620160
567850015600685056
567864523585118208
567878205157281793
567885401714589696
567886091975462912
567886093749604353
567915852260978688
567982055503622144
568029718173356033
568036157482602497
568051218477654016
568053242426470401
568054377421901824
568139253194067968
568166478572204032
568167414493532161
568244170848137217
568258075431477248
568260044896243712
568269372151734273
568282692845842432
568448265441554432
568448282239713280
568471991889612800
568511969335984128
568514819369754624
568534166742003712
568552050797068290
568670498646700032
568693355183538177
568769786890424320
568791243800473600
568808975828955136
568818328132841472
568826425538519041
568862241497305088
568883988338581504
568884675021635584
568915741551886336
568929010966765568
568984098909237248
569002746117902336
569124893477842944
569144026084962305
569167658698067970
569183712606179329
569188447157661696
569190357344358400
569191875271372801
569201464658173952
569211553930743809
569328128310403073
569358956549681152
569533394025099265
569552552297041920
569555411998613505
569565598772043776
569571643044929536
569575780864241664
569592148338876416
569598314825555968
569618371148443649
569618868441722882
569621332863754240
569623164105433088
569624406437306370
569626388610859008
569626683139104768
569627744021184513
569628242044428288
569634828641034240
569635479383085056
569638470538301442
569652564544761856
569658153115250689
569677776384598017
569696521425281024
569698145703043072
569706793531629570
569715361660207105
569715802703859712
569734641193586688
569838260077228032
569850597169598464
569854370726064132
569856109613166593
569866091998126080
569866847690100736
569868201720287232
569906117100351493
569914076496850945
569929677214609408
569934782643224576
569943434536091649
569953683309514754
569968904409214976
569969599711571968
569972039844438016
569973945270546432
569998289447354371
570012549631975424
570023232851419136
570036327825195008
570052545298759680
570053417311342593
570070364723814402
570135205123530752
570138307767578625
570139364178530304
570180703746461696
570193599977148416
570197883716300800
570210411926016001
570254368538173440
570270728051765248
570276377401827329
570276434763128833
570282347267895296
570286100637466624
570292976603295744
570296537433186305
570304445734629376
570306867135696897
570306867878072320
