567728285174743041
567759874403344384
567765664459669504
567788514952368129
568200385849995264
568223950926446593
568228746697814016
568251315220041728
568506804096917504
568507131902726144
568605113457242112
568611482780508161
568772824523001856
568775146703589376
568777943104802817
568806899275018241
568826365878730753
568874741249007616
568899893206450176
568908474601639936
568955169183903745
568995644276383744
568996575617409026
569075352888176640
569108474233270273
569124496990466051
569188782492266496
569189803746574337
569207022597509120
569257540023951360
569276415927037952
569314329276715010
569316342769291264
569335998083174400
569338605057015808
569352847898386432
569416236171456513
569490072975876097
569493923451834369
569511892215062528
569525875860905984
569541336224927744
569566232803803136
569639288649883648
569642419307864064
569646538814824449
569647347547955200
569651579307069440
569671413671591937
569683748901367808
569771576528220161
567728285174743041
567759874403344384
567765664459669504
567788514952368129
568200385849995264
568223950926446593
568228746697814016
568251315220041728
568506804096917504
568507131902726144
568605113457242112
568611482780508161
568772824523001856
568775146703589376
568777943104802817
568806899275018241
568826365878730753
568874741249007616
568899893206450176
568908474601639936
568955169183903745
568995644276383744
568996575617409026
569075352888176640
569108474233270273
569124496990466051
569188782492266496
569189803746574337
569207022597509120
569257540023951360
569276415927037952
569314329276715010
569316342769291264
569335998083174400
569338605057015808
569352847898386432
569416236171456513
569490072975876097
569493923451834369
569511892215062528
569525875860905984
569541336224927744
569566232803803136
569639288649883648
569642419307864064
569646538814824449
569647347547955200
569651579307069440
569671413671591937
569683748901367808
569771576528220161
567728285174743041
567759874403344384
567765664459669504
567788514952368129
568200385849995264
568223950926446593
568228746697814016
568251315220041728
568506804096917504
568507131902726144
568605113457242112
568611482780508161
568772824523001856
568775146703589376
568777943104802817
568806899275018241
568826365878730753
568874741249007616
568899893206450176
568908474601639936
568955169183903745
568995644276383744
568996575617409026
569075352888176640
569108474233270273
569124496990466051
569188782492266496
569189803746574337
569207022597509120
569257540023951360
569276415927037952
569314329276715010
569316342769291264
569335998083174400
569338605057015808
569352847898386432
569416236171456513
569490072975876097
569493923451834369
569511892215062528
569525875860905984
569541336224927744
569566232803803136
569639288649883648
569642419307864064
569646538814824449
569647347547955200
569651579307069440
569671413671591937
569683748901367808
569771576528220161
569867947130421249
569882324713783296
569893064342437888
569914468404035584
569996479416438784
570000618707746816
570085625061384192
570087510941962241
570156001485312000
570172549910409217
567728285174743041
567759874403344384
567765664459669504
567788514952368129
568200385849995264
568223950926446593
568228746697814016
568251315220041728
568506804096917504
568507131902726144
568605113457242112
568611482780508161
568772824523001856
568775146703589376
568777943104802817
568806899275018241
568826365878730753
568874741249007616
568899893206450176
568908474601639936
568955169183903745
568995644276383744
568996575617409026
569075352888176640
569108474233270273
569124496990466051
569188782492266496
569189803746574337
569207022597509120
569257540023951360
569276415927037952
569314329276715010
569316342769291264
569335998083174400
569338605057015808
569352847898386432
569416236171456513
569490072975876097
569493923451834369
569511892215062528
569525875860905984
569541336224927744
569566232803803136
569639288649883648
569642419307864064
569646538814824449
569647347547955200
569651579307069440
569671413671591937
569683748901367808
569771576528220161
569867947130421249
569882324713783296
569893064342437888
569914468404035584
569996479416438784
570000618707746816
570085625061384192
570087510941962241
570156001485312000
570172549910409217
567728285174743041
567759874403344384
567765664459669504
567788514952368129
568200385849995264
568223950926446593
568228746697814016
568251315220041728
568506804096917504
568507131902726144
568605113457242112
568611482780508161
568772824523001856
568775146703589376
568777943104802817
568806899275018241
568826365878730753
568874741249007616
568899893206450176
568908474601639936
568955169183903745
568995644276383744
568996575617409026
569075352888176640
569108474233270273
569124496990466051
569188782492266496
569189803746574337
569207022597509120
569257540023951360
569276415927037952
569314329276715010
569316342769291264
569335998083174400
569338605057015808
569352847898386432
569416236171456513
569490072975876097
569493923451834369
569511892215062528
569525875860905984
569541336224927744
569566232803803136
569639288649883648
569642419307864064
569646538814824449
569647347547955200
569651579307069440
569671413671591937
569683748901367808
569771576528220161
569867947130421249
569882324713783296
569893064342437888
569914468404035584
569996479416438784
570000618707746816
570085625061384192
570087510941962241
570156001485312000
570172549910409217
567728285174743041
567759874403344384
567765664459669504
567788514952368129
568200385849995264
568223950926446593
568228746697814016
568251315220041728
568506804096917504
568507131902726144
568605113457242112
568611482780508161
568772824523001856
568775146703589376
568777943104802817
568806899275018241
568826365878730753
568874741249007616
568899893206450176
568908474601639936
568955169183903745
568995644276383744
568996575617409026
569075352888176640
569108474233270273
569124496990466051
569188782492266496
569189803746574337
569207022597509120
569257540023951360
569276415927037952
569314329276715010
569316342769291264
569335998083174400
569338605057015808
569352847898386432
569416236171456513
569490072975876097
569493923451834369
569511892215062528
569525875860905984
569541336224927744
569566232803803136
569639288649883648
569642419307864064
569646538814824449
569647347547955200
569651579307069440
569671413671591937
569683748901367808
569771576528220161
569867947130421249
569882324713783296
569893064342437888
569914468404035584
569996479416438784
570000618707746816
570085625061384192
570087510941962241
570156001485312000
570172549910409217
567728285174743041
567759874403344384
567765664459669504
567788514952368129
568200385849995264
568223950926446593
568228746697814016
568251315220041728
568506804096917504
568507131902726144
568605113457242112
568611482780508161
568772824523001856
568775146703589376
568777943104802817
568806899275018241
568826365878730753
568874741249007616
568899893206450176
568908474601639936
568955169183903745
568995644276383744
568996575617409026
569075352888176640
569108474233270273
569124496990466051
569188782492266496
569189803746574337
569207022597509120
569257540023951360
569276415927037952
569314329276715010
569316342769291264
569335998083174400
569338605057015808
569352847898386432
569416236171456513
569490072975876097
569493923451834369
569511892215062528
569525875860905984
569541336224927744
569566232803803136
569639288649883648
569642419307864064
569646538814824449
569647347547955200
569651579307069440
569671413671591937
569683748901367808
569771576528220161
569867947130421249
569882324713783296
569893064342437888
569914468404035584
569996479416438784
570000618707746816
570085625061384192
570087510941962241
570156001485312000
570172549910409217
567728285174743041
567759874403344384
567765664459669504
567788514952368129
568200385849995264
568223950926446593
568228746697814016
568251315220041728
568506804096917504
568507131902726144
568605113457242112
568611482780508161
568772824523001856
568775146703589376
568777943104802817
568806899275018241
568826365878730753
568874741249007616
568899893206450176
568908474601639936
568955169183903745
568995644276383744
568996575617409026
569075352888176640
569108474233270273
569124496990466051
569188782492266496
569189803746574337
569207022597509120
569257540023951360
569276415927037952
569314329276715010
569316342769291264
569335998083174400
569338605057015808
569352847898386432
569416236171456513
569490072975876097
569493923451834369
569511892215062528
569525875860905984
569541336224927744
569566232803803136
569639288649883648
569642419307864064
569646538814824449
569647347547955200
569651579307069440
569671413671591937
569683748901367808
569771576528220161
569867947130421249
569882324713783296
569893064342437888
569914468404035584
569996479416438784
570000618707746816
570085625061384192
570087510941962241
570156001485312000
570172549910409217
