567704339448209409
567728017196457987
567752680514330624
567757897841385473
567758882484793344
567760115579621376
567777150145949697
567801079388471296
567824229296566272
567831392526036992
567836660899057664
567837709093347328
567880900358311936
567881305754595328
567892179953262592
567895664769785856
567899010045988865
567917894144770049
567918283866898432
567950122245623808
568051218477654016
568070386627305472
568080542345895937
568105570215055360
568122064919527424
568163524314144768
568216411404808192
568238725626355712
568241382776635392
568254094739148800
568287936820572160
568351842217947136
568352134422511616
568352500748849153
568352692466278400
568356641877446656
568371161484161025
568373623737556992
568374422136070144
568416305101070336
568463569458741248
568488247514554369
568498076962451456
568498114300153856
568546414604750848
568552263641210881
568553101587832832
568569324245532672
568585421518544897
568592520659267584
568637273945866240
568645379031347200
568650933049147392
568757775205056512
568788152955092992
568816016622354432
568823817679847425
568832931382366209
568834249303785472
568877353478299648
568894073345437697
568913623327703040
568945176401457153
568976030947418112
569008601009762305
569206925046493184
569224171303145473
569243519652470784
569248250424918021
569252801802592256
569275249725870080
569291509305970688
569301330306699264
569308224551309313
569336252597731329
569359793800024064
569477571726974976
569487167191425024
569490072975876097
569504366006132736
569532924036407297
569558791433416704
569561754163769344
569570444027822081
569579474762608640
569585968610615296
569597885446270976
569614009369907200
569617807916322817
569623852403306496
569634318349246464
569638419384528897
569642989515112448
569643287918845952
569648492190179328
569651021175267332
569661926067736576
569669547210309632
569677776384598017
569681746037383168
569684433218875392
569686624721707009
569691389958553600
569700252321755137
569701192449654784
569708139517480960
569709058636320768
569710853160710144
569720452987252736
569729732952109056
569754550187352064
569791792029151232
567704339448209409
567728017196457987
567752680514330624
567757897841385473
567758882484793344
567760115579621376
567777150145949697
567801079388471296
567824229296566272
567831392526036992
567836660899057664
567837709093347328
567880900358311936
567881305754595328
567892179953262592
567895664769785856
567899010045988865
567917894144770049
567918283866898432
567950122245623808
568051218477654016
568070386627305472
568080542345895937
568105570215055360
568122064919527424
568163524314144768
568216411404808192
568238725626355712
568241382776635392
568254094739148800
568287936820572160
568351842217947136
568352134422511616
568352500748849153
568352692466278400
568356641877446656
568371161484161025
568373623737556992
568374422136070144
568416305101070336
568463569458741248
568488247514554369
568498076962451456
568498114300153856
568546414604750848
568552263641210881
568553101587832832
568569324245532672
568585421518544897
568592520659267584
568637273945866240
568645379031347200
568650933049147392
568757775205056512
568788152955092992
568816016622354432
568823817679847425
568832931382366209
568834249303785472
568877353478299648
568894073345437697
568913623327703040
568945176401457153
568976030947418112
569008601009762305
569206925046493184
569224171303145473
569243519652470784
569248250424918021
569252801802592256
569275249725870080
569291509305970688
569301330306699264
569308224551309313
569336252597731329
569359793800024064
569477571726974976
569487167191425024
569490072975876097
569504366006132736
569532924036407297
569558791433416704
569561754163769344
569570444027822081
569579474762608640
569585968610615296
569597885446270976
569614009369907200
569617807916322817
569623852403306496
569634318349246464
569638419384528897
569642989515112448
569643287918845952
569648492190179328
569651021175267332
569661926067736576
569669547210309632
569677776384598017
569681746037383168
569684433218875392
569686624721707009
569691389958553600
569700252321755137
569701192449654784
569708139517480960
569709058636320768
569710853160710144
569720452987252736
569729732952109056
569754550187352064
569791792029151232
567704339448209409
567728017196457987
567752680514330624
567757897841385473
567758882484793344
567760115579621376
567777150145949697
567801079388471296
567824229296566272
567831392526036992
567836660899057664
567837709093347328
567880900358311936
567881305754595328
567892179953262592
567895664769785856
567899010045988865
567917894144770049
567918283866898432
567950122245623808
568051218477654016
568070386627305472
568080542345895937
568105570215055360
568122064919527424
568163524314144768
568216411404808192
568238725626355712
568241382776635392
568254094739148800
568287936820572160
568351842217947136
568352134422511616
568352500748849153
568352692466278400
568356641877446656
568371161484161025
568373623737556992
568374422136070144
568416305101070336
568463569458741248
568488247514554369
568498076962451456
568498114300153856
568546414604750848
568552263641210881
568553101587832832
568569324245532672
568585421518544897
568592520659267584
568637273945866240
568645379031347200
568650933049147392
568757775205056512
568788152955092992
568816016622354432
568823817679847425
568832931382366209
568834249303785472
568877353478299648
568894073345437697
568913623327703040
568945176401457153
568976030947418112
569008601009762305
569206925046493184
569224171303145473
569243519652470784
569248250424918021
569252801802592256
569275249725870080
569291509305970688
569301330306699264
569308224551309313
569336252597731329
569359793800024064
569477571726974976
569487167191425024
569490072975876097
569504366006132736
569532924036407297
569558791433416704
569561754163769344
569570444027822081
569579474762608640
569585968610615296
569597885446270976
569614009369907200
569617807916322817
569623852403306496
569634318349246464
569638419384528897
569642989515112448
569643287918845952
569648492190179328
569651021175267332
569661926067736576
569669547210309632
569677776384598017
569681746037383168
569684433218875392
569686624721707009
569691389958553600
569700252321755137
569701192449654784
569708139517480960
569709058636320768
569710853160710144
569720452987252736
569729732952109056
569754550187352064
569791792029151232
569851178982338563
569852965315584000
569862271968669697
569878631322755072
569886612538023936
569894963665707010
569896616322334720
569908722778157056
569914848991010816
569916586682945536
569921267601580032
569925291331735552
569934048346251264
569942084393824256
569943857418399746
569958485913243648
569958935907733504
569965247093731328
569966496698343424
569968010431066112
569977223198822400
569983373378252800
569983750798516225
569984339800416256
569986129820196864
569992620744708096
570000158454353920
570005000643956736
570006830405046272
570022626724220928
570028289399525376
570049623697461248
570060272049778688
570060752926728192
570065109961322496
570077234570010624
570078355770339328
570083397873373184
570085165378068480
570106573395087362
570122982863060992
570129843594997760
570167726972538880
570184535507210241
570197868813918208
570197883716300800
570204309041893376
570204972589002752
570212129313316864
570259691579809792
570260118043914240
570270776370311168
570272997052805120
570276245960835073
570286290203070465
570287589216751616
570294205999939584
570295795985080320
570296212336865283
570306133677760513
570307390752608257
567704339448209409
567728017196457987
567752680514330624
567757897841385473
567758882484793344
567760115579621376
567777150145949697
567801079388471296
567824229296566272
567831392526036992
567836660899057664
567837709093347328
567880900358311936
567881305754595328
567892179953262592
567895664769785856
567899010045988865
567917894144770049
567918283866898432
567950122245623808
568051218477654016
568070386627305472
568080542345895937
568105570215055360
568122064919527424
568163524314144768
568216411404808192
568238725626355712
568241382776635392
568254094739148800
568287936820572160
568351842217947136
568352134422511616
568352500748849153
568352692466278400
568356641877446656
568371161484161025
568373623737556992
568374422136070144
568416305101070336
568463569458741248
568488247514554369
568498076962451456
568498114300153856
568546414604750848
568552263641210881
568553101587832832
568569324245532672
568585421518544897
568592520659267584
568637273945866240
568645379031347200
568650933049147392
568757775205056512
568788152955092992
568816016622354432
568823817679847425
568832931382366209
568834249303785472
568877353478299648
568894073345437697
568913623327703040
568945176401457153
568976030947418112
569008601009762305
569206925046493184
569224171303145473
569243519652470784
569248250424918021
569252801802592256
569275249725870080
569291509305970688
569301330306699264
569308224551309313
569336252597731329
569359793800024064
569477571726974976
569487167191425024
569490072975876097
569504366006132736
569532924036407297
569558791433416704
569561754163769344
569570444027822081
569579474762608640
569585968610615296
569597885446270976
569614009369907200
569617807916322817
569623852403306496
569634318349246464
569638419384528897
569642989515112448
569643287918845952
569648492190179328
569651021175267332
569661926067736576
569669547210309632
569677776384598017
569681746037383168
569684433218875392
569686624721707009
569691389958553600
569700252321755137
569701192449654784
569708139517480960
569709058636320768
569710853160710144
569720452987252736
569729732952109056
569754550187352064
569791792029151232
569851178982338563
569852965315584000
569862271968669697
569878631322755072
569886612538023936
569894963665707010
569896616322334720
569908722778157056
569914848991010816
569916586682945536
569921267601580032
569925291331735552
569934048346251264
569942084393824256
569943857418399746
569958485913243648
569958935907733504
569965247093731328
569966496698343424
569968010431066112
569977223198822400
569983373378252800
569983750798516225
569984339800416256
569986129820196864
569992620744708096
570000158454353920
570005000643956736
570006830405046272
570022626724220928
570028289399525376
570049623697461248
570060272049778688
570060752926728192
570065109961322496
570077234570010624
570078355770339328
570083397873373184
570085165378068480
570106573395087362
570122982863060992
570129843594997760
570167726972538880
570184535507210241
570197868813918208
570197883716300800
570204309041893376
570204972589002752
570212129313316864
570259691579809792
570260118043914240
570270776370311168
570272997052805120
570276245960835073
570286290203070465
570287589216751616
570294205999939584
570295795985080320
570296212336865283
570306133677760513
570307390752608257
567704339448209409
567728017196457987
567752680514330624
567757897841385473
567758882484793344
567760115579621376
567777150145949697
567801079388471296
567824229296566272
567831392526036992
567836660899057664
567837709093347328
567880900358311936
567881305754595328
567892179953262592
567895664769785856
567899010045988865
567917894144770049
567918283866898432
567950122245623808
568051218477654016
568070386627305472
568080542345895937
568105570215055360
568122064919527424
568163524314144768
568216411404808192
568238725626355712
568241382776635392
568254094739148800
568287936820572160
568351842217947136
568352134422511616
568352500748849153
568352692466278400
568356641877446656
568371161484161025
568373623737556992
568374422136070144
568416305101070336
568463569458741248
568488247514554369
568498076962451456
568498114300153856
568546414604750848
568552263641210881
568553101587832832
568569324245532672
568585421518544897
568592520659267584
568637273945866240
568645379031347200
568650933049147392
568757775205056512
568788152955092992
568816016622354432
568823817679847425
568832931382366209
568834249303785472
568877353478299648
568894073345437697
568913623327703040
568945176401457153
568976030947418112
569008601009762305
569206925046493184
569224171303145473
569243519652470784
569248250424918021
569252801802592256
569275249725870080
569291509305970688
569301330306699264
569308224551309313
569336252597731329
569359793800024064
569477571726974976
569487167191425024
569490072975876097
569504366006132736
569532924036407297
569558791433416704
569561754163769344
569570444027822081
569579474762608640
569585968610615296
569597885446270976
569614009369907200
569617807916322817
569623852403306496
569634318349246464
569638419384528897
569642989515112448
569643287918845952
569648492190179328
569651021175267332
569661926067736576
569669547210309632
569677776384598017
569681746037383168
569684433218875392
569686624721707009
569691389958553600
569700252321755137
569701192449654784
569708139517480960
569709058636320768
569710853160710144
569720452987252736
569729732952109056
569754550187352064
569791792029151232
569851178982338563
569852965315584000
569862271968669697
569878631322755072
569886612538023936
569894963665707010
569896616322334720
569908722778157056
569914848991010816
569916586682945536
569921267601580032
569925291331735552
569934048346251264
569942084393824256
569943857418399746
569958485913243648
569958935907733504
569965247093731328
569966496698343424
569968010431066112
569977223198822400
569983373378252800
569983750798516225
569984339800416256
569986129820196864
569992620744708096
570000158454353920
570005000643956736
570006830405046272
570022626724220928
570028289399525376
570049623697461248
570060272049778688
570060752926728192
570065109961322496
570077234570010624
570078355770339328
570083397873373184
570085165378068480
570106573395087362
570122982863060992
570129843594997760
570167726972538880
570184535507210241
570197868813918208
570197883716300800
570204309041893376
570204972589002752
570212129313316864
570259691579809792
570260118043914240
570270776370311168
570272997052805120
570276245960835073
570286290203070465
570287589216751616
570294205999939584
570295795985080320
570296212336865283
570306133677760513
570307390752608257
567704339448209409
567728017196457987
567752680514330624
567757897841385473
567758882484793344
567760115579621376
567777150145949697
567801079388471296
567824229296566272
567831392526036992
567836660899057664
567837709093347328
567880900358311936
567881305754595328
567892179953262592
567895664769785856
567899010045988865
567917894144770049
567918283866898432
567950122245623808
568051218477654016
568070386627305472
568080542345895937
568105570215055360
568122064919527424
568163524314144768
568216411404808192
568238725626355712
568241382776635392
568254094739148800
568287936820572160
568351842217947136
568352134422511616
568352500748849153
568352692466278400
568356641877446656
568371161484161025
568373623737556992
568374422136070144
568416305101070336
568463569458741248
568488247514554369
568498076962451456
568498114300153856
568546414604750848
568552263641210881
568553101587832832
568569324245532672
568585421518544897
568592520659267584
568637273945866240
568645379031347200
568650933049147392
568757775205056512
568788152955092992
568816016622354432
568823817679847425
568832931382366209
568834249303785472
568877353478299648
568894073345437697
568913623327703040
568945176401457153
568976030947418112
569008601009762305
569206925046493184
569224171303145473
569243519652470784
569248250424918021
569252801802592256
569275249725870080
569291509305970688
569301330306699264
569308224551309313
569336252597731329
569359793800024064
569477571726974976
569487167191425024
569490072975876097
569504366006132736
569532924036407297
569558791433416704
569561754163769344
569570444027822081
569579474762608640
569585968610615296
569597885446270976
569614009369907200
569617807916322817
569623852403306496
569634318349246464
569638419384528897
569642989515112448
569643287918845952
569648492190179328
569651021175267332
569661926067736576
569669547210309632
569677776384598017
569681746037383168
569684433218875392
569686624721707009
569691389958553600
569700252321755137
569701192449654784
569708139517480960
569709058636320768
569710853160710144
569720452987252736
569729732952109056
569754550187352064
569791792029151232
569851178982338563
569852965315584000
569862271968669697
569878631322755072
569886612538023936
569894963665707010
569896616322334720
569908722778157056
569914848991010816
569916586682945536
569921267601580032
569925291331735552
569934048346251264
569942084393824256
569943857418399746
569958485913243648
569958935907733504
569965247093731328
569966496698343424
569968010431066112
569977223198822400
569983373378252800
569983750798516225
569984339800416256
569986129820196864
569992620744708096
570000158454353920
570005000643956736
570006830405046272
570022626724220928
570028289399525376
570049623697461248
570060272049778688
570060752926728192
570065109961322496
570077234570010624
570078355770339328
570083397873373184
570085165378068480
570106573395087362
570122982863060992
570129843594997760
570167726972538880
570184535507210241
570197868813918208
570197883716300800
570204309041893376
570204972589002752
570212129313316864
570259691579809792
570260118043914240
570270776370311168
570272997052805120
570276245960835073
570286290203070465
570287589216751616
570294205999939584
570295795985080320
570296212336865283
570306133677760513
570307390752608257
567704339448209409
567728017196457987
567752680514330624
567757897841385473
567758882484793344
567760115579621376
567777150145949697
567801079388471296
567824229296566272
567831392526036992
567836660899057664
567837709093347328
567880900358311936
567881305754595328
567892179953262592
567895664769785856
567899010045988865
567917894144770049
567918283866898432
567950122245623808
568051218477654016
568070386627305472
568080542345895937
568105570215055360
568122064919527424
568163524314144768
568216411404808192
568238725626355712
568241382776635392
568254094739148800
568287936820572160
568351842217947136
568352134422511616
568352500748849153
568352692466278400
568356641877446656
568371161484161025
568373623737556992
568374422136070144
568416305101070336
568463569458741248
568488247514554369
568498076962451456
568498114300153856
568546414604750848
568552263641210881
568553101587832832
568569324245532672
568585421518544897
568592520659267584
568637273945866240
568645379031347200
568650933049147392
568757775205056512
568788152955092992
568816016622354432
568823817679847425
568832931382366209
568834249303785472
568877353478299648
568894073345437697
568913623327703040
568945176401457153
568976030947418112
569008601009762305
569206925046493184
569224171303145473
569243519652470784
569248250424918021
569252801802592256
569275249725870080
569291509305970688
569301330306699264
569308224551309313
569336252597731329
569359793800024064
569477571726974976
569487167191425024
569490072975876097
569504366006132736
569532924036407297
569558791433416704
569561754163769344
569570444027822081
569579474762608640
569585968610615296
569597885446270976
569614009369907200
569617807916322817
569623852403306496
569634318349246464
569638419384528897
569642989515112448
569643287918845952
569648492190179328
569651021175267332
569661926067736576
569669547210309632
569677776384598017
569681746037383168
569684433218875392
569686624721707009
569691389958553600
569700252321755137
569701192449654784
569708139517480960
569709058636320768
569710853160710144
569720452987252736
569729732952109056
569754550187352064
569791792029151232
569851178982338563
569852965315584000
569862271968669697
569878631322755072
569886612538023936
569894963665707010
569896616322334720
569908722778157056
569914848991010816
569916586682945536
569921267601580032
569925291331735552
569934048346251264
569942084393824256
569943857418399746
569958485913243648
569958935907733504
569965247093731328
569966496698343424
569968010431066112
569977223198822400
569983373378252800
569983750798516225
569984339800416256
569986129820196864
569992620744708096
570000158454353920
570005000643956736
570006830405046272
570022626724220928
570028289399525376
570049623697461248
570060272049778688
570060752926728192
570065109961322496
570077234570010624
570078355770339328
570083397873373184
570085165378068480
570106573395087362
570122982863060992
570129843594997760
570167726972538880
570184535507210241
570197868813918208
570197883716300800
570204309041893376
570204972589002752
570212129313316864
570259691579809792
570260118043914240
570270776370311168
570272997052805120
570276245960835073
570286290203070465
570287589216751616
570294205999939584
570295795985080320
570296212336865283
570306133677760513
570307390752608257
567704339448209409
567728017196457987
567752680514330624
567757897841385473
567758882484793344
567760115579621376
567777150145949697
567801079388471296
567824229296566272
567831392526036992
567836660899057664
567837709093347328
567880900358311936
567881305754595328
567892179953262592
567895664769785856
567899010045988865
567917894144770049
567918283866898432
567950122245623808
568051218477654016
568070386627305472
568080542345895937
568105570215055360
568122064919527424
568163524314144768
568216411404808192
568238725626355712
568241382776635392
568254094739148800
568287936820572160
568351842217947136
568352134422511616
568352500748849153
568352692466278400
568356641877446656
568371161484161025
568373623737556992
568374422136070144
568416305101070336
568463569458741248
568488247514554369
568498076962451456
568498114300153856
568546414604750848
568552263641210881
568553101587832832
568569324245532672
568585421518544897
568592520659267584
568637273945866240
568645379031347200
568650933049147392
568757775205056512
568788152955092992
568816016622354432
568823817679847425
568832931382366209
568834249303785472
568877353478299648
568894073345437697
568913623327703040
568945176401457153
568976030947418112
569008601009762305
569206925046493184
569224171303145473
569243519652470784
569248250424918021
569252801802592256
569275249725870080
569291509305970688
569301330306699264
569308224551309313
569336252597731329
569359793800024064
569477571726974976
569487167191425024
569490072975876097
569504366006132736
569532924036407297
569558791433416704
569561754163769344
569570444027822081
569579474762608640
569585968610615296
569597885446270976
569614009369907200
569617807916322817
569623852403306496
569634318349246464
569638419384528897
569642989515112448
569643287918845952
569648492190179328
569651021175267332
569661926067736576
569669547210309632
569677776384598017
569681746037383168
569684433218875392
569686624721707009
569691389958553600
569700252321755137
569701192449654784
569708139517480960
569709058636320768
569710853160710144
569720452987252736
569729732952109056
569754550187352064
569791792029151232
569851178982338563
569852965315584000
569862271968669697
569878631322755072
569886612538023936
569894963665707010
569896616322334720
569908722778157056
569914848991010816
569916586682945536
569921267601580032
569925291331735552
569934048346251264
569942084393824256
569943857418399746
569958485913243648
569958935907733504
569965247093731328
569966496698343424
569968010431066112
569977223198822400
569983373378252800
569983750798516225
569984339800416256
569986129820196864
569992620744708096
570000158454353920
570005000643956736
570006830405046272
570022626724220928
570028289399525376
570049623697461248
570060272049778688
570060752926728192
570065109961322496
570077234570010624
570078355770339328
570083397873373184
570085165378068480
570106573395087362
570122982863060992
570129843594997760
570167726972538880
570184535507210241
570197868813918208
570197883716300800
570204309041893376
570204972589002752
570212129313316864
570259691579809792
570260118043914240
570270776370311168
570272997052805120
570276245960835073
570286290203070465
570287589216751616
570294205999939584
570295795985080320
570296212336865283
570306133677760513
570307390752608257
