567779798782595072
568328533421867008
568503322828783617
568735994838589441
568848259008962560
568989005162766337
568992757169065984
569000361735761920
569596515510956032
569604176960827392
569625419097313282
569649152696516608
569701192449654784
567779798782595072
568328533421867008
568503322828783617
568735994838589441
568848259008962560
568989005162766337
568992757169065984
569000361735761920
569596515510956032
569604176960827392
569625419097313282
569649152696516608
569701192449654784
567779798782595072
568328533421867008
568503322828783617
568735994838589441
568848259008962560
568989005162766337
568992757169065984
569000361735761920
569596515510956032
569604176960827392
569625419097313282
569649152696516608
569701192449654784
569910765173362688
569949439101546496
