567786760287096832
567823564167192576
567855566590255105
567883246433878018
567887437998997504
567918173992910848
568040818059190273
568053728944791552
568066161922977792
568081386520723456
568141720556322816
568212443433865217
568220033299542016
568396913726382080
568412555045179393
568450262706167808
568489967808327682
568551350025330691
568808340387536896
568841355226517504
568858239372103680
568877748967444480
568878121958694912
568885959225446400
568894795294363648
569139808804605953
569268751008436224
569500360651509760
569532310716080129
569570819757752320
569606226880929792
569608734332162048
569623396729917440
569671368788172800
569690433996984320
569697728890056704
569742305499828224
569794574966591489
567786760287096832
567823564167192576
567855566590255105
567883246433878018
567887437998997504
567918173992910848
568040818059190273
568053728944791552
568066161922977792
568081386520723456
568141720556322816
568212443433865217
568220033299542016
568396913726382080
568412555045179393
568450262706167808
568489967808327682
568551350025330691
568808340387536896
568841355226517504
568858239372103680
568877748967444480
568878121958694912
568885959225446400
568894795294363648
569139808804605953
569268751008436224
569500360651509760
569532310716080129
569570819757752320
569606226880929792
569608734332162048
569623396729917440
569671368788172800
569690433996984320
569697728890056704
569742305499828224
569794574966591489
569821659097477120
569839216512917504
569842196045656064
567786760287096832
567823564167192576
567855566590255105
567883246433878018
567887437998997504
567918173992910848
568040818059190273
568053728944791552
568066161922977792
568081386520723456
568141720556322816
568212443433865217
568220033299542016
568396913726382080
568412555045179393
568450262706167808
568489967808327682
568551350025330691
568808340387536896
568841355226517504
568858239372103680
568877748967444480
568878121958694912
568885959225446400
568894795294363648
569139808804605953
569268751008436224
569500360651509760
569532310716080129
569570819757752320
569606226880929792
569608734332162048
569623396729917440
569671368788172800
569690433996984320
569697728890056704
569742305499828224
569794574966591489
569821659097477120
569839216512917504
569842196045656064
569846771301654528
569847223829307392
569895817403768833
569921757647212544
569926212400709632
569929141962698752
569973034880098304
569979566279626752
569984162377003008
569988016074149889
569988785330479104
569989971156860928
569990330227007488
570064285860171776
570064927550889984
570065322369101824
570122982863060992
570132715577552896
570134947828080640
570208313163550721
570235686470746112
570248695670841344
567786760287096832
567823564167192576
567855566590255105
567883246433878018
567887437998997504
567918173992910848
568040818059190273
568053728944791552
568066161922977792
568081386520723456
568141720556322816
568212443433865217
568220033299542016
568396913726382080
568412555045179393
568450262706167808
568489967808327682
568551350025330691
568808340387536896
568841355226517504
568858239372103680
568877748967444480
568878121958694912
568885959225446400
568894795294363648
569139808804605953
569268751008436224
569500360651509760
569532310716080129
569570819757752320
569606226880929792
569608734332162048
569623396729917440
569671368788172800
569690433996984320
569697728890056704
569742305499828224
569794574966591489
569821659097477120
569839216512917504
569842196045656064
569846771301654528
569847223829307392
569895817403768833
569921757647212544
569926212400709632
569929141962698752
569973034880098304
569979566279626752
569984162377003008
569988016074149889
569988785330479104
569989971156860928
569990330227007488
570064285860171776
570064927550889984
570065322369101824
570122982863060992
570132715577552896
570134947828080640
570208313163550721
570235686470746112
570248695670841344
567786760287096832
567823564167192576
567855566590255105
567883246433878018
567887437998997504
567918173992910848
568040818059190273
568053728944791552
568066161922977792
568081386520723456
568141720556322816
568212443433865217
568220033299542016
568396913726382080
568412555045179393
568450262706167808
568489967808327682
568551350025330691
568808340387536896
568841355226517504
568858239372103680
568877748967444480
568878121958694912
568885959225446400
568894795294363648
569139808804605953
569268751008436224
569500360651509760
569532310716080129
569570819757752320
569606226880929792
569608734332162048
569623396729917440
569671368788172800
569690433996984320
569697728890056704
569742305499828224
569794574966591489
569821659097477120
569839216512917504
569842196045656064
569846771301654528
569847223829307392
569895817403768833
569921757647212544
569926212400709632
569929141962698752
569973034880098304
569979566279626752
569984162377003008
569988016074149889
569988785330479104
569989971156860928
569990330227007488
570064285860171776
570064927550889984
570065322369101824
570122982863060992
570132715577552896
570134947828080640
570208313163550721
570235686470746112
570248695670841344
567786760287096832
567823564167192576
567855566590255105
567883246433878018
567887437998997504
567918173992910848
568040818059190273
568053728944791552
568066161922977792
568081386520723456
568141720556322816
568212443433865217
568220033299542016
568396913726382080
568412555045179393
568450262706167808
568489967808327682
568551350025330691
568808340387536896
568841355226517504
568858239372103680
568877748967444480
568878121958694912
568885959225446400
568894795294363648
569139808804605953
569268751008436224
569500360651509760
569532310716080129
569570819757752320
569606226880929792
569608734332162048
569623396729917440
569671368788172800
569690433996984320
569697728890056704
569742305499828224
569794574966591489
569821659097477120
569839216512917504
569842196045656064
569846771301654528
569847223829307392
569895817403768833
569921757647212544
569926212400709632
569929141962698752
569973034880098304
569979566279626752
569984162377003008
569988016074149889
569988785330479104
569989971156860928
569990330227007488
570064285860171776
570064927550889984
570065322369101824
570122982863060992
570132715577552896
570134947828080640
570208313163550721
570235686470746112
570248695670841344
567786760287096832
567823564167192576
567855566590255105
567883246433878018
567887437998997504
567918173992910848
568040818059190273
568053728944791552
568066161922977792
568081386520723456
568141720556322816
568212443433865217
568220033299542016
568396913726382080
568412555045179393
568450262706167808
568489967808327682
568551350025330691
568808340387536896
568841355226517504
568858239372103680
568877748967444480
568878121958694912
568885959225446400
568894795294363648
569139808804605953
569268751008436224
569500360651509760
569532310716080129
569570819757752320
569606226880929792
569608734332162048
569623396729917440
569671368788172800
569690433996984320
569697728890056704
569742305499828224
569794574966591489
569821659097477120
569839216512917504
569842196045656064
569846771301654528
569847223829307392
569895817403768833
569921757647212544
569926212400709632
569929141962698752
569973034880098304
569979566279626752
569984162377003008
569988016074149889
569988785330479104
569989971156860928
569990330227007488
570064285860171776
570064927550889984
570065322369101824
570122982863060992
570132715577552896
570134947828080640
570208313163550721
570235686470746112
570248695670841344
567786760287096832
567823564167192576
567855566590255105
567883246433878018
567887437998997504
567918173992910848
568040818059190273
568053728944791552
568066161922977792
568081386520723456
568141720556322816
568212443433865217
568220033299542016
568396913726382080
568412555045179393
568450262706167808
568489967808327682
568551350025330691
568808340387536896
568841355226517504
568858239372103680
568877748967444480
568878121958694912
568885959225446400
568894795294363648
569139808804605953
569268751008436224
569500360651509760
569532310716080129
569570819757752320
569606226880929792
569608734332162048
569623396729917440
569671368788172800
569690433996984320
569697728890056704
569742305499828224
569794574966591489
569821659097477120
569839216512917504
569842196045656064
569846771301654528
569847223829307392
569895817403768833
569921757647212544
569926212400709632
569929141962698752
569973034880098304
569979566279626752
569984162377003008
569988016074149889
569988785330479104
569989971156860928
569990330227007488
570064285860171776
570064927550889984
570065322369101824
570122982863060992
570132715577552896
570134947828080640
570208313163550721
570235686470746112
570248695670841344
