567773933928476672
568077199162658816
568210310663835648
568240100934426624
568548307200393217
568873474392854530
568962468766212097
569262527281913857
569345780244312067
569361887659294720
569368352868556800
569420237189181440
569496068255195137
569607114462793730
569661852235509762
567773933928476672
568077199162658816
568210310663835648
568240100934426624
568548307200393217
568873474392854530
568962468766212097
569262527281913857
569345780244312067
569361887659294720
569368352868556800
569420237189181440
569496068255195137
569607114462793730
569661852235509762
569818507891871744
567773933928476672
568077199162658816
568210310663835648
568240100934426624
568548307200393217
568873474392854530
568962468766212097
569262527281913857
569345780244312067
569361887659294720
569368352868556800
569420237189181440
569496068255195137
569607114462793730
569661852235509762
569818507891871744
569880012230242304
569933882662916096
569936658876862464
570204309041893376
567773933928476672
568077199162658816
568210310663835648
568240100934426624
568548307200393217
568873474392854530
568962468766212097
569262527281913857
569345780244312067
569361887659294720
569368352868556800
569420237189181440
569496068255195137
569607114462793730
569661852235509762
569818507891871744
569880012230242304
569933882662916096
569936658876862464
570204309041893376
567773933928476672
568077199162658816
568210310663835648
568240100934426624
568548307200393217
568873474392854530
568962468766212097
569262527281913857
569345780244312067
569361887659294720
569368352868556800
569420237189181440
569496068255195137
569607114462793730
569661852235509762
569818507891871744
569880012230242304
569933882662916096
569936658876862464
570204309041893376
567773933928476672
568077199162658816
568210310663835648
568240100934426624
568548307200393217
568873474392854530
568962468766212097
569262527281913857
569345780244312067
569361887659294720
569368352868556800
569420237189181440
569496068255195137
569607114462793730
569661852235509762
569818507891871744
569880012230242304
569933882662916096
569936658876862464
570204309041893376
567773933928476672
568077199162658816
568210310663835648
568240100934426624
568548307200393217
568873474392854530
568962468766212097
569262527281913857
569345780244312067
569361887659294720
569368352868556800
569420237189181440
569496068255195137
569607114462793730
569661852235509762
569818507891871744
569880012230242304
569933882662916096
569936658876862464
570204309041893376
567773933928476672
568077199162658816
568210310663835648
568240100934426624
568548307200393217
568873474392854530
568962468766212097
569262527281913857
569345780244312067
569361887659294720
569368352868556800
569420237189181440
569496068255195137
569607114462793730
569661852235509762
569818507891871744
569880012230242304
569933882662916096
569936658876862464
570204309041893376
