567822098950791168
567849500536152064
567892715603652608
568160511264571392
568174911841177600
568408789512105985
568490899396829186
568491460250742784
568882359409340416
568883988338581504
568884675021635584
568929010966765568
569764275700375552
567822098950791168
567849500536152064
567892715603652608
568160511264571392
568174911841177600
568408789512105985
568490899396829186
568491460250742784
568882359409340416
568883988338581504
568884675021635584
568929010966765568
569764275700375552
567822098950791168
567849500536152064
567892715603652608
568160511264571392
568174911841177600
568408789512105985
568490899396829186
568491460250742784
568882359409340416
568883988338581504
568884675021635584
568929010966765568
569764275700375552
569976628220182529
