567719199850496000
567725163077070848
567726912186118144
567733228690083841
567739357881040896
567748973910163457
567780624531222528
567790995148783616
567800823674310658
567811268900556802
567842726861021184
567845382102859777
567871439585435648
567879331810246656
567882458357714944
567886091975462912
567886894761005056
567928302725263360
568046603916996609
568058820376854528
568059376474439680
568068509613178880
568079278505463808
568086156899966976
568095662262358016
568116146899169280
568132935037132800
568146404784209920
568155933832044544
568157857151102976
568159714737049601
568160713170149376
568178240101191681
568189029478481920
568189945308786688
568191336764948480
568210512405790720
568216286561374208
568218962833461248
568248950450311169
568287936820572160
568319110779514880
568351842217947136
568352134422511616
568364074427420672
568374422136070144
568378076955938816
568382196081229824
568382290352590848
568382790506389504
568422177571258368
568422454609219584
568434729684307970
568435244841500673
568453351479721986
568456310972424192
568466243210108928
568481405681999872
568495808053702656
568516490405679104
568548629432004609
568558887290441728
568606066155634688
568629385105793024
568630879246901248
568632534117908480
568633802433507329
568633911959363586
568637070207422464
568672467889176577
568763087689379840
568769111561527297
568769216662282240
568806237804109825
568820700489781248
568855090930429952
568855468975759360
568867930127114240
568879791648088065
568885498464374785
568890960358166528
568901823215448064
568902192364548097
568916213130096640
568928741298012160
568937741037088768
568945958970531840
568961064651460608
568962000614658048
568981498046623744
568985883589906432
569116333998256129
569168696083656705
569171651381702657
569172396680175616
569186762947493888
569187853412012032
569204914649489408
569206183283843072
569208067243401217
569226044118581248
569230567759327233
569234592420331520
569237160886276096
569244295921692672
569252732940320768
569253190551498752
569253414971899905
569256307045179392
569260276626956288
569277477652172800
569282312203997185
569287656607100929
569297162795937792
569305239834136576
569310202174025729
569318905476476928
569340120790233089
569368621077692417
569427993958883328
569460591644925952
569475306018353152
569484671672651776
569490420356374528
569496068255195137
569499434633048065
569520425312632832
569521081125629953
569521101736439809
569532394455359488
569569152312213506
569584561312681984
569595399557685248
569605877512024064
569608328998887424
569612999415111680
569615855505387520
569616586178301952
569624909501984768
569626884549578752
569628053648904195
569629019412557826
569629305023569922
569638521817968641
569641805073031168
569645522363011072
569654393898864640
569655262765719553
569659473804947456
569664007864492032
569665343880368131
569668448718073856
569670286418841603
569672329321701376
569683334311366656
569683748901367808
569686372124102656
569686602940858368
569690742169292802
569692108367400960
569701122899775488
569706809126055936
569706873525391360
569711253490409473
569728483384930304
569738845895335936
569752107730890752
569769288174870528
569784114309693440
567719199850496000
567725163077070848
567726912186118144
567733228690083841
567739357881040896
567748973910163457
567780624531222528
567790995148783616
567800823674310658
567811268900556802
567842726861021184
567845382102859777
567871439585435648
567879331810246656
567882458357714944
567886091975462912
567886894761005056
567928302725263360
568046603916996609
568058820376854528
568059376474439680
568068509613178880
568079278505463808
568086156899966976
568095662262358016
568116146899169280
568132935037132800
568146404784209920
568155933832044544
568157857151102976
568159714737049601
568160713170149376
568178240101191681
568189029478481920
568189945308786688
568191336764948480
568210512405790720
568216286561374208
568218962833461248
568248950450311169
568287936820572160
568319110779514880
568351842217947136
568352134422511616
568364074427420672
568374422136070144
568378076955938816
568382196081229824
568382290352590848
568382790506389504
568422177571258368
568422454609219584
568434729684307970
568435244841500673
568453351479721986
568456310972424192
568466243210108928
568481405681999872
568495808053702656
568516490405679104
568548629432004609
568558887290441728
568606066155634688
568629385105793024
568630879246901248
568632534117908480
568633802433507329
568633911959363586
568637070207422464
568672467889176577
568763087689379840
568769111561527297
568769216662282240
568806237804109825
568820700489781248
568855090930429952
568855468975759360
568867930127114240
568879791648088065
568885498464374785
568890960358166528
568901823215448064
568902192364548097
568916213130096640
568928741298012160
568937741037088768
568945958970531840
568961064651460608
568962000614658048
568981498046623744
568985883589906432
569116333998256129
569168696083656705
569171651381702657
569172396680175616
569186762947493888
569187853412012032
569204914649489408
569206183283843072
569208067243401217
569226044118581248
569230567759327233
569234592420331520
569237160886276096
569244295921692672
569252732940320768
569253190551498752
569253414971899905
569256307045179392
569260276626956288
569277477652172800
569282312203997185
569287656607100929
569297162795937792
569305239834136576
569310202174025729
569318905476476928
569340120790233089
569368621077692417
569427993958883328
569460591644925952
569475306018353152
569484671672651776
569490420356374528
569496068255195137
569499434633048065
569520425312632832
569521081125629953
569521101736439809
569532394455359488
569569152312213506
569584561312681984
569595399557685248
569605877512024064
569608328998887424
569612999415111680
569615855505387520
569616586178301952
569624909501984768
569626884549578752
569628053648904195
569629019412557826
569629305023569922
569638521817968641
569641805073031168
569645522363011072
569654393898864640
569655262765719553
569659473804947456
569664007864492032
569665343880368131
569668448718073856
569670286418841603
569672329321701376
569683334311366656
569683748901367808
569686372124102656
569686602940858368
569690742169292802
569692108367400960
569701122899775488
569706809126055936
569706873525391360
569711253490409473
569728483384930304
569738845895335936
569752107730890752
569769288174870528
569784114309693440
569827329024913408
569841254655270912
567719199850496000
567725163077070848
567726912186118144
567733228690083841
567739357881040896
567748973910163457
567780624531222528
567790995148783616
567800823674310658
567811268900556802
567842726861021184
567845382102859777
567871439585435648
567879331810246656
567882458357714944
567886091975462912
567886894761005056
567928302725263360
568046603916996609
568058820376854528
568059376474439680
568068509613178880
568079278505463808
568086156899966976
568095662262358016
568116146899169280
568132935037132800
568146404784209920
568155933832044544
568157857151102976
568159714737049601
568160713170149376
568178240101191681
568189029478481920
568189945308786688
568191336764948480
568210512405790720
568216286561374208
568218962833461248
568248950450311169
568287936820572160
568319110779514880
568351842217947136
568352134422511616
568364074427420672
568374422136070144
568378076955938816
568382196081229824
568382290352590848
568382790506389504
568422177571258368
568422454609219584
568434729684307970
568435244841500673
568453351479721986
568456310972424192
568466243210108928
568481405681999872
568495808053702656
568516490405679104
568548629432004609
568558887290441728
568606066155634688
568629385105793024
568630879246901248
568632534117908480
568633802433507329
568633911959363586
568637070207422464
568672467889176577
568763087689379840
568769111561527297
568769216662282240
568806237804109825
568820700489781248
568855090930429952
568855468975759360
568867930127114240
568879791648088065
568885498464374785
568890960358166528
568901823215448064
568902192364548097
568916213130096640
568928741298012160
568937741037088768
568945958970531840
568961064651460608
568962000614658048
568981498046623744
568985883589906432
569116333998256129
569168696083656705
569171651381702657
569172396680175616
569186762947493888
569187853412012032
569204914649489408
569206183283843072
569208067243401217
569226044118581248
569230567759327233
569234592420331520
569237160886276096
569244295921692672
569252732940320768
569253190551498752
569253414971899905
569256307045179392
569260276626956288
569277477652172800
569282312203997185
569287656607100929
569297162795937792
569305239834136576
569310202174025729
569318905476476928
569340120790233089
569368621077692417
569427993958883328
569460591644925952
569475306018353152
569484671672651776
569490420356374528
569496068255195137
569499434633048065
569520425312632832
569521081125629953
569521101736439809
569532394455359488
569569152312213506
569584561312681984
569595399557685248
569605877512024064
569608328998887424
569612999415111680
569615855505387520
569616586178301952
569624909501984768
569626884549578752
569628053648904195
569629019412557826
569629305023569922
569638521817968641
569641805073031168
569645522363011072
569654393898864640
569655262765719553
569659473804947456
569664007864492032
569665343880368131
569668448718073856
569670286418841603
569672329321701376
569683334311366656
569683748901367808
569686372124102656
569686602940858368
569690742169292802
569692108367400960
569701122899775488
569706809126055936
569706873525391360
569711253490409473
569728483384930304
569738845895335936
569752107730890752
569769288174870528
569784114309693440
569827329024913408
569841254655270912
569847223829307392
569855814716039168
569856492477657088
569875203473297408
569880288702173184
569881270987186176
569883910735159297
569886575720574976
569890152832749568
569899646509666304
569904370361483264
569904824793362433
569919319821434880
569925614100189186
569925940224139264
569926031542345728
569938119060955136
569939156740149249
569940582572945409
569941247546286080
569942616617447424
569943774253621248
569950215513497601
569964670531973120
569966422744395776
569970318305046528
569974508435562496
569985813712392194
569993218730934273
569994134997610496
570004771496714241
570012000648081409
570042155634450433
570045020402626561
570048528602374144
570049623697461248
570056289419526145
570056984986300418
570057520162721792
570057993770831872
570063648468688899
570077011324096514
570085165378068480
570088404156698625
570090102195486722
570092184948645889
570095696491241472
570121588487663616
570124596180955136
570173181727674368
570179344833708033
570188097305976832
570195970610348032
570196895383080960
570209843199524864
570219228181041153
570226414525542400
570232494034964481
570246839225745408
570254721140850689
570256553502068736
570257336465387521
570257660123193345
570265626146512896
570271730729689088
570275106724782080
570276917301137409
570278644918194176
570282089863626752
570285537833168896
570296986827694080
570298018685165568
570298455068971008
570302337069264900
570305363859406848
