567592368451248130
567736516420853760
567739625465077761
567746527704018944
567767199700758530
567767251383808000
567767810655670272
567771662167179264
567818690096541696
567822098950791168
567827039790571520
567827275619549184
567836118181277696
567855926486667265
567875147941552128
567893710949588993
568032561462689793
568040818059190273
568054514617622528
568064339544051712
568089253424594944
568098677618683904
568101444391276544
568116088631791616
568145575452876800
568149600403660800
568162505597566976
568166478572204032
568180768804978688
568184231819481088
568195829238005760
568244663154393088
568246093856641024
568295728272900096
568298659537915904
568438860390244353
568446906524950528
568452676452806656
568454157478326272
568469807189790720
568486436355346432
568492370821562368
568494910405517312
568499953041080321
568562849447948288
568575202713583616
568586231409475584
568600552814174208
568613354245210112
568668364144398336
568761693997674496
568778986567933952
568779794902614016
568802305606361089
568804253151731712
568820729879367680
568824987244584961
568831929102913536
568840215089041409
568898792755470336
568900079962075137
568903479722246144
568911851674836992
568917054004334592
568925709189705728
568926018049691648
568976619089620992
568981498046623744
569002703558475777
569005870463344640
569008601009762305
569008708174262272
569011727532032001
569019132978405376
569103591966793728
569130479690981376
569143406724837376
569146084632760320
569168436280098816
569178210325430272
569185842876571648
569206566035042305
569211553930743809
569224171303145473
569229483288317952
569241682283081728
569247769166266368
569252732940320768
569261063406882816
569269757293293568
569288052725694464
569335779371003904
569342670184648704
569366337929105408
569372333267394560
569380376709238784
569411383265075203
569494878968811520
569507834930442241
569508406551322624
569523231524319232
569544730184261632
569583725408870401
569587140490866689
569589123218079745
569596394819883008
569597666025345024
569604198033170432
569605877512024064
569612280989495296
569614009369907200
569614651400585216
569619569372823552
569620440613826561
569627005852917762
569631350304731136
569631775766368256
569632024434057216
569636454869151744
569641319712169984
569642569203904512
569643287918845952
569644634386911232
569663875836219392
569664007864492032
569664261678600192
569668652045369344
569672021078114304
569673758501412865
569674358135914496
569676871744364544
569691521454223361
569692108367400960
569701122899775488
569706754025660417
569722367343136768
569782378270314498
569816326744776705
567592368451248130
567736516420853760
567739625465077761
567746527704018944
567767199700758530
567767251383808000
567767810655670272
567771662167179264
567818690096541696
567822098950791168
567827039790571520
567827275619549184
567836118181277696
567855926486667265
567875147941552128
567893710949588993
568032561462689793
568040818059190273
568054514617622528
568064339544051712
568089253424594944
568098677618683904
568101444391276544
568116088631791616
568145575452876800
568149600403660800
568162505597566976
568166478572204032
568180768804978688
568184231819481088
568195829238005760
568244663154393088
568246093856641024
568295728272900096
568298659537915904
568438860390244353
568446906524950528
568452676452806656
568454157478326272
568469807189790720
568486436355346432
568492370821562368
568494910405517312
568499953041080321
568562849447948288
568575202713583616
568586231409475584
568600552814174208
568613354245210112
568668364144398336
568761693997674496
568778986567933952
568779794902614016
568802305606361089
568804253151731712
568820729879367680
568824987244584961
568831929102913536
568840215089041409
568898792755470336
568900079962075137
568903479722246144
568911851674836992
568917054004334592
568925709189705728
568926018049691648
568976619089620992
568981498046623744
569002703558475777
569005870463344640
569008601009762305
569008708174262272
569011727532032001
569019132978405376
569103591966793728
569130479690981376
569143406724837376
569146084632760320
569168436280098816
569178210325430272
569185842876571648
569206566035042305
569211553930743809
569224171303145473
569229483288317952
569241682283081728
569247769166266368
569252732940320768
569261063406882816
569269757293293568
569288052725694464
569335779371003904
569342670184648704
569366337929105408
569372333267394560
569380376709238784
569411383265075203
569494878968811520
569507834930442241
569508406551322624
569523231524319232
569544730184261632
569583725408870401
569587140490866689
569589123218079745
569596394819883008
569597666025345024
569604198033170432
569605877512024064
569612280989495296
569614009369907200
569614651400585216
569619569372823552
569620440613826561
569627005852917762
569631350304731136
569631775766368256
569632024434057216
569636454869151744
569641319712169984
569642569203904512
569643287918845952
569644634386911232
569663875836219392
569664007864492032
569664261678600192
569668652045369344
569672021078114304
569673758501412865
569674358135914496
569676871744364544
569691521454223361
569692108367400960
569701122899775488
569706754025660417
569722367343136768
569782378270314498
569816326744776705
569839889564307458
567592368451248130
567736516420853760
567739625465077761
567746527704018944
567767199700758530
567767251383808000
567767810655670272
567771662167179264
567818690096541696
567822098950791168
567827039790571520
567827275619549184
567836118181277696
567855926486667265
567875147941552128
567893710949588993
568032561462689793
568040818059190273
568054514617622528
568064339544051712
568089253424594944
568098677618683904
568101444391276544
568116088631791616
568145575452876800
568149600403660800
568162505597566976
568166478572204032
568180768804978688
568184231819481088
568195829238005760
568244663154393088
568246093856641024
568295728272900096
568298659537915904
568438860390244353
568446906524950528
568452676452806656
568454157478326272
568469807189790720
568486436355346432
568492370821562368
568494910405517312
568499953041080321
568562849447948288
568575202713583616
568586231409475584
568600552814174208
568613354245210112
568668364144398336
568761693997674496
568778986567933952
568779794902614016
568802305606361089
568804253151731712
568820729879367680
568824987244584961
568831929102913536
568840215089041409
568898792755470336
568900079962075137
568903479722246144
568911851674836992
568917054004334592
568925709189705728
568926018049691648
568976619089620992
568981498046623744
569002703558475777
569005870463344640
569008601009762305
569008708174262272
569011727532032001
569019132978405376
569103591966793728
569130479690981376
569143406724837376
569146084632760320
569168436280098816
569178210325430272
569185842876571648
569206566035042305
569211553930743809
569224171303145473
569229483288317952
569241682283081728
569247769166266368
569252732940320768
569261063406882816
569269757293293568
569288052725694464
569335779371003904
569342670184648704
569366337929105408
569372333267394560
569380376709238784
569411383265075203
569494878968811520
569507834930442241
569508406551322624
569523231524319232
569544730184261632
569583725408870401
569587140490866689
569589123218079745
569596394819883008
569597666025345024
569604198033170432
569605877512024064
569612280989495296
569614009369907200
569614651400585216
569619569372823552
569620440613826561
569627005852917762
569631350304731136
569631775766368256
569632024434057216
569636454869151744
569641319712169984
569642569203904512
569643287918845952
569644634386911232
569663875836219392
569664007864492032
569664261678600192
569668652045369344
569672021078114304
569673758501412865
569674358135914496
569676871744364544
569691521454223361
569692108367400960
569701122899775488
569706754025660417
569722367343136768
569782378270314498
569816326744776705
569839889564307458
569859950215700480
569872009380941825
569880251767123968
569918932116643841
569919319821434880
569923221341908992
569926843853185024
569929945331449856
569935135132426240
569938322161668096
569942569951600640
569953672861388800
569956201934385152
569959393917149189
569960248548593665
569962134328778752
569977263191662595
569977806320476160
569981947612676096
569985084348104704
569992234801737728
569995418370646016
570033439857979392
570036463729020928
570038962561134594
570060649780400128
570063107701272576
570066226233417728
570074601801318400
570078894008594432
570079918782095360
570095043169529857
570169851156701185
570179236633432065
570179562174328832
570186533258416133
570188684881821696
570197779290697728
570234676494757888
570240043022991361
570246839225745408
570251472203587584
570259423987404800
570260735294607360
570265883513384960
570269272502607873
570280755252895745
570283571941924864
570288039454486529
570291213007491076
570299924555956227
570300767074181121
570303889754488832
