567750428595871745
567827091409092608
567827442657677313
567851275599110144
568053242426470401
568053414682361856
568491035564879872
568549003626811392
568828959879790592
568868703762296832
568914516546850816
568932070447140864
569243017552375809
569291509305970688
569615644448186369
569633323997212672
569642742852268032
569668644529147904
569683567552262145
569718904131420161
567750428595871745
567827091409092608
567827442657677313
567851275599110144
568053242426470401
568053414682361856
568491035564879872
568549003626811392
568828959879790592
568868703762296832
568914516546850816
568932070447140864
569243017552375809
569291509305970688
569615644448186369
569633323997212672
569642742852268032
569668644529147904
569683567552262145
569718904131420161
567750428595871745
567827091409092608
567827442657677313
567851275599110144
568053242426470401
568053414682361856
568491035564879872
568549003626811392
568828959879790592
568868703762296832
568914516546850816
568932070447140864
569243017552375809
569291509305970688
569615644448186369
569633323997212672
569642742852268032
569668644529147904
569683567552262145
569718904131420161
569865061855932416
569918035097731072
569931327253966849
569964670531973120
569977521690669056
570007457055055873
570012706704662528
570050635703300096
570065545392861184
570067865946234883
570176385534300160
570195799256072193
570201233220198400
570250566573674496
570285012882472961
567750428595871745
567827091409092608
567827442657677313
567851275599110144
568053242426470401
568053414682361856
568491035564879872
568549003626811392
568828959879790592
568868703762296832
568914516546850816
568932070447140864
569243017552375809
569291509305970688
569615644448186369
569633323997212672
569642742852268032
569668644529147904
569683567552262145
569718904131420161
569865061855932416
569918035097731072
569931327253966849
569964670531973120
569977521690669056
570007457055055873
570012706704662528
570050635703300096
570065545392861184
570067865946234883
570176385534300160
570195799256072193
570201233220198400
570250566573674496
570285012882472961
567750428595871745
567827091409092608
567827442657677313
567851275599110144
568053242426470401
568053414682361856
568491035564879872
568549003626811392
568828959879790592
568868703762296832
568914516546850816
568932070447140864
569243017552375809
569291509305970688
569615644448186369
569633323997212672
569642742852268032
569668644529147904
569683567552262145
569718904131420161
569865061855932416
569918035097731072
569931327253966849
569964670531973120
569977521690669056
570007457055055873
570012706704662528
570050635703300096
570065545392861184
570067865946234883
570176385534300160
570195799256072193
570201233220198400
570250566573674496
570285012882472961
567750428595871745
567827091409092608
567827442657677313
567851275599110144
568053242426470401
568053414682361856
568491035564879872
568549003626811392
568828959879790592
568868703762296832
568914516546850816
568932070447140864
569243017552375809
569291509305970688
569615644448186369
569633323997212672
569642742852268032
569668644529147904
569683567552262145
569718904131420161
569865061855932416
569918035097731072
569931327253966849
569964670531973120
569977521690669056
570007457055055873
570012706704662528
570050635703300096
570065545392861184
570067865946234883
570176385534300160
570195799256072193
570201233220198400
570250566573674496
570285012882472961
567750428595871745
567827091409092608
567827442657677313
567851275599110144
568053242426470401
568053414682361856
568491035564879872
568549003626811392
568828959879790592
568868703762296832
568914516546850816
568932070447140864
569243017552375809
569291509305970688
569615644448186369
569633323997212672
569642742852268032
569668644529147904
569683567552262145
569718904131420161
569865061855932416
569918035097731072
569931327253966849
569964670531973120
569977521690669056
570007457055055873
570012706704662528
570050635703300096
570065545392861184
570067865946234883
570176385534300160
570195799256072193
570201233220198400
570250566573674496
570285012882472961
567750428595871745
567827091409092608
567827442657677313
567851275599110144
568053242426470401
568053414682361856
568491035564879872
568549003626811392
568828959879790592
568868703762296832
568914516546850816
568932070447140864
569243017552375809
569291509305970688
569615644448186369
569633323997212672
569642742852268032
569668644529147904
569683567552262145
569718904131420161
569865061855932416
569918035097731072
569931327253966849
569964670531973120
569977521690669056
570007457055055873
570012706704662528
570050635703300096
570065545392861184
570067865946234883
570176385534300160
570195799256072193
570201233220198400
570250566573674496
570285012882472961
