567793072060276736
567811306900975616
568067878546755584
568435750485819392
568491900195500032
568647808619659264
568841068348878848
568842945530441728
568854401802051584
568873020460126209
568885556718907392
569236557367939072
569252020474896385
569296707982221312
569306871242366977
569313734566547456
569558600353390592
569602645712769025
569604453462110208
569608734332162048
569618489788346368
569664965658972160
569678905344270336
569681831039074306
569731306092961792
567793072060276736
567811306900975616
568067878546755584
568435750485819392
568491900195500032
568647808619659264
568841068348878848
568842945530441728
568854401802051584
568873020460126209
568885556718907392
569236557367939072
569252020474896385
569296707982221312
569306871242366977
569313734566547456
569558600353390592
569602645712769025
569604453462110208
569608734332162048
569618489788346368
569664965658972160
569678905344270336
569681831039074306
569731306092961792
569835312106618880
567793072060276736
567811306900975616
568067878546755584
568435750485819392
568491900195500032
568647808619659264
568841068348878848
568842945530441728
568854401802051584
568873020460126209
568885556718907392
569236557367939072
569252020474896385
569296707982221312
569306871242366977
569313734566547456
569558600353390592
569602645712769025
569604453462110208
569608734332162048
569618489788346368
569664965658972160
569678905344270336
569681831039074306
569731306092961792
569835312106618880
569847318062632960
569888931443052544
569936893166489600
570021329065394176
570073592848715776
570195373018505216
570250470289068032
570295981985681409
