567663504102940672
567734618095230976
567763065706250240
567770698111852544
567823510245236739
567883485542658048
568100371794665472
568164165090709504
568186047659507712
568212893012860928
568595620002279424
568617163465957377
568626368373780481
568850600261226496
568950850615316480
569089890173874176
569213441694568448
569345693770502144
569349274049368064
569541478244089857
569586235259404288
569589079710380032
569626122578726913
569664007864492032
569687056542244864
567663504102940672
567734618095230976
567763065706250240
567770698111852544
567823510245236739
567883485542658048
568100371794665472
568164165090709504
568186047659507712
568212893012860928
568595620002279424
568617163465957377
568626368373780481
568850600261226496
568950850615316480
569089890173874176
569213441694568448
569345693770502144
569349274049368064
569541478244089857
569586235259404288
569589079710380032
569626122578726913
569664007864492032
569687056542244864
569831634817708032
567663504102940672
567734618095230976
567763065706250240
567770698111852544
567823510245236739
567883485542658048
568100371794665472
568164165090709504
568186047659507712
568212893012860928
568595620002279424
568617163465957377
568626368373780481
568850600261226496
568950850615316480
569089890173874176
569213441694568448
569345693770502144
569349274049368064
569541478244089857
569586235259404288
569589079710380032
569626122578726913
569664007864492032
569687056542244864
569831634817708032
569918026918727680
570013289188630529
570016890996666368
570023232851419136
570142278729076736
570181406787301378
570223851570909185
567663504102940672
567734618095230976
567763065706250240
567770698111852544
567823510245236739
567883485542658048
568100371794665472
568164165090709504
568186047659507712
568212893012860928
568595620002279424
568617163465957377
568626368373780481
568850600261226496
568950850615316480
569089890173874176
569213441694568448
569345693770502144
569349274049368064
569541478244089857
569586235259404288
569589079710380032
569626122578726913
569664007864492032
569687056542244864
569831634817708032
569918026918727680
570013289188630529
570016890996666368
570023232851419136
570142278729076736
570181406787301378
570223851570909185
567663504102940672
567734618095230976
567763065706250240
567770698111852544
567823510245236739
567883485542658048
568100371794665472
568164165090709504
568186047659507712
568212893012860928
568595620002279424
568617163465957377
568626368373780481
568850600261226496
568950850615316480
569089890173874176
569213441694568448
569345693770502144
569349274049368064
569541478244089857
569586235259404288
569589079710380032
569626122578726913
569664007864492032
569687056542244864
569831634817708032
569918026918727680
570013289188630529
570016890996666368
570023232851419136
570142278729076736
570181406787301378
570223851570909185
567663504102940672
567734618095230976
567763065706250240
567770698111852544
567823510245236739
567883485542658048
568100371794665472
568164165090709504
568186047659507712
568212893012860928
568595620002279424
568617163465957377
568626368373780481
568850600261226496
568950850615316480
569089890173874176
569213441694568448
569345693770502144
569349274049368064
569541478244089857
569586235259404288
569589079710380032
569626122578726913
569664007864492032
569687056542244864
569831634817708032
569918026918727680
570013289188630529
570016890996666368
570023232851419136
570142278729076736
570181406787301378
570223851570909185
567663504102940672
567734618095230976
567763065706250240
567770698111852544
567823510245236739
567883485542658048
568100371794665472
568164165090709504
568186047659507712
568212893012860928
568595620002279424
568617163465957377
568626368373780481
568850600261226496
568950850615316480
569089890173874176
569213441694568448
569345693770502144
569349274049368064
569541478244089857
569586235259404288
569589079710380032
569626122578726913
569664007864492032
569687056542244864
569831634817708032
569918026918727680
570013289188630529
570016890996666368
570023232851419136
570142278729076736
570181406787301378
570223851570909185
567663504102940672
567734618095230976
567763065706250240
567770698111852544
567823510245236739
567883485542658048
568100371794665472
568164165090709504
568186047659507712
568212893012860928
568595620002279424
568617163465957377
568626368373780481
568850600261226496
568950850615316480
569089890173874176
569213441694568448
569345693770502144
569349274049368064
569541478244089857
569586235259404288
569589079710380032
569626122578726913
569664007864492032
569687056542244864
569831634817708032
569918026918727680
570013289188630529
570016890996666368
570023232851419136
570142278729076736
570181406787301378
570223851570909185
