568185092163678208
568760613792579584
569620452043317249
569624021605740545
568185092163678208
568760613792579584
569620452043317249
569624021605740545
568185092163678208
568760613792579584
569620452043317249
569624021605740545
568185092163678208
568760613792579584
569620452043317249
569624021605740545
568185092163678208
568760613792579584
569620452043317249
569624021605740545
568185092163678208
568760613792579584
569620452043317249
569624021605740545
568185092163678208
568760613792579584
569620452043317249
569624021605740545
568185092163678208
568760613792579584
569620452043317249
569624021605740545
