567617081336950784
567776761510907904
567801559788068864
567806872410161152
567806964832460800
567873196730421248
567895664769785856
568068509613178880
568121964444950529
568139150710296577
568162054206435328
568188243713372161
568391878871285760
568498446216400896
568780741909319680
568805444761681921
568912588748292097
569226313220947969
569286569548320769
569352134774415360
569630240512876546
569652313813430273
569801303204851713
567617081336950784
567776761510907904
567801559788068864
567806872410161152
567806964832460800
567873196730421248
567895664769785856
568068509613178880
568121964444950529
568139150710296577
568162054206435328
568188243713372161
568391878871285760
568498446216400896
568780741909319680
568805444761681921
568912588748292097
569226313220947969
569286569548320769
569352134774415360
569630240512876546
569652313813430273
569801303204851713
567617081336950784
567776761510907904
567801559788068864
567806872410161152
567806964832460800
567873196730421248
567895664769785856
568068509613178880
568121964444950529
568139150710296577
568162054206435328
568188243713372161
568391878871285760
568498446216400896
568780741909319680
568805444761681921
568912588748292097
569226313220947969
569286569548320769
569352134774415360
569630240512876546
569652313813430273
569801303204851713
569959415433965569
570058565974675456
570058699676520448
570079855821389824
570266265971003394
