567802255215460353
567802570912305152
567803306928775168
567804923782627330
567832862130577408
567842439911858176
567842647739654144
568394078817267712
568724024362037248
567802255215460353
567802570912305152
567803306928775168
567804923782627330
567832862130577408
567842439911858176
567842647739654144
568394078817267712
568724024362037248
567802255215460353
567802570912305152
567803306928775168
567804923782627330
567832862130577408
567842439911858176
567842647739654144
568394078817267712
568724024362037248
567802255215460353
567802570912305152
567803306928775168
567804923782627330
567832862130577408
567842439911858176
567842647739654144
568394078817267712
568724024362037248
567802255215460353
567802570912305152
567803306928775168
567804923782627330
567832862130577408
567842439911858176
567842647739654144
568394078817267712
568724024362037248
567802255215460353
567802570912305152
567803306928775168
567804923782627330
567832862130577408
567842439911858176
567842647739654144
568394078817267712
568724024362037248
567802255215460353
567802570912305152
567803306928775168
567804923782627330
567832862130577408
567842439911858176
567842647739654144
568394078817267712
568724024362037248
567802255215460353
567802570912305152
567803306928775168
567804923782627330
567832862130577408
567842439911858176
567842647739654144
568394078817267712
568724024362037248
