567729414822449152
567736717352763394
567738171215994880
567738484082114561
567742238562975745
567769798831255552
567769981128282113
567781176375803905
567794202730577920
567802653078728705
567872267910262784
567878696356433920
567886241179377664
567892395867656193
567906374870528001
567927503718731777
567929116969684993
567936625453318144
567966853068251136
567972174398689280
567984939221852160
568008391773196288
568056741885288448
568090924141703169
568096674167595008
568098769847218177
568108322924191744
568111178708336640
568142922031501312
568183509577125888
568244413031448577
568246970126438400
568260165759307776
568267732556255232
568278516309090304
568371161484161025
568380302114086912
568381535063306241
568429136584286209
568451468560187393
568490703476682752
568502289402630144
568510973469855745
568549214696935424
568555484589871105
568558484653883392
568627064062009344
568760613792579584
568811022049349633
568817637754593280
568846754701058048
568848928466198530
568878979576410112
568885498464374785
568893623099654144
568897992712802304
568961160357285889
568982494676172800
568985734163664896
569016588411789312
569211553930743809
569229557468827648
569239939776274433
569261737037455361
569311730540683264
569326785353129984
569330006985347072
569336493224955904
569337969233887232
569367829188886528
569371393294344192
569376311824621568
569380081254027265
569381601374638081
569429468781150208
569464902164856832
569466525297590272
569469326547222528
569470441573609473
569483987564961792
569484458744807425
569489753332191232
569492106923806720
569504566380797952
569518608797323265
569525150263214080
569533202835984385
569541545029804034
569558713079443456
569568878977794048
569572180012371968
569583725408870401
569584885108748290
569589460226183168
569605699308818432
569606374591746050
569621332863754240
569623156337586177
569626787875053568
569632024434057216
569641343254970368
569643354557796353
569644350906310657
569648102669471744
569652316816719873
569654047151562752
569659173044129792
569663735217971200
569682010270101504
569682818306953216
569690010531680256
569690272830922752
569698944084680704
569700068476866560
569711632991047680
569717188468334593
569733015896592385
569740316577632256
569746687805095936
567729414822449152
567736717352763394
567738171215994880
567738484082114561
567742238562975745
567769798831255552
567769981128282113
567781176375803905
567794202730577920
567802653078728705
567872267910262784
567878696356433920
567886241179377664
567892395867656193
567906374870528001
567927503718731777
567929116969684993
567936625453318144
567966853068251136
567972174398689280
567984939221852160
568008391773196288
568056741885288448
568090924141703169
568096674167595008
568098769847218177
568108322924191744
568111178708336640
568142922031501312
568183509577125888
568244413031448577
568246970126438400
568260165759307776
568267732556255232
568278516309090304
568371161484161025
568380302114086912
568381535063306241
568429136584286209
568451468560187393
568490703476682752
568502289402630144
568510973469855745
568549214696935424
568555484589871105
568558484653883392
568627064062009344
568760613792579584
568811022049349633
568817637754593280
568846754701058048
568848928466198530
568878979576410112
568885498464374785
568893623099654144
568897992712802304
568961160357285889
568982494676172800
568985734163664896
569016588411789312
569211553930743809
569229557468827648
569239939776274433
569261737037455361
569311730540683264
569326785353129984
569330006985347072
569336493224955904
569337969233887232
569367829188886528
569371393294344192
569376311824621568
569380081254027265
569381601374638081
569429468781150208
569464902164856832
569466525297590272
569469326547222528
569470441573609473
569483987564961792
569484458744807425
569489753332191232
569492106923806720
569504566380797952
569518608797323265
569525150263214080
569533202835984385
569541545029804034
569558713079443456
569568878977794048
569572180012371968
569583725408870401
569584885108748290
569589460226183168
569605699308818432
569606374591746050
569621332863754240
569623156337586177
569626787875053568
569632024434057216
569641343254970368
569643354557796353
569644350906310657
569648102669471744
569652316816719873
569654047151562752
569659173044129792
569663735217971200
569682010270101504
569682818306953216
569690010531680256
569690272830922752
569698944084680704
569700068476866560
569711632991047680
569717188468334593
569733015896592385
569740316577632256
569746687805095936
569820671234060288
569826633152110592
569827699243544576
569837381261533185
569840848764059648
569843331930263552
569843359029850112
567729414822449152
567736717352763394
567738171215994880
567738484082114561
567742238562975745
567769798831255552
567769981128282113
567781176375803905
567794202730577920
567802653078728705
567872267910262784
567878696356433920
567886241179377664
567892395867656193
567906374870528001
567927503718731777
567929116969684993
567936625453318144
567966853068251136
567972174398689280
567984939221852160
568008391773196288
568056741885288448
568090924141703169
568096674167595008
568098769847218177
568108322924191744
568111178708336640
568142922031501312
568183509577125888
568244413031448577
568246970126438400
568260165759307776
568267732556255232
568278516309090304
568371161484161025
568380302114086912
568381535063306241
568429136584286209
568451468560187393
568490703476682752
568502289402630144
568510973469855745
568549214696935424
568555484589871105
568558484653883392
568627064062009344
568760613792579584
568811022049349633
568817637754593280
568846754701058048
568848928466198530
568878979576410112
568885498464374785
568893623099654144
568897992712802304
568961160357285889
568982494676172800
568985734163664896
569016588411789312
569211553930743809
569229557468827648
569239939776274433
569261737037455361
569311730540683264
569326785353129984
569330006985347072
569336493224955904
569337969233887232
569367829188886528
569371393294344192
569376311824621568
569380081254027265
569381601374638081
569429468781150208
569464902164856832
569466525297590272
569469326547222528
569470441573609473
569483987564961792
569484458744807425
569489753332191232
569492106923806720
569504566380797952
569518608797323265
569525150263214080
569533202835984385
569541545029804034
569558713079443456
569568878977794048
569572180012371968
569583725408870401
569584885108748290
569589460226183168
569605699308818432
569606374591746050
569621332863754240
569623156337586177
569626787875053568
569632024434057216
569641343254970368
569643354557796353
569644350906310657
569648102669471744
569652316816719873
569654047151562752
569659173044129792
569663735217971200
569682010270101504
569682818306953216
569690010531680256
569690272830922752
569698944084680704
569700068476866560
569711632991047680
569717188468334593
569733015896592385
569740316577632256
569746687805095936
569820671234060288
569826633152110592
569827699243544576
569837381261533185
569840848764059648
569843331930263552
569843359029850112
569858655086120961
569884644893532161
569890309624082432
569894088209596416
569904370361483264
569906167947898880
569914141814726657
569927042931814400
569928552621182976
569935135132426240
569940980809342976
569952718707687424
569958916668305408
569959737246109696
569960303514923009
569975684476641280
569980365386809344
569983373378252800
569988479540695040
569996412286582784
570036187815149570
570037969819545600
570048844702076930
570060184908910592
570066487056027650
570071350133579776
570072227942674432
570078280591781888
570083380265689088
570095172303900672
570146348613406720
570187100710002689
570196428364111873
570199481943261184
570212129313316864
570245996334190592
570247763704868864
570257258275164160
570261193685749760
570265699215675392
570267781859557377
570280637946421249
570291642550386689
570296986827694080
570298644475346945
