568374502582816768
568438257454682112
569472029717610496
569651277916999680
568374502582816768
568438257454682112
569472029717610496
569651277916999680
568374502582816768
568438257454682112
569472029717610496
569651277916999680
570280378193330180
570306529947193344
568374502582816768
568438257454682112
569472029717610496
569651277916999680
570280378193330180
570306529947193344
568374502582816768
568438257454682112
569472029717610496
569651277916999680
570280378193330180
570306529947193344
568374502582816768
568438257454682112
569472029717610496
569651277916999680
570280378193330180
570306529947193344
568374502582816768
568438257454682112
569472029717610496
569651277916999680
570280378193330180
570306529947193344
568374502582816768
568438257454682112
569472029717610496
569651277916999680
570280378193330180
570306529947193344
