567734618095230976
567736505477918722
567744948934426625
567845089508233217
567845681768968192
567876860647833600
568067535599505408
568177098038349825
568518985056002049
568539193669914626
568602614839033856
568903479722246144
568906461461393408
569075352888176640
569245152406953984
569259152746221568
569395649310883840
569522690261950464
569555395339018241
569555929798217730
569604173236477952
569675481857064960
569715552702345216
567734618095230976
567736505477918722
567744948934426625
567845089508233217
567845681768968192
567876860647833600
568067535599505408
568177098038349825
568518985056002049
568539193669914626
568602614839033856
568903479722246144
568906461461393408
569075352888176640
569245152406953984
569259152746221568
569395649310883840
569522690261950464
569555395339018241
569555929798217730
569604173236477952
569675481857064960
569715552702345216
567734618095230976
567736505477918722
567744948934426625
567845089508233217
567845681768968192
567876860647833600
568067535599505408
568177098038349825
568518985056002049
568539193669914626
568602614839033856
568903479722246144
568906461461393408
569075352888176640
569245152406953984
569259152746221568
569395649310883840
569522690261950464
569555395339018241
569555929798217730
569604173236477952
569675481857064960
569715552702345216
569865827274657792
569917824078090242
569919414948237312
569926031542345728
570037369841135616
570064443159089153
570095499287506946
570122868039634944
