568464337146404864
568510632930050048
568884379600224258
569213883371683840
569220243123544065
568464337146404864
568510632930050048
568884379600224258
569213883371683840
569220243123544065
568464337146404864
568510632930050048
568884379600224258
569213883371683840
569220243123544065
569896560936374272
568464337146404864
568510632930050048
568884379600224258
569213883371683840
569220243123544065
569896560936374272
568464337146404864
568510632930050048
568884379600224258
569213883371683840
569220243123544065
569896560936374272
568464337146404864
568510632930050048
568884379600224258
569213883371683840
569220243123544065
569896560936374272
568464337146404864
568510632930050048
568884379600224258
569213883371683840
569220243123544065
569896560936374272
568464337146404864
568510632930050048
568884379600224258
569213883371683840
569220243123544065
569896560936374272
