567758927111401474
567886632155680770
568156758025187329
568281546999754752
568282656590282754
568579899243380736
568678961229762560
568890960358166528
567758927111401474
567886632155680770
568156758025187329
568281546999754752
568282656590282754
568579899243380736
568678961229762560
568890960358166528
567758927111401474
567886632155680770
568156758025187329
568281546999754752
568282656590282754
568579899243380736
568678961229762560
568890960358166528
569856784086777856
569906807696551936
570098324172206080
570231750959329280
570276843812732928
570304244001193984
