568209287517835265
568517827482685440
568761693997674496
568768864793681921
568862241497305088
568890203923980288
569528694613671936
568209287517835265
568517827482685440
568761693997674496
568768864793681921
568862241497305088
568890203923980288
569528694613671936
568209287517835265
568517827482685440
568761693997674496
568768864793681921
568862241497305088
568890203923980288
569528694613671936
569996446348517376
570069362310324224
570232676491202561
568209287517835265
568517827482685440
568761693997674496
568768864793681921
568862241497305088
568890203923980288
569528694613671936
569996446348517376
570069362310324224
570232676491202561
568209287517835265
568517827482685440
568761693997674496
568768864793681921
568862241497305088
568890203923980288
569528694613671936
569996446348517376
570069362310324224
570232676491202561
568209287517835265
568517827482685440
568761693997674496
568768864793681921
568862241497305088
568890203923980288
569528694613671936
569996446348517376
570069362310324224
570232676491202561
568209287517835265
568517827482685440
568761693997674496
568768864793681921
568862241497305088
568890203923980288
569528694613671936
569996446348517376
570069362310324224
570232676491202561
568209287517835265
568517827482685440
568761693997674496
568768864793681921
568862241497305088
568890203923980288
569528694613671936
569996446348517376
570069362310324224
570232676491202561
