567742500366872576
567766633637502976
567770910107897856
568511755040657409
568813356296982528
568813431962226688
568853290513010688
568883744246878208
569558589628502016
569628922431873025
569646982282612736
567742500366872576
567766633637502976
567770910107897856
568511755040657409
568813356296982528
568813431962226688
568853290513010688
568883744246878208
569558589628502016
569628922431873025
569646982282612736
567742500366872576
567766633637502976
567770910107897856
568511755040657409
568813356296982528
568813431962226688
568853290513010688
568883744246878208
569558589628502016
569628922431873025
569646982282612736
569869884164714498
569893140066213888
570099717314457600
570104544622981122
570188115077259266
570250940290342914
567742500366872576
567766633637502976
567770910107897856
568511755040657409
568813356296982528
568813431962226688
568853290513010688
568883744246878208
569558589628502016
569628922431873025
569646982282612736
569869884164714498
569893140066213888
570099717314457600
570104544622981122
570188115077259266
570250940290342914
567742500366872576
567766633637502976
567770910107897856
568511755040657409
568813356296982528
568813431962226688
568853290513010688
568883744246878208
569558589628502016
569628922431873025
569646982282612736
569869884164714498
569893140066213888
570099717314457600
570104544622981122
570188115077259266
570250940290342914
567742500366872576
567766633637502976
567770910107897856
568511755040657409
568813356296982528
568813431962226688
568853290513010688
568883744246878208
569558589628502016
569628922431873025
569646982282612736
569869884164714498
569893140066213888
570099717314457600
570104544622981122
570188115077259266
570250940290342914
567742500366872576
567766633637502976
567770910107897856
568511755040657409
568813356296982528
568813431962226688
568853290513010688
568883744246878208
569558589628502016
569628922431873025
569646982282612736
569869884164714498
569893140066213888
570099717314457600
570104544622981122
570188115077259266
570250940290342914
567742500366872576
567766633637502976
567770910107897856
568511755040657409
568813356296982528
568813431962226688
568853290513010688
568883744246878208
569558589628502016
569628922431873025
569646982282612736
569869884164714498
569893140066213888
570099717314457600
570104544622981122
570188115077259266
570250940290342914
