568620841325301760
569171167174627328
569782352223666176
568620841325301760
569171167174627328
569782352223666176
568620841325301760
569171167174627328
569782352223666176
569953006847954944
568620841325301760
569171167174627328
569782352223666176
569953006847954944
568620841325301760
569171167174627328
569782352223666176
569953006847954944
568620841325301760
569171167174627328
569782352223666176
569953006847954944
568620841325301760
569171167174627328
569782352223666176
569953006847954944
568620841325301760
569171167174627328
569782352223666176
569953006847954944
