567679487383699456
567742912579272704
567778921812389888
567799518448848897
567807269707206657
567887437826908160
568054330550587392
568054514617622528
568054687993352192
568054866045747200
568055034296049664
568055279839023105
568055480226066434
568055724078706689
568056050877919232
568056298937430016
568056741885288448
568057671443750912
568057887223894016
568058084846911488
568058146729668608
568061470933540864
568130768788185088
568174545854726144
568213785426726912
568396209091702784
568499629043687426
568502870435336192
568532050979893249
568881975177515009
568925711077117953
568926716644745216
569007993897013249
569182336715243520
569279106086522880
569595123799101440
569646230264885249
567679487383699456
567742912579272704
567778921812389888
567799518448848897
567807269707206657
567887437826908160
568054330550587392
568054514617622528
568054687993352192
568054866045747200
568055034296049664
568055279839023105
568055480226066434
568055724078706689
568056050877919232
568056298937430016
568056741885288448
568057671443750912
568057887223894016
568058084846911488
568058146729668608
568061470933540864
568130768788185088
568174545854726144
568213785426726912
568396209091702784
568499629043687426
568502870435336192
568532050979893249
568881975177515009
568925711077117953
568926716644745216
569007993897013249
569182336715243520
569279106086522880
569595123799101440
569646230264885249
567679487383699456
567742912579272704
567778921812389888
567799518448848897
567807269707206657
567887437826908160
568054330550587392
568054514617622528
568054687993352192
568054866045747200
568055034296049664
568055279839023105
568055480226066434
568055724078706689
568056050877919232
568056298937430016
568056741885288448
568057671443750912
568057887223894016
568058084846911488
568058146729668608
568061470933540864
568130768788185088
568174545854726144
568213785426726912
568396209091702784
568499629043687426
568502870435336192
568532050979893249
568881975177515009
568925711077117953
568926716644745216
569007993897013249
569182336715243520
569279106086522880
569595123799101440
569646230264885249
569899709734752256
569899859161026560
569909232696483842
569923163259318274
569923242015764480
569940430365847554
569983338880114688
569983750798516225
570004519679074304
570031211336368128
570032541933051904
570045153295011841
570198744907567106
570264474784894976
570270684619923457
570291066466897921
570291828349669378
