567814641918832640
568834824410148864
569176777056079874
569761641211895808
567814641918832640
568834824410148864
569176777056079874
569761641211895808
567814641918832640
568834824410148864
569176777056079874
569761641211895808
570022265343123456
570175202807586816
570293100326862849
570293289045364736
567814641918832640
568834824410148864
569176777056079874
569761641211895808
570022265343123456
570175202807586816
570293100326862849
570293289045364736
567814641918832640
568834824410148864
569176777056079874
569761641211895808
570022265343123456
570175202807586816
570293100326862849
570293289045364736
567814641918832640
568834824410148864
569176777056079874
569761641211895808
570022265343123456
570175202807586816
570293100326862849
570293289045364736
567814641918832640
568834824410148864
569176777056079874
569761641211895808
570022265343123456
570175202807586816
570293100326862849
570293289045364736
567814641918832640
568834824410148864
569176777056079874
569761641211895808
570022265343123456
570175202807586816
570293100326862849
570293289045364736
