567731738924032000
568654300802473985
568669880922165248
567731738924032000
568654300802473985
568669880922165248
567731738924032000
568654300802473985
568669880922165248
570087941277495296
570242205463359488
567731738924032000
568654300802473985
568669880922165248
570087941277495296
570242205463359488
567731738924032000
568654300802473985
568669880922165248
570087941277495296
570242205463359488
567731738924032000
568654300802473985
568669880922165248
570087941277495296
570242205463359488
567731738924032000
568654300802473985
568669880922165248
570087941277495296
570242205463359488
567731738924032000
568654300802473985
568669880922165248
570087941277495296
570242205463359488
