567833247242264577
568087881387884544
568208488335331329
568525567575744512
568582403670851584
568584029106266113
568587821264609280
568625014037045248
568759027775225856
569241970662645762
569621047353450496
569621527911485440
569717037464838144
567833247242264577
568087881387884544
568208488335331329
568525567575744512
568582403670851584
568584029106266113
568587821264609280
568625014037045248
568759027775225856
569241970662645762
569621047353450496
569621527911485440
569717037464838144
567833247242264577
568087881387884544
568208488335331329
568525567575744512
568582403670851584
568584029106266113
568587821264609280
568625014037045248
568759027775225856
569241970662645762
569621047353450496
569621527911485440
569717037464838144
569944699877724160
569954275016765440
570184083692658688
