569599713499963394
569703468736376832
569708507961950209
569599713499963394
569703468736376832
569708507961950209
569599713499963394
569703468736376832
569708507961950209
569939368598753280
569599713499963394
569703468736376832
569708507961950209
569939368598753280
569599713499963394
569703468736376832
569708507961950209
569939368598753280
569599713499963394
569703468736376832
569708507961950209
569939368598753280
569599713499963394
569703468736376832
569708507961950209
569939368598753280
569599713499963394
569703468736376832
569708507961950209
569939368598753280
