569289995749494784
569312129456545792
569558377178603520
569706873525391360
569289995749494784
569312129456545792
569558377178603520
569706873525391360
569289995749494784
569312129456545792
569558377178603520
569706873525391360
569844782702338048
569956192111316992
570175858469515264
569289995749494784
569312129456545792
569558377178603520
569706873525391360
569844782702338048
569956192111316992
570175858469515264
569289995749494784
569312129456545792
569558377178603520
569706873525391360
569844782702338048
569956192111316992
570175858469515264
569289995749494784
569312129456545792
569558377178603520
569706873525391360
569844782702338048
569956192111316992
570175858469515264
569289995749494784
569312129456545792
569558377178603520
569706873525391360
569844782702338048
569956192111316992
570175858469515264
569289995749494784
569312129456545792
569558377178603520
569706873525391360
569844782702338048
569956192111316992
570175858469515264
