567737267095994368
567784566614540289
567814769077436416
567863121479536641
567965767808864256
568108968867819520
568131853929947136
568162054206435328
568365652597014528
568501539167473664
568727789311889409
568762267493249024
568781140217049088
568809330151022592
568815117120319488
568833490818453504
569113328724807680
569271364521103361
567737267095994368
567784566614540289
567814769077436416
567863121479536641
567965767808864256
568108968867819520
568131853929947136
568162054206435328
568365652597014528
568501539167473664
568727789311889409
568762267493249024
568781140217049088
568809330151022592
568815117120319488
568833490818453504
569113328724807680
569271364521103361
567737267095994368
567784566614540289
567814769077436416
567863121479536641
567965767808864256
568108968867819520
568131853929947136
568162054206435328
568365652597014528
568501539167473664
568727789311889409
568762267493249024
568781140217049088
568809330151022592
568815117120319488
568833490818453504
569113328724807680
569271364521103361
569920656621465601
569926945535860736
569977517945126912
569996141753802752
570269103648350208
570304740279640064
567737267095994368
567784566614540289
567814769077436416
567863121479536641
567965767808864256
568108968867819520
568131853929947136
568162054206435328
568365652597014528
568501539167473664
568727789311889409
568762267493249024
568781140217049088
568809330151022592
568815117120319488
568833490818453504
569113328724807680
569271364521103361
569920656621465601
569926945535860736
569977517945126912
569996141753802752
570269103648350208
570304740279640064
567737267095994368
567784566614540289
567814769077436416
567863121479536641
567965767808864256
568108968867819520
568131853929947136
568162054206435328
568365652597014528
568501539167473664
568727789311889409
568762267493249024
568781140217049088
568809330151022592
568815117120319488
568833490818453504
569113328724807680
569271364521103361
569920656621465601
569926945535860736
569977517945126912
569996141753802752
570269103648350208
570304740279640064
567737267095994368
567784566614540289
567814769077436416
567863121479536641
567965767808864256
568108968867819520
568131853929947136
568162054206435328
568365652597014528
568501539167473664
568727789311889409
568762267493249024
568781140217049088
568809330151022592
568815117120319488
568833490818453504
569113328724807680
569271364521103361
569920656621465601
569926945535860736
569977517945126912
569996141753802752
570269103648350208
570304740279640064
567737267095994368
567784566614540289
567814769077436416
567863121479536641
567965767808864256
568108968867819520
568131853929947136
568162054206435328
568365652597014528
568501539167473664
568727789311889409
568762267493249024
568781140217049088
568809330151022592
568815117120319488
568833490818453504
569113328724807680
569271364521103361
569920656621465601
569926945535860736
569977517945126912
569996141753802752
570269103648350208
570304740279640064
567737267095994368
567784566614540289
567814769077436416
567863121479536641
567965767808864256
568108968867819520
568131853929947136
568162054206435328
568365652597014528
568501539167473664
568727789311889409
568762267493249024
568781140217049088
568809330151022592
568815117120319488
568833490818453504
569113328724807680
569271364521103361
569920656621465601
569926945535860736
569977517945126912
569996141753802752
570269103648350208
570304740279640064
