567763837055954944
568911099740839936
569683366632493056
569685165565308928
569717866611630081
567763837055954944
568911099740839936
569683366632493056
569685165565308928
569717866611630081
567763837055954944
568911099740839936
569683366632493056
569685165565308928
569717866611630081
569893723091238912
569910971222892545
570201707621146624
567763837055954944
568911099740839936
569683366632493056
569685165565308928
569717866611630081
569893723091238912
569910971222892545
570201707621146624
567763837055954944
568911099740839936
569683366632493056
569685165565308928
569717866611630081
569893723091238912
569910971222892545
570201707621146624
567763837055954944
568911099740839936
569683366632493056
569685165565308928
569717866611630081
569893723091238912
569910971222892545
570201707621146624
567763837055954944
568911099740839936
569683366632493056
569685165565308928
569717866611630081
569893723091238912
569910971222892545
570201707621146624
567763837055954944
568911099740839936
569683366632493056
569685165565308928
569717866611630081
569893723091238912
569910971222892545
570201707621146624
