569558156512088064
569592022635585536
569596783011217408
569629819559747585
569558156512088064
569592022635585536
569596783011217408
569629819559747585
569558156512088064
569592022635585536
569596783011217408
569629819559747585
569558156512088064
569592022635585536
569596783011217408
569629819559747585
569558156512088064
569592022635585536
569596783011217408
569629819559747585
569558156512088064
569592022635585536
569596783011217408
569629819559747585
569558156512088064
569592022635585536
569596783011217408
569629819559747585
569558156512088064
569592022635585536
569596783011217408
569629819559747585
