567735204656066560
568072958821990400
568148282762874881
568456567835619328
568513007849840640
568627619991650305
568860978231709697
569147852217135104
569805215605456896
567735204656066560
568072958821990400
568148282762874881
568456567835619328
568513007849840640
568627619991650305
568860978231709697
569147852217135104
569805215605456896
567735204656066560
568072958821990400
568148282762874881
568456567835619328
568513007849840640
568627619991650305
568860978231709697
569147852217135104
569805215605456896
569894012800217088
570021128032407552
570076595647426560
570087022292905985
570159133795741696
