568168661732724736
568234631465734144
568494962880475137
568530234368069632
568958107205783554
568982915956277249
569224171303145473
568168661732724736
568234631465734144
568494962880475137
568530234368069632
568958107205783554
568982915956277249
569224171303145473
568168661732724736
568234631465734144
568494962880475137
568530234368069632
568958107205783554
568982915956277249
569224171303145473
569846237865885697
570245513720647680
568168661732724736
568234631465734144
568494962880475137
568530234368069632
568958107205783554
568982915956277249
569224171303145473
569846237865885697
570245513720647680
568168661732724736
568234631465734144
568494962880475137
568530234368069632
568958107205783554
568982915956277249
569224171303145473
569846237865885697
570245513720647680
568168661732724736
568234631465734144
568494962880475137
568530234368069632
568958107205783554
568982915956277249
569224171303145473
569846237865885697
570245513720647680
568168661732724736
568234631465734144
568494962880475137
568530234368069632
568958107205783554
568982915956277249
569224171303145473
569846237865885697
570245513720647680
568168661732724736
568234631465734144
568494962880475137
568530234368069632
568958107205783554
568982915956277249
569224171303145473
569846237865885697
570245513720647680
