567840815331991552
568165339290169344
568237654606680064
568240029413163008
568248180057325568
568248416418926594
568270132956409857
568594726317887488
568947542899052544
569175138349887488
569296784922578944
569357196141719552
569400869768302592
567840815331991552
568165339290169344
568237654606680064
568240029413163008
568248180057325568
568248416418926594
568270132956409857
568594726317887488
568947542899052544
569175138349887488
569296784922578944
569357196141719552
569400869768302592
567840815331991552
568165339290169344
568237654606680064
568240029413163008
568248180057325568
568248416418926594
568270132956409857
568594726317887488
568947542899052544
569175138349887488
569296784922578944
569357196141719552
569400869768302592
570001483472756736
567840815331991552
568165339290169344
568237654606680064
568240029413163008
568248180057325568
568248416418926594
568270132956409857
568594726317887488
568947542899052544
569175138349887488
569296784922578944
569357196141719552
569400869768302592
570001483472756736
567840815331991552
568165339290169344
568237654606680064
568240029413163008
568248180057325568
568248416418926594
568270132956409857
568594726317887488
568947542899052544
569175138349887488
569296784922578944
569357196141719552
569400869768302592
570001483472756736
567840815331991552
568165339290169344
568237654606680064
568240029413163008
568248180057325568
568248416418926594
568270132956409857
568594726317887488
568947542899052544
569175138349887488
569296784922578944
569357196141719552
569400869768302592
570001483472756736
567840815331991552
568165339290169344
568237654606680064
568240029413163008
568248180057325568
568248416418926594
568270132956409857
568594726317887488
568947542899052544
569175138349887488
569296784922578944
569357196141719552
569400869768302592
570001483472756736
567840815331991552
568165339290169344
568237654606680064
568240029413163008
568248180057325568
568248416418926594
568270132956409857
568594726317887488
568947542899052544
569175138349887488
569296784922578944
569357196141719552
569400869768302592
570001483472756736
