567860107960324096
568964010101514240
569670589646032896
567860107960324096
568964010101514240
569670589646032896
567860107960324096
568964010101514240
569670589646032896
569997655713173504
570276681551732736
567860107960324096
568964010101514240
569670589646032896
569997655713173504
570276681551732736
567860107960324096
568964010101514240
569670589646032896
569997655713173504
570276681551732736
567860107960324096
568964010101514240
569670589646032896
569997655713173504
570276681551732736
567860107960324096
568964010101514240
569670589646032896
569997655713173504
570276681551732736
567860107960324096
568964010101514240
569670589646032896
569997655713173504
570276681551732736
