567715917983776772
567752478309875714
567832250110337024
567841818357964800
568064972086906880
568210563991363584
568430087298801666
568438528666959872
568701051903336448
568759027775225856
568854243097976832
568962249177436160
569132950006185985
569433059168260096
569615215144226816
569724682695368705
567715917983776772
567752478309875714
567832250110337024
567841818357964800
568064972086906880
568210563991363584
568430087298801666
568438528666959872
568701051903336448
568759027775225856
568854243097976832
568962249177436160
569132950006185985
569433059168260096
569615215144226816
569724682695368705
567715917983776772
567752478309875714
567832250110337024
567841818357964800
568064972086906880
568210563991363584
568430087298801666
568438528666959872
568701051903336448
568759027775225856
568854243097976832
568962249177436160
569132950006185985
569433059168260096
569615215144226816
569724682695368705
569867192445083648
569894088209596416
569922305423495168
570095219091361792
570240625536323585
570286290203070465
