567756326718431232
567801079388471296
567810573002620928
567820135265759232
567822613608718336
567862814578061312
567890395322920960
568075902493593600
568079126462128129
568153430776287233
568164059981307904
568168505998229505
568173938292985858
568274949275824128
568440514506301440
568457483301339136
568512284202438656
568538599903244290
568606066155634688
568637437812944896
568652355346022400
568660340910592000
568735841771597825
568775493727551488
568786394656722944
568805444761681921
568820700489781248
568828957002493953
568839199773732864
568839278681174016
568848952768000000
568849994167529472
568851396923146240
568879791648088065
568884211739971584
568890960358166528
568911350656675841
568929010966765568
568930822952103938
568931924166574080
568934749571387392
568958107205783554
568994696980238336
569197579956842496
569199524629110784
569220438397751299
569221909231104000
569240250192670720
569245155837882368
569258900228190208
569259694906220544
569263177784905729
569263496560422912
569274088289660928
569303395460259840
569305311007399936
569381811278770176
569385864712704001
569416650325303297
569439089063280640
569527205291802624
569568300528635906
569568357030232066
569571492947742720
569600462661554177
569602798867881985
569604904689340416
569608257607737344
569609923807440896
569611482234687488
569614500044918784
569627770613063680
569655141890170880
569660648738697216
569666352794898432
569675144353828864
569676227981791232
569677827068579840
569678397158268929
569685261518376960
569686237478572032
569710446112067584
569770363623575552
569777607371128834
569816326744776705
567756326718431232
567801079388471296
567810573002620928
567820135265759232
567822613608718336
567862814578061312
567890395322920960
568075902493593600
568079126462128129
568153430776287233
568164059981307904
568168505998229505
568173938292985858
568274949275824128
568440514506301440
568457483301339136
568512284202438656
568538599903244290
568606066155634688
568637437812944896
568652355346022400
568660340910592000
568735841771597825
568775493727551488
568786394656722944
568805444761681921
568820700489781248
568828957002493953
568839199773732864
568839278681174016
568848952768000000
568849994167529472
568851396923146240
568879791648088065
568884211739971584
568890960358166528
568911350656675841
568929010966765568
568930822952103938
568931924166574080
568934749571387392
568958107205783554
568994696980238336
569197579956842496
569199524629110784
569220438397751299
569221909231104000
569240250192670720
569245155837882368
569258900228190208
569259694906220544
569263177784905729
569263496560422912
569274088289660928
569303395460259840
569305311007399936
569381811278770176
569385864712704001
569416650325303297
569439089063280640
569527205291802624
569568300528635906
569568357030232066
569571492947742720
569600462661554177
569602798867881985
569604904689340416
569608257607737344
569609923807440896
569611482234687488
569614500044918784
569627770613063680
569655141890170880
569660648738697216
569666352794898432
569675144353828864
569676227981791232
569677827068579840
569678397158268929
569685261518376960
569686237478572032
569710446112067584
569770363623575552
569777607371128834
569816326744776705
569838589879685120
569840848764059648
567756326718431232
567801079388471296
567810573002620928
567820135265759232
567822613608718336
567862814578061312
567890395322920960
568075902493593600
568079126462128129
568153430776287233
568164059981307904
568168505998229505
568173938292985858
568274949275824128
568440514506301440
568457483301339136
568512284202438656
568538599903244290
568606066155634688
568637437812944896
568652355346022400
568660340910592000
568735841771597825
568775493727551488
568786394656722944
568805444761681921
568820700489781248
568828957002493953
568839199773732864
568839278681174016
568848952768000000
568849994167529472
568851396923146240
568879791648088065
568884211739971584
568890960358166528
568911350656675841
568929010966765568
568930822952103938
568931924166574080
568934749571387392
568958107205783554
568994696980238336
569197579956842496
569199524629110784
569220438397751299
569221909231104000
569240250192670720
569245155837882368
569258900228190208
569259694906220544
569263177784905729
569263496560422912
569274088289660928
569303395460259840
569305311007399936
569381811278770176
569385864712704001
569416650325303297
569439089063280640
569527205291802624
569568300528635906
569568357030232066
569571492947742720
569600462661554177
569602798867881985
569604904689340416
569608257607737344
569609923807440896
569611482234687488
569614500044918784
569627770613063680
569655141890170880
569660648738697216
569666352794898432
569675144353828864
569676227981791232
569677827068579840
569678397158268929
569685261518376960
569686237478572032
569710446112067584
569770363623575552
569777607371128834
569816326744776705
569838589879685120
569840848764059648
569848857498161154
569870837815205888
569906807696551936
569927843666366464
569932833709527041
569933777931145216
569949891163615232
569955602782236672
569960665827258368
569984789673078785
570037336886546432
570070877351469057
570096448571731968
570099717314457600
570108724636831745
570217918195220480
570221178658418689
570225817873227776
570279106090274817
570289532953874432
567756326718431232
567801079388471296
567810573002620928
567820135265759232
567822613608718336
567862814578061312
567890395322920960
568075902493593600
568079126462128129
568153430776287233
568164059981307904
568168505998229505
568173938292985858
568274949275824128
568440514506301440
568457483301339136
568512284202438656
568538599903244290
568606066155634688
568637437812944896
568652355346022400
568660340910592000
568735841771597825
568775493727551488
568786394656722944
568805444761681921
568820700489781248
568828957002493953
568839199773732864
568839278681174016
568848952768000000
568849994167529472
568851396923146240
568879791648088065
568884211739971584
568890960358166528
568911350656675841
568929010966765568
568930822952103938
568931924166574080
568934749571387392
568958107205783554
568994696980238336
569197579956842496
569199524629110784
569220438397751299
569221909231104000
569240250192670720
569245155837882368
569258900228190208
569259694906220544
569263177784905729
569263496560422912
569274088289660928
569303395460259840
569305311007399936
569381811278770176
569385864712704001
569416650325303297
569439089063280640
569527205291802624
569568300528635906
569568357030232066
569571492947742720
569600462661554177
569602798867881985
569604904689340416
569608257607737344
569609923807440896
569611482234687488
569614500044918784
569627770613063680
569655141890170880
569660648738697216
569666352794898432
569675144353828864
569676227981791232
569677827068579840
569678397158268929
569685261518376960
569686237478572032
569710446112067584
569770363623575552
569777607371128834
569816326744776705
569838589879685120
569840848764059648
569848857498161154
569870837815205888
569906807696551936
569927843666366464
569932833709527041
569933777931145216
569949891163615232
569955602782236672
569960665827258368
569984789673078785
570037336886546432
570070877351469057
570096448571731968
570099717314457600
570108724636831745
570217918195220480
570221178658418689
570225817873227776
570279106090274817
570289532953874432
567756326718431232
567801079388471296
567810573002620928
567820135265759232
567822613608718336
567862814578061312
567890395322920960
568075902493593600
568079126462128129
568153430776287233
568164059981307904
568168505998229505
568173938292985858
568274949275824128
568440514506301440
568457483301339136
568512284202438656
568538599903244290
568606066155634688
568637437812944896
568652355346022400
568660340910592000
568735841771597825
568775493727551488
568786394656722944
568805444761681921
568820700489781248
568828957002493953
568839199773732864
568839278681174016
568848952768000000
568849994167529472
568851396923146240
568879791648088065
568884211739971584
568890960358166528
568911350656675841
568929010966765568
568930822952103938
568931924166574080
568934749571387392
568958107205783554
568994696980238336
569197579956842496
569199524629110784
569220438397751299
569221909231104000
569240250192670720
569245155837882368
569258900228190208
569259694906220544
569263177784905729
569263496560422912
569274088289660928
569303395460259840
569305311007399936
569381811278770176
569385864712704001
569416650325303297
569439089063280640
569527205291802624
569568300528635906
569568357030232066
569571492947742720
569600462661554177
569602798867881985
569604904689340416
569608257607737344
569609923807440896
569611482234687488
569614500044918784
569627770613063680
569655141890170880
569660648738697216
569666352794898432
569675144353828864
569676227981791232
569677827068579840
569678397158268929
569685261518376960
569686237478572032
569710446112067584
569770363623575552
569777607371128834
569816326744776705
569838589879685120
569840848764059648
569848857498161154
569870837815205888
569906807696551936
569927843666366464
569932833709527041
569933777931145216
569949891163615232
569955602782236672
569960665827258368
569984789673078785
570037336886546432
570070877351469057
570096448571731968
570099717314457600
570108724636831745
570217918195220480
570221178658418689
570225817873227776
570279106090274817
570289532953874432
567756326718431232
567801079388471296
567810573002620928
567820135265759232
567822613608718336
567862814578061312
567890395322920960
568075902493593600
568079126462128129
568153430776287233
568164059981307904
568168505998229505
568173938292985858
568274949275824128
568440514506301440
568457483301339136
568512284202438656
568538599903244290
568606066155634688
568637437812944896
568652355346022400
568660340910592000
568735841771597825
568775493727551488
568786394656722944
568805444761681921
568820700489781248
568828957002493953
568839199773732864
568839278681174016
568848952768000000
568849994167529472
568851396923146240
568879791648088065
568884211739971584
568890960358166528
568911350656675841
568929010966765568
568930822952103938
568931924166574080
568934749571387392
568958107205783554
568994696980238336
569197579956842496
569199524629110784
569220438397751299
569221909231104000
569240250192670720
569245155837882368
569258900228190208
569259694906220544
569263177784905729
569263496560422912
569274088289660928
569303395460259840
569305311007399936
569381811278770176
569385864712704001
569416650325303297
569439089063280640
569527205291802624
569568300528635906
569568357030232066
569571492947742720
569600462661554177
569602798867881985
569604904689340416
569608257607737344
569609923807440896
569611482234687488
569614500044918784
569627770613063680
569655141890170880
569660648738697216
569666352794898432
569675144353828864
569676227981791232
569677827068579840
569678397158268929
569685261518376960
569686237478572032
569710446112067584
569770363623575552
569777607371128834
569816326744776705
569838589879685120
569840848764059648
569848857498161154
569870837815205888
569906807696551936
569927843666366464
569932833709527041
569933777931145216
569949891163615232
569955602782236672
569960665827258368
569984789673078785
570037336886546432
570070877351469057
570096448571731968
570099717314457600
570108724636831745
570217918195220480
570221178658418689
570225817873227776
570279106090274817
570289532953874432
567756326718431232
567801079388471296
567810573002620928
567820135265759232
567822613608718336
567862814578061312
567890395322920960
568075902493593600
568079126462128129
568153430776287233
568164059981307904
568168505998229505
568173938292985858
568274949275824128
568440514506301440
568457483301339136
568512284202438656
568538599903244290
568606066155634688
568637437812944896
568652355346022400
568660340910592000
568735841771597825
568775493727551488
568786394656722944
568805444761681921
568820700489781248
568828957002493953
568839199773732864
568839278681174016
568848952768000000
568849994167529472
568851396923146240
568879791648088065
568884211739971584
568890960358166528
568911350656675841
568929010966765568
568930822952103938
568931924166574080
568934749571387392
568958107205783554
568994696980238336
569197579956842496
569199524629110784
569220438397751299
569221909231104000
569240250192670720
569245155837882368
569258900228190208
569259694906220544
569263177784905729
569263496560422912
569274088289660928
569303395460259840
569305311007399936
569381811278770176
569385864712704001
569416650325303297
569439089063280640
569527205291802624
569568300528635906
569568357030232066
569571492947742720
569600462661554177
569602798867881985
569604904689340416
569608257607737344
569609923807440896
569611482234687488
569614500044918784
569627770613063680
569655141890170880
569660648738697216
569666352794898432
569675144353828864
569676227981791232
569677827068579840
569678397158268929
569685261518376960
569686237478572032
569710446112067584
569770363623575552
569777607371128834
569816326744776705
569838589879685120
569840848764059648
569848857498161154
569870837815205888
569906807696551936
569927843666366464
569932833709527041
569933777931145216
569949891163615232
569955602782236672
569960665827258368
569984789673078785
570037336886546432
570070877351469057
570096448571731968
570099717314457600
570108724636831745
570217918195220480
570221178658418689
570225817873227776
570279106090274817
570289532953874432
567756326718431232
567801079388471296
567810573002620928
567820135265759232
567822613608718336
567862814578061312
567890395322920960
568075902493593600
568079126462128129
568153430776287233
568164059981307904
568168505998229505
568173938292985858
568274949275824128
568440514506301440
568457483301339136
568512284202438656
568538599903244290
568606066155634688
568637437812944896
568652355346022400
568660340910592000
568735841771597825
568775493727551488
568786394656722944
568805444761681921
568820700489781248
568828957002493953
568839199773732864
568839278681174016
568848952768000000
568849994167529472
568851396923146240
568879791648088065
568884211739971584
568890960358166528
568911350656675841
568929010966765568
568930822952103938
568931924166574080
568934749571387392
568958107205783554
568994696980238336
569197579956842496
569199524629110784
569220438397751299
569221909231104000
569240250192670720
569245155837882368
569258900228190208
569259694906220544
569263177784905729
569263496560422912
569274088289660928
569303395460259840
569305311007399936
569381811278770176
569385864712704001
569416650325303297
569439089063280640
569527205291802624
569568300528635906
569568357030232066
569571492947742720
569600462661554177
569602798867881985
569604904689340416
569608257607737344
569609923807440896
569611482234687488
569614500044918784
569627770613063680
569655141890170880
569660648738697216
569666352794898432
569675144353828864
569676227981791232
569677827068579840
569678397158268929
569685261518376960
569686237478572032
569710446112067584
569770363623575552
569777607371128834
569816326744776705
569838589879685120
569840848764059648
569848857498161154
569870837815205888
569906807696551936
569927843666366464
569932833709527041
569933777931145216
569949891163615232
569955602782236672
569960665827258368
569984789673078785
570037336886546432
570070877351469057
570096448571731968
570099717314457600
570108724636831745
570217918195220480
570221178658418689
570225817873227776
570279106090274817
570289532953874432
