567812799767003136
567841818357964800
568233193738018817
568467286333513728
568489786081714176
568652355346022400
568801885567606784
569382354529030144
569627079458865153
569748316776325120
567812799767003136
567841818357964800
568233193738018817
568467286333513728
568489786081714176
568652355346022400
568801885567606784
569382354529030144
569627079458865153
569748316776325120
567812799767003136
567841818357964800
568233193738018817
568467286333513728
568489786081714176
568652355346022400
568801885567606784
569382354529030144
569627079458865153
569748316776325120
569847920192655361
569873418075672576
