567623209026334720
567723534344933376
567765716527771648
567766329352921088
567800315093979138
567847966989508608
568111779705958400
568139007617597440
568166220706418688
568208027775569920
568234955672694784
568430874049581058
568432638823772160
568643981258723328
568656888935481344
568724299873431552
568817350864023552
568850967673896960
568894805914169345
569167347996495872
569229557468827648
569276734798893056
569294599614803968
569329378061979648
569366846547369984
569376145000390656
569387005131546624
569517360828145664
569525760337162241
569548355489148928
569548800169283586
569549401364029440
569552426698723330
569622389920641024
569651366018166784
569660501526859776
569666826352898048
569675608969465856
569704108095111168
569706873525391360
569735461033213952
569772867774230528
567623209026334720
567723534344933376
567765716527771648
567766329352921088
567800315093979138
567847966989508608
568111779705958400
568139007617597440
568166220706418688
568208027775569920
568234955672694784
568430874049581058
568432638823772160
568643981258723328
568656888935481344
568724299873431552
568817350864023552
568850967673896960
568894805914169345
569167347996495872
569229557468827648
569276734798893056
569294599614803968
569329378061979648
569366846547369984
569376145000390656
569387005131546624
569517360828145664
569525760337162241
569548355489148928
569548800169283586
569549401364029440
569552426698723330
569622389920641024
569651366018166784
569660501526859776
569666826352898048
569675608969465856
569704108095111168
569706873525391360
569735461033213952
569772867774230528
569839889564307458
567623209026334720
567723534344933376
567765716527771648
567766329352921088
567800315093979138
567847966989508608
568111779705958400
568139007617597440
568166220706418688
568208027775569920
568234955672694784
568430874049581058
568432638823772160
568643981258723328
568656888935481344
568724299873431552
568817350864023552
568850967673896960
568894805914169345
569167347996495872
569229557468827648
569276734798893056
569294599614803968
569329378061979648
569366846547369984
569376145000390656
569387005131546624
569517360828145664
569525760337162241
569548355489148928
569548800169283586
569549401364029440
569552426698723330
569622389920641024
569651366018166784
569660501526859776
569666826352898048
569675608969465856
569704108095111168
569706873525391360
569735461033213952
569772867774230528
569839889564307458
569851578276048896
569864778702671874
569884052758659072
569887310713479168
569887819297992704
569895266670612480
569905258715082753
569906831352578049
569921385100750849
569944514137362432
569946477356818432
569959601011068928
569967834203189248
569986348041547778
570047946932101120
570085132251598850
570085229576265728
570203842542829568
570245555064074240
570249102404923392
570265883513384960
570280653389996034
570289085354541058
570289587794407425
567623209026334720
567723534344933376
567765716527771648
567766329352921088
567800315093979138
567847966989508608
568111779705958400
568139007617597440
568166220706418688
568208027775569920
568234955672694784
568430874049581058
568432638823772160
568643981258723328
568656888935481344
568724299873431552
568817350864023552
568850967673896960
568894805914169345
569167347996495872
569229557468827648
569276734798893056
569294599614803968
569329378061979648
569366846547369984
569376145000390656
569387005131546624
569517360828145664
569525760337162241
569548355489148928
569548800169283586
569549401364029440
569552426698723330
569622389920641024
569651366018166784
569660501526859776
569666826352898048
569675608969465856
569704108095111168
569706873525391360
569735461033213952
569772867774230528
569839889564307458
569851578276048896
569864778702671874
569884052758659072
569887310713479168
569887819297992704
569895266670612480
569905258715082753
569906831352578049
569921385100750849
569944514137362432
569946477356818432
569959601011068928
569967834203189248
569986348041547778
570047946932101120
570085132251598850
570085229576265728
570203842542829568
570245555064074240
570249102404923392
570265883513384960
570280653389996034
570289085354541058
570289587794407425
567623209026334720
567723534344933376
567765716527771648
567766329352921088
567800315093979138
567847966989508608
568111779705958400
568139007617597440
568166220706418688
568208027775569920
568234955672694784
568430874049581058
568432638823772160
568643981258723328
568656888935481344
568724299873431552
568817350864023552
568850967673896960
568894805914169345
569167347996495872
569229557468827648
569276734798893056
569294599614803968
569329378061979648
569366846547369984
569376145000390656
569387005131546624
569517360828145664
569525760337162241
569548355489148928
569548800169283586
569549401364029440
569552426698723330
569622389920641024
569651366018166784
569660501526859776
569666826352898048
569675608969465856
569704108095111168
569706873525391360
569735461033213952
569772867774230528
569839889564307458
569851578276048896
569864778702671874
569884052758659072
569887310713479168
569887819297992704
569895266670612480
569905258715082753
569906831352578049
569921385100750849
569944514137362432
569946477356818432
569959601011068928
569967834203189248
569986348041547778
570047946932101120
570085132251598850
570085229576265728
570203842542829568
570245555064074240
570249102404923392
570265883513384960
570280653389996034
570289085354541058
570289587794407425
567623209026334720
567723534344933376
567765716527771648
567766329352921088
567800315093979138
567847966989508608
568111779705958400
568139007617597440
568166220706418688
568208027775569920
568234955672694784
568430874049581058
568432638823772160
568643981258723328
568656888935481344
568724299873431552
568817350864023552
568850967673896960
568894805914169345
569167347996495872
569229557468827648
569276734798893056
569294599614803968
569329378061979648
569366846547369984
569376145000390656
569387005131546624
569517360828145664
569525760337162241
569548355489148928
569548800169283586
569549401364029440
569552426698723330
569622389920641024
569651366018166784
569660501526859776
569666826352898048
569675608969465856
569704108095111168
569706873525391360
569735461033213952
569772867774230528
569839889564307458
569851578276048896
569864778702671874
569884052758659072
569887310713479168
569887819297992704
569895266670612480
569905258715082753
569906831352578049
569921385100750849
569944514137362432
569946477356818432
569959601011068928
569967834203189248
569986348041547778
570047946932101120
570085132251598850
570085229576265728
570203842542829568
570245555064074240
570249102404923392
570265883513384960
570280653389996034
570289085354541058
570289587794407425
567623209026334720
567723534344933376
567765716527771648
567766329352921088
567800315093979138
567847966989508608
568111779705958400
568139007617597440
568166220706418688
568208027775569920
568234955672694784
568430874049581058
568432638823772160
568643981258723328
568656888935481344
568724299873431552
568817350864023552
568850967673896960
568894805914169345
569167347996495872
569229557468827648
569276734798893056
569294599614803968
569329378061979648
569366846547369984
569376145000390656
569387005131546624
569517360828145664
569525760337162241
569548355489148928
569548800169283586
569549401364029440
569552426698723330
569622389920641024
569651366018166784
569660501526859776
569666826352898048
569675608969465856
569704108095111168
569706873525391360
569735461033213952
569772867774230528
569839889564307458
569851578276048896
569864778702671874
569884052758659072
569887310713479168
569887819297992704
569895266670612480
569905258715082753
569906831352578049
569921385100750849
569944514137362432
569946477356818432
569959601011068928
569967834203189248
569986348041547778
570047946932101120
570085132251598850
570085229576265728
570203842542829568
570245555064074240
570249102404923392
570265883513384960
570280653389996034
570289085354541058
570289587794407425
567623209026334720
567723534344933376
567765716527771648
567766329352921088
567800315093979138
567847966989508608
568111779705958400
568139007617597440
568166220706418688
568208027775569920
568234955672694784
568430874049581058
568432638823772160
568643981258723328
568656888935481344
568724299873431552
568817350864023552
568850967673896960
568894805914169345
569167347996495872
569229557468827648
569276734798893056
569294599614803968
569329378061979648
569366846547369984
569376145000390656
569387005131546624
569517360828145664
569525760337162241
569548355489148928
569548800169283586
569549401364029440
569552426698723330
569622389920641024
569651366018166784
569660501526859776
569666826352898048
569675608969465856
569704108095111168
569706873525391360
569735461033213952
569772867774230528
569839889564307458
569851578276048896
569864778702671874
569884052758659072
569887310713479168
569887819297992704
569895266670612480
569905258715082753
569906831352578049
569921385100750849
569944514137362432
569946477356818432
569959601011068928
569967834203189248
569986348041547778
570047946932101120
570085132251598850
570085229576265728
570203842542829568
570245555064074240
570249102404923392
570265883513384960
570280653389996034
570289085354541058
570289587794407425
