567617486703853568
567670985403285504
567753194546421760
567761193138671616
567778498723737600
567796792847499265
567822780135124992
567841818357964800
567870895383015424
568045111189372928
568212796422406144
568244094583107585
568260084230455296
568414700326797312
568440431454736384
568440587411726336
568476370130628608
568797413529538562
568854082536001536
568908255310827520
569012492598251520
569293296872222720
569343160062742528
569343970360348672
569365709500710912
569552378812194816
569562147279253504
569601354118905859
569604994825105408
569607647051317249
569609326253502465
569644697309872128
569651085348110336
569669815205560320
569673939183493120
569692788968845312
569752206343348224
567617486703853568
567670985403285504
567753194546421760
567761193138671616
567778498723737600
567796792847499265
567822780135124992
567841818357964800
567870895383015424
568045111189372928
568212796422406144
568244094583107585
568260084230455296
568414700326797312
568440431454736384
568440587411726336
568476370130628608
568797413529538562
568854082536001536
568908255310827520
569012492598251520
569293296872222720
569343160062742528
569343970360348672
569365709500710912
569552378812194816
569562147279253504
569601354118905859
569604994825105408
569607647051317249
569609326253502465
569644697309872128
569651085348110336
569669815205560320
569673939183493120
569692788968845312
569752206343348224
569843331930263552
567617486703853568
567670985403285504
567753194546421760
567761193138671616
567778498723737600
567796792847499265
567822780135124992
567841818357964800
567870895383015424
568045111189372928
568212796422406144
568244094583107585
568260084230455296
568414700326797312
568440431454736384
568440587411726336
568476370130628608
568797413529538562
568854082536001536
568908255310827520
569012492598251520
569293296872222720
569343160062742528
569343970360348672
569365709500710912
569552378812194816
569562147279253504
569601354118905859
569604994825105408
569607647051317249
569609326253502465
569644697309872128
569651085348110336
569669815205560320
569673939183493120
569692788968845312
569752206343348224
569843331930263552
569879696093126656
569883077289181184
569894969332400128
569897809731854337
569919996568215552
569929141962698752
569951253666656257
569951879825907713
569952317556043776
569962901601005569
569971542538346496
570015527961272321
570094749933289473
570098159076171776
570121276016234496
570195492006707200
570270918095695872
