567744381432516608
567747764906635265
567756837320392705
567764411205439488
567813042576199680
567814334228774912
567816651900583936
567832862130577408
567833666925121536
567837709093347328
567841954484068353
567845089508233217
567848171155496960
567890395322920960
567919961055711232
567925054853496832
568017135236022273
568034530667274240
568053507179163648
568076650782404608
568101162672500736
568108522313015296
568111178708336640
568115571788808192
568116602186502144
568116768868159488
568122284474544128
568127152450871296
568148808993013761
568166195758829568
568166390873653248
568189029478481920
568189945308786688
568206538147364864
568208413286477825
568240364315783168
568245429491654656
568258726668443648
568288672627318784
568354818344923136
568373623737556992
568374422136070144
568466895554408448
568469155709624321
568479680229208064
568487040234459138
568487293100691457
568487439062441984
568488247514554369
568489782298476544
568491593512198144
568526521910079488
568540063216197632
568541317816561664
568581984055906304
568612680937766912
568615362960293888
568620349027323905
568626969983750145
568629558716592128
568640385117003776
568654208674586624
568752276040495104
568752793999286273
568787831436345344
568793043664560128
568812129308053504
568829852721106944
568845241526038528
568846188725841920
568850826552320000
568853290513010688
568858361011154944
568861568609456128
568862320442662912
568878121958694912
568882449922416641
568883108377808896
568884344221081600
568894073345437697
568948170060746752
568996536555851776
569013921660731393
569033988855037952
569147067559485440
569152792314687488
569168955786600448
569169887689641984
569190678758080512
569201109400555520
569208317408514048
569210501059604480
569212318283771904
569216546779705344
569223492987723778
569227342675116033
569252732940320768
569262631258705920
569275566077165568
569276864260255745
569280157678071808
569290509883187202
569316220551372800
569320594400874497
569331162897739776
569336975750094848
569362149400838144
569385784685363201
569387765957308416
569415076400242688
569471541554978817
569499434633048065
569500787849728001
569502188562546688
569504232971362304
569516377524076544
569529608862875648
569559433887526913
569566981835218944
569568010555432960
569570444027822081
569575780864241664
569585968610615296
569595534916202496
569598314825555968
569598544379817984
569601354118905859
569601519663906819
569604400479649792
569604904689340416
569604994825105408
569605258621661184
569612307363266560
569625606536732672
569626796385116160
569627123150778368
569627480425766912
569628323443318785
569628494214225922
569630715698151424
569633099174322177
569639607639285761
569643184067727361
569643354557796353
569646144805953536
569646446586171392
569654393898864640
569656884262793216
569657523944366080
569658769686339584
569664261678600192
569672116750004226
569673981164277760
569678153783877634
569683334311366656
569685644449964032
569689370988408832
569691648579338240
569733572606763008
569774078233419776
569780368309657600
569811013786312704
567744381432516608
567747764906635265
567756837320392705
567764411205439488
567813042576199680
567814334228774912
567816651900583936
567832862130577408
567833666925121536
567837709093347328
567841954484068353
567845089508233217
567848171155496960
567890395322920960
567919961055711232
567925054853496832
568017135236022273
568034530667274240
568053507179163648
568076650782404608
568101162672500736
568108522313015296
568111178708336640
568115571788808192
568116602186502144
568116768868159488
568122284474544128
568127152450871296
568148808993013761
568166195758829568
568166390873653248
568189029478481920
568189945308786688
568206538147364864
568208413286477825
568240364315783168
568245429491654656
568258726668443648
568288672627318784
568354818344923136
568373623737556992
568374422136070144
568466895554408448
568469155709624321
568479680229208064
568487040234459138
568487293100691457
568487439062441984
568488247514554369
568489782298476544
568491593512198144
568526521910079488
568540063216197632
568541317816561664
568581984055906304
568612680937766912
568615362960293888
568620349027323905
568626969983750145
568629558716592128
568640385117003776
568654208674586624
568752276040495104
568752793999286273
568787831436345344
568793043664560128
568812129308053504
568829852721106944
568845241526038528
568846188725841920
568850826552320000
568853290513010688
568858361011154944
568861568609456128
568862320442662912
568878121958694912
568882449922416641
568883108377808896
568884344221081600
568894073345437697
568948170060746752
568996536555851776
569013921660731393
569033988855037952
569147067559485440
569152792314687488
569168955786600448
569169887689641984
569190678758080512
569201109400555520
569208317408514048
569210501059604480
569212318283771904
569216546779705344
569223492987723778
569227342675116033
569252732940320768
569262631258705920
569275566077165568
569276864260255745
569280157678071808
569290509883187202
569316220551372800
569320594400874497
569331162897739776
569336975750094848
569362149400838144
569385784685363201
569387765957308416
569415076400242688
569471541554978817
569499434633048065
569500787849728001
569502188562546688
569504232971362304
569516377524076544
569529608862875648
569559433887526913
569566981835218944
569568010555432960
569570444027822081
569575780864241664
569585968610615296
569595534916202496
569598314825555968
569598544379817984
569601354118905859
569601519663906819
569604400479649792
569604904689340416
569604994825105408
569605258621661184
569612307363266560
569625606536732672
569626796385116160
569627123150778368
569627480425766912
569628323443318785
569628494214225922
569630715698151424
569633099174322177
569639607639285761
569643184067727361
569643354557796353
569646144805953536
569646446586171392
569654393898864640
569656884262793216
569657523944366080
569658769686339584
569664261678600192
569672116750004226
569673981164277760
569678153783877634
569683334311366656
569685644449964032
569689370988408832
569691648579338240
569733572606763008
569774078233419776
569780368309657600
569811013786312704
569838692220542976
569842452716236800
567744381432516608
567747764906635265
567756837320392705
567764411205439488
567813042576199680
567814334228774912
567816651900583936
567832862130577408
567833666925121536
567837709093347328
567841954484068353
567845089508233217
567848171155496960
567890395322920960
567919961055711232
567925054853496832
568017135236022273
568034530667274240
568053507179163648
568076650782404608
568101162672500736
568108522313015296
568111178708336640
568115571788808192
568116602186502144
568116768868159488
568122284474544128
568127152450871296
568148808993013761
568166195758829568
568166390873653248
568189029478481920
568189945308786688
568206538147364864
568208413286477825
568240364315783168
568245429491654656
568258726668443648
568288672627318784
568354818344923136
568373623737556992
568374422136070144
568466895554408448
568469155709624321
568479680229208064
568487040234459138
568487293100691457
568487439062441984
568488247514554369
568489782298476544
568491593512198144
568526521910079488
568540063216197632
568541317816561664
568581984055906304
568612680937766912
568615362960293888
568620349027323905
568626969983750145
568629558716592128
568640385117003776
568654208674586624
568752276040495104
568752793999286273
568787831436345344
568793043664560128
568812129308053504
568829852721106944
568845241526038528
568846188725841920
568850826552320000
568853290513010688
568858361011154944
568861568609456128
568862320442662912
568878121958694912
568882449922416641
568883108377808896
568884344221081600
568894073345437697
568948170060746752
568996536555851776
569013921660731393
569033988855037952
569147067559485440
569152792314687488
569168955786600448
569169887689641984
569190678758080512
569201109400555520
569208317408514048
569210501059604480
569212318283771904
569216546779705344
569223492987723778
569227342675116033
569252732940320768
569262631258705920
569275566077165568
569276864260255745
569280157678071808
569290509883187202
569316220551372800
569320594400874497
569331162897739776
569336975750094848
569362149400838144
569385784685363201
569387765957308416
569415076400242688
569471541554978817
569499434633048065
569500787849728001
569502188562546688
569504232971362304
569516377524076544
569529608862875648
569559433887526913
569566981835218944
569568010555432960
569570444027822081
569575780864241664
569585968610615296
569595534916202496
569598314825555968
569598544379817984
569601354118905859
569601519663906819
569604400479649792
569604904689340416
569604994825105408
569605258621661184
569612307363266560
569625606536732672
569626796385116160
569627123150778368
569627480425766912
569628323443318785
569628494214225922
569630715698151424
569633099174322177
569639607639285761
569643184067727361
569643354557796353
569646144805953536
569646446586171392
569654393898864640
569656884262793216
569657523944366080
569658769686339584
569664261678600192
569672116750004226
569673981164277760
569678153783877634
569683334311366656
569685644449964032
569689370988408832
569691648579338240
569733572606763008
569774078233419776
569780368309657600
569811013786312704
569838692220542976
569842452716236800
569847318062632960
569863836615864320
569874879794831360
569875424924168193
569876015834484736
569879497891303424
569884644893532161
569892361691463682
569905298481274880
569905899650883585
569906117100351493
569907564156035072
569909718765842432
569910410343804928
569910943720669184
569911713459408896
569916152283041792
569925709025509376
569938880495026176
569939458965032963
569944061848760320
569947033857069057
569948991569264640
569953683309514754
569958916668305408
569959631256051712
569960303514923009
569961398551379968
569962905493315585
569963701794516992
569964335038124033
569969455171813376
569969599711571968
569972804822704128
569974287286845441
569980177247285249
569980771424976896
569991566087073792
569997351412228097
569999614624927744
570000364692484099
570002805295095808
570003144366792704
570009008817500160
570015408788414464
570021223482191873
570045712211288064
570047737347088384
570054495943720960
570063451143462913
570070449406812160
570078718028222464
570082431304392704
570095172303900672
570115286289899520
570122958695477248
570175988648316929
570183052401508352
570187080426397696
570222445971382273
570222630525014017
570222748615598081
570226695724244992
570232487454113792
570233306664591361
570239376283676672
570242474750423040
570244762785210368
570249083790733312
570263889696305152
570264556443824128
570265596220166144
570265699215675392
570267287883616256
570269172774649856
570270918095695872
570297185704812545
570297414848000000
570299819610251265
570303720308809728
