567797327071838208
567879888490868736
568377392420356096
568599168949886977
568837615220166657
568897992712802304
569626122578726913
569683183161233408
567797327071838208
567879888490868736
568377392420356096
568599168949886977
568837615220166657
568897992712802304
569626122578726913
569683183161233408
567797327071838208
567879888490868736
568377392420356096
568599168949886977
568837615220166657
568897992712802304
569626122578726913
569683183161233408
570019623078383616
570226870119215104
570293957739081728
