569198782421663745
569598323621023745
569198782421663745
569598323621023745
569198782421663745
569598323621023745
569880322487263232
570068397544710144
569198782421663745
569598323621023745
569880322487263232
570068397544710144
569198782421663745
569598323621023745
569880322487263232
570068397544710144
569198782421663745
569598323621023745
569880322487263232
570068397544710144
569198782421663745
569598323621023745
569880322487263232
570068397544710144
569198782421663745
569598323621023745
569880322487263232
570068397544710144
