567723431513575424
567731246462033920
567732468657041408
567741884140093440
567761476338073600
567766755797389312
567781477761314816
567781675514343424
567802662026014720
567805714216792064
567812544099827712
567814121870348289
567822098950791168
567831549539966976
567832862130577408
567833916196843520
567839160779730944
567843415716732928
567844852135645186
567847966989508608
567857591222603776
567860313883693056
567864832235405313
567872077899763712
567872392116191233
567881459161260032
567895319951835137
567895584625020928
567905194563997696
567926839630557184
567971836321009664
567987284613545984
568031706944540672
568055480226066434
568068216972423169
568075679008468992
568079446592385025
568109598034554880
568139693574848513
568166268546748416
568181761114546176
568184886051389440
568189372362674176
568218884060241920
568221088750161920
568224769872502784
568236511524745216
568239189055176704
568240532746473472
568258726668443648
568375354982842368
568378076955938816
568380302114086912
568395094232932352
568424307031805952
568437285605257216
568440431454736384
568451040397422593
568457549973987328
568464076122279937
568487439062441984
568487688510287873
568522028627533824
568536646963970048
568571021554556929
568588797182648320
568615916730056704
568641157724549120
568654569976123392
568672436977168385
568755759670022147
568757775205056512
568760283864416257
568764059732058112
568769775515635712
568776831006064640
568796449863028736
568806985505726464
568809327298883584
568810874204327936
568812584469528576
568817894030741504
568840215089041409
568850826552320000
568852246462631936
568853685855334400
568855933360607232
568858974281314304
568863640721477632
568883664219537408
568898634923843586
568913819881205761
568917054004334592
568919673548337152
568931356287365120
568948170060746752
568950706008231936
568954048038055936
568963218703564800
568994507074772992
568995213529759745
568996669167181824
569008601009762305
569016588411789312
569102942088900608
569114030268424192
569118675070005248
569127429702348800
569162211748245504
569191838579429377
569206152510226432
569207022597509120
569207193377107968
569226723738324992
569229557468827648
569241158196400130
569245856680914944
569255036796215297
569256374011428866
569257626715889664
569274088289660928
569276042491211777
569278041165324290
569286569548320769
569293296872222720
569302005111508992
569307607007150080
569309296023998464
569310249859080192
569325844906115072
569325844931448832
569358956549681152
569431884217909248
569454641320062976
569507632509267968
569508903735545857
569522767868989440
569524522291892226
569540659209596928
569541879441858560
569545779079094272
569561062749700097
569564610837086209
569564853460807680
569567685719101440
569571492947742720
569576236541825024
569581303785328640
569583725408870401
569589123218079745
569598406181695488
569601934853873664
569602295224246272
569604985110994945
569605521050898433
569606467646578688
569620598307074048
569629822789365761
569630106940895233
569630712233627648
569636003473793024
569640847119163394
569641319712169984
569641810571763712
569642063005753344
569651021175267332
569651499422375936
569653752279531521
569654332246904832
569654439646269440
569658903044218880
569659637575917568
569660864653099009
569661852235509762
569672292919173120
569673582609088512
569674356915347456
569676317144133632
569681863939371008
569686478046887937
569687374193680384
569692936880791552
569693838329180160
569705870830874625
569710627649761282
569714651489050624
569716065741045760
569720565319102464
569723985262354433
569728466469453825
569729657248985089
569745686784315392
567723431513575424
567731246462033920
567732468657041408
567741884140093440
567761476338073600
567766755797389312
567781477761314816
567781675514343424
567802662026014720
567805714216792064
567812544099827712
567814121870348289
567822098950791168
567831549539966976
567832862130577408
567833916196843520
567839160779730944
567843415716732928
567844852135645186
567847966989508608
567857591222603776
567860313883693056
567864832235405313
567872077899763712
567872392116191233
567881459161260032
567895319951835137
567895584625020928
567905194563997696
567926839630557184
567971836321009664
567987284613545984
568031706944540672
568055480226066434
568068216972423169
568075679008468992
568079446592385025
568109598034554880
568139693574848513
568166268546748416
568181761114546176
568184886051389440
568189372362674176
568218884060241920
568221088750161920
568224769872502784
568236511524745216
568239189055176704
568240532746473472
568258726668443648
568375354982842368
568378076955938816
568380302114086912
568395094232932352
568424307031805952
568437285605257216
568440431454736384
568451040397422593
568457549973987328
568464076122279937
568487439062441984
568487688510287873
568522028627533824
568536646963970048
568571021554556929
568588797182648320
568615916730056704
568641157724549120
568654569976123392
568672436977168385
568755759670022147
568757775205056512
568760283864416257
568764059732058112
568769775515635712
568776831006064640
568796449863028736
568806985505726464
568809327298883584
568810874204327936
568812584469528576
568817894030741504
568840215089041409
568850826552320000
568852246462631936
568853685855334400
568855933360607232
568858974281314304
568863640721477632
568883664219537408
568898634923843586
568913819881205761
568917054004334592
568919673548337152
568931356287365120
568948170060746752
568950706008231936
568954048038055936
568963218703564800
568994507074772992
568995213529759745
568996669167181824
569008601009762305
569016588411789312
569102942088900608
569114030268424192
569118675070005248
569127429702348800
569162211748245504
569191838579429377
569206152510226432
569207022597509120
569207193377107968
569226723738324992
569229557468827648
569241158196400130
569245856680914944
569255036796215297
569256374011428866
569257626715889664
569274088289660928
569276042491211777
569278041165324290
569286569548320769
569293296872222720
569302005111508992
569307607007150080
569309296023998464
569310249859080192
569325844906115072
569325844931448832
569358956549681152
569431884217909248
569454641320062976
569507632509267968
569508903735545857
569522767868989440
569524522291892226
569540659209596928
569541879441858560
569545779079094272
569561062749700097
569564610837086209
569564853460807680
569567685719101440
569571492947742720
569576236541825024
569581303785328640
569583725408870401
569589123218079745
569598406181695488
569601934853873664
569602295224246272
569604985110994945
569605521050898433
569606467646578688
569620598307074048
569629822789365761
569630106940895233
569630712233627648
569636003473793024
569640847119163394
569641319712169984
569641810571763712
569642063005753344
569651021175267332
569651499422375936
569653752279531521
569654332246904832
569654439646269440
569658903044218880
569659637575917568
569660864653099009
569661852235509762
569672292919173120
569673582609088512
569674356915347456
569676317144133632
569681863939371008
569686478046887937
569687374193680384
569692936880791552
569693838329180160
569705870830874625
569710627649761282
569714651489050624
569716065741045760
569720565319102464
569723985262354433
569728466469453825
569729657248985089
569745686784315392
569828681297870848
569832383991525377
569839559728439296
567723431513575424
567731246462033920
567732468657041408
567741884140093440
567761476338073600
567766755797389312
567781477761314816
567781675514343424
567802662026014720
567805714216792064
567812544099827712
567814121870348289
567822098950791168
567831549539966976
567832862130577408
567833916196843520
567839160779730944
567843415716732928
567844852135645186
567847966989508608
567857591222603776
567860313883693056
567864832235405313
567872077899763712
567872392116191233
567881459161260032
567895319951835137
567895584625020928
567905194563997696
567926839630557184
567971836321009664
567987284613545984
568031706944540672
568055480226066434
568068216972423169
568075679008468992
568079446592385025
568109598034554880
568139693574848513
568166268546748416
568181761114546176
568184886051389440
568189372362674176
568218884060241920
568221088750161920
568224769872502784
568236511524745216
568239189055176704
568240532746473472
568258726668443648
568375354982842368
568378076955938816
568380302114086912
568395094232932352
568424307031805952
568437285605257216
568440431454736384
568451040397422593
568457549973987328
568464076122279937
568487439062441984
568487688510287873
568522028627533824
568536646963970048
568571021554556929
568588797182648320
568615916730056704
568641157724549120
568654569976123392
568672436977168385
568755759670022147
568757775205056512
568760283864416257
568764059732058112
568769775515635712
568776831006064640
568796449863028736
568806985505726464
568809327298883584
568810874204327936
568812584469528576
568817894030741504
568840215089041409
568850826552320000
568852246462631936
568853685855334400
568855933360607232
568858974281314304
568863640721477632
568883664219537408
568898634923843586
568913819881205761
568917054004334592
568919673548337152
568931356287365120
568948170060746752
568950706008231936
568954048038055936
568963218703564800
568994507074772992
568995213529759745
568996669167181824
569008601009762305
569016588411789312
569102942088900608
569114030268424192
569118675070005248
569127429702348800
569162211748245504
569191838579429377
569206152510226432
569207022597509120
569207193377107968
569226723738324992
569229557468827648
569241158196400130
569245856680914944
569255036796215297
569256374011428866
569257626715889664
569274088289660928
569276042491211777
569278041165324290
569286569548320769
569293296872222720
569302005111508992
569307607007150080
569309296023998464
569310249859080192
569325844906115072
569325844931448832
569358956549681152
569431884217909248
569454641320062976
569507632509267968
569508903735545857
569522767868989440
569524522291892226
569540659209596928
569541879441858560
569545779079094272
569561062749700097
569564610837086209
569564853460807680
569567685719101440
569571492947742720
569576236541825024
569581303785328640
569583725408870401
569589123218079745
569598406181695488
569601934853873664
569602295224246272
569604985110994945
569605521050898433
569606467646578688
569620598307074048
569629822789365761
569630106940895233
569630712233627648
569636003473793024
569640847119163394
569641319712169984
569641810571763712
569642063005753344
569651021175267332
569651499422375936
569653752279531521
569654332246904832
569654439646269440
569658903044218880
569659637575917568
569660864653099009
569661852235509762
569672292919173120
569673582609088512
569674356915347456
569676317144133632
569681863939371008
569686478046887937
569687374193680384
569692936880791552
569693838329180160
569705870830874625
569710627649761282
569714651489050624
569716065741045760
569720565319102464
569723985262354433
569728466469453825
569729657248985089
569745686784315392
569828681297870848
569832383991525377
569839559728439296
569863194929471488
569863765451255809
569867786572341252
569875093360238592
569878754551599104
569885487508418560
569886288691773440
569891790343569408
569895538910498817
569897060717105152
569907336485019648
569914369905201153
569918484726964224
569925645204987904
569934076641030146
569946703522091008
569948411966976000
569958485913243648
569959182729785344
569959876706885632
569961398551379968
569962494283919360
569967808446009345
569974508435562496
569981899332059136
570002150115254272
570026514923675648
570032949992800256
570052545298759680
570057993770831872
570058295689523200
570058699676520448
570074976428158976
570083998380232704
570086501222096896
570091270334509056
570099970742886400
570121361953202178
570138307767578625
570143097809707008
570146467542933505
570174964856266752
570175669096882176
570181700036087809
570197868813918208
570198522911436800
570203943671865345
570219815941615616
570220053142097920
570224719011704832
570224927602839552
570240207682998272
570240524592017408
570243095482261504
570261418387353601
570269272502607873
570269280748441601
570270728051765248
570271846718775296
570272714205863936
570274417546113025
570276439829774336
570284308210032640
570288799860846592
570289777184002048
570295174385016832
