567720839408533504
567744627143213056
568489413262610433
568769373122342912
568819025733652481
569616974256472064
569715539821654017
567720839408533504
567744627143213056
568489413262610433
568769373122342912
568819025733652481
569616974256472064
569715539821654017
567720839408533504
567744627143213056
568489413262610433
568769373122342912
568819025733652481
569616974256472064
569715539821654017
569961203197325312
567720839408533504
567744627143213056
568489413262610433
568769373122342912
568819025733652481
569616974256472064
569715539821654017
569961203197325312
567720839408533504
567744627143213056
568489413262610433
568769373122342912
568819025733652481
569616974256472064
569715539821654017
569961203197325312
567720839408533504
567744627143213056
568489413262610433
568769373122342912
568819025733652481
569616974256472064
569715539821654017
569961203197325312
567720839408533504
567744627143213056
568489413262610433
568769373122342912
568819025733652481
569616974256472064
569715539821654017
569961203197325312
567720839408533504
567744627143213056
568489413262610433
568769373122342912
568819025733652481
569616974256472064
569715539821654017
569961203197325312
