567908391256875008
567919829589442560
568100371794665472
568148808993013761
569304533140185088
569324719993827329
569538703732772864
569598511483789312
569602817633222656
569603875671396352
569646045656948737
569710853160710144
567908391256875008
567919829589442560
568100371794665472
568148808993013761
569304533140185088
569324719993827329
569538703732772864
569598511483789312
569602817633222656
569603875671396352
569646045656948737
569710853160710144
567908391256875008
567919829589442560
568100371794665472
568148808993013761
569304533140185088
569324719993827329
569538703732772864
569598511483789312
569602817633222656
569603875671396352
569646045656948737
569710853160710144
569944355261304833
569949891163615232
570078355770339328
570143097809707008
570252965392592896
570272154635374592
