567739625465077761
567767009908109312
567778703959408641
567780426601996288
567787240399851520
567821166775156736
567906248852533248
568094839063089153
568480654347935745
568553155937452034
568556636068921344
568898784861814785
568951462413209601
569496068255195137
569579474762608640
569601332040089600
569719964023853056
567739625465077761
567767009908109312
567778703959408641
567780426601996288
567787240399851520
567821166775156736
567906248852533248
568094839063089153
568480654347935745
568553155937452034
568556636068921344
568898784861814785
568951462413209601
569496068255195137
569579474762608640
569601332040089600
569719964023853056
567739625465077761
567767009908109312
567778703959408641
567780426601996288
567787240399851520
567821166775156736
567906248852533248
568094839063089153
568480654347935745
568553155937452034
568556636068921344
568898784861814785
568951462413209601
569496068255195137
569579474762608640
569601332040089600
569719964023853056
569980561344897024
570269172774649856
570275123854487552
570298918971576320
567739625465077761
567767009908109312
567778703959408641
567780426601996288
567787240399851520
567821166775156736
567906248852533248
568094839063089153
568480654347935745
568553155937452034
568556636068921344
568898784861814785
568951462413209601
569496068255195137
569579474762608640
569601332040089600
569719964023853056
569980561344897024
570269172774649856
570275123854487552
570298918971576320
567739625465077761
567767009908109312
567778703959408641
567780426601996288
567787240399851520
567821166775156736
567906248852533248
568094839063089153
568480654347935745
568553155937452034
568556636068921344
568898784861814785
568951462413209601
569496068255195137
569579474762608640
569601332040089600
569719964023853056
569980561344897024
570269172774649856
570275123854487552
570298918971576320
567739625465077761
567767009908109312
567778703959408641
567780426601996288
567787240399851520
567821166775156736
567906248852533248
568094839063089153
568480654347935745
568553155937452034
568556636068921344
568898784861814785
568951462413209601
569496068255195137
569579474762608640
569601332040089600
569719964023853056
569980561344897024
570269172774649856
570275123854487552
570298918971576320
567739625465077761
567767009908109312
567778703959408641
567780426601996288
567787240399851520
567821166775156736
567906248852533248
568094839063089153
568480654347935745
568553155937452034
568556636068921344
568898784861814785
568951462413209601
569496068255195137
569579474762608640
569601332040089600
569719964023853056
569980561344897024
570269172774649856
570275123854487552
570298918971576320
567739625465077761
567767009908109312
567778703959408641
567780426601996288
567787240399851520
567821166775156736
567906248852533248
568094839063089153
568480654347935745
568553155937452034
568556636068921344
568898784861814785
568951462413209601
569496068255195137
569579474762608640
569601332040089600
569719964023853056
569980561344897024
570269172774649856
570275123854487552
570298918971576320
