567783687980367872
567908046619439104
567950666578030594
568081678272307201
568139007617597440
568454607040606208
568482840750530560
568491460250742784
569176746735632384
569232748663214080
569364758681559042
569381443257958401
569382132231110656
569385087424458752
569592236981284864
569606016070844420
567783687980367872
567908046619439104
567950666578030594
568081678272307201
568139007617597440
568454607040606208
568482840750530560
568491460250742784
569176746735632384
569232748663214080
569364758681559042
569381443257958401
569382132231110656
569385087424458752
569592236981284864
569606016070844420
567783687980367872
567908046619439104
567950666578030594
568081678272307201
568139007617597440
568454607040606208
568482840750530560
568491460250742784
569176746735632384
569232748663214080
569364758681559042
569381443257958401
569382132231110656
569385087424458752
569592236981284864
569606016070844420
569929973156327424
570070880983711744
570134947828080640
570215711416537088
570306086475075585
