567698031081160704
567845165781532672
567851387641597952
567859714169708544
567904873246781440
567919558649995264
568424902287446016
568834182694240256
568877690821877760
568957769858060290
568958380032860160
569199676282564609
569280669593038848
569428644432617473
569556215375613952
569613284455948289
569656230769262592
569668536966053888
569734065697353729
569762940816990208
569801344988680192
567698031081160704
567845165781532672
567851387641597952
567859714169708544
567904873246781440
567919558649995264
568424902287446016
568834182694240256
568877690821877760
568957769858060290
568958380032860160
569199676282564609
569280669593038848
569428644432617473
569556215375613952
569613284455948289
569656230769262592
569668536966053888
569734065697353729
569762940816990208
569801344988680192
569830069746712576
567698031081160704
567845165781532672
567851387641597952
567859714169708544
567904873246781440
567919558649995264
568424902287446016
568834182694240256
568877690821877760
568957769858060290
568958380032860160
569199676282564609
569280669593038848
569428644432617473
569556215375613952
569613284455948289
569656230769262592
569668536966053888
569734065697353729
569762940816990208
569801344988680192
569830069746712576
569859985208770562
569870657246404608
569903253183455233
569968886227050496
569969218306904067
570085487261700096
570259540697948162
570308156699611137
567698031081160704
567845165781532672
567851387641597952
567859714169708544
567904873246781440
567919558649995264
568424902287446016
568834182694240256
568877690821877760
568957769858060290
568958380032860160
569199676282564609
569280669593038848
569428644432617473
569556215375613952
569613284455948289
569656230769262592
569668536966053888
569734065697353729
569762940816990208
569801344988680192
569830069746712576
569859985208770562
569870657246404608
569903253183455233
569968886227050496
569969218306904067
570085487261700096
570259540697948162
570308156699611137
567698031081160704
567845165781532672
567851387641597952
567859714169708544
567904873246781440
567919558649995264
568424902287446016
568834182694240256
568877690821877760
568957769858060290
568958380032860160
569199676282564609
569280669593038848
569428644432617473
569556215375613952
569613284455948289
569656230769262592
569668536966053888
569734065697353729
569762940816990208
569801344988680192
569830069746712576
569859985208770562
569870657246404608
569903253183455233
569968886227050496
569969218306904067
570085487261700096
570259540697948162
570308156699611137
567698031081160704
567845165781532672
567851387641597952
567859714169708544
567904873246781440
567919558649995264
568424902287446016
568834182694240256
568877690821877760
568957769858060290
568958380032860160
569199676282564609
569280669593038848
569428644432617473
569556215375613952
569613284455948289
569656230769262592
569668536966053888
569734065697353729
569762940816990208
569801344988680192
569830069746712576
569859985208770562
569870657246404608
569903253183455233
569968886227050496
569969218306904067
570085487261700096
570259540697948162
570308156699611137
567698031081160704
567845165781532672
567851387641597952
567859714169708544
567904873246781440
567919558649995264
568424902287446016
568834182694240256
568877690821877760
568957769858060290
568958380032860160
569199676282564609
569280669593038848
569428644432617473
569556215375613952
569613284455948289
569656230769262592
569668536966053888
569734065697353729
569762940816990208
569801344988680192
569830069746712576
569859985208770562
569870657246404608
569903253183455233
569968886227050496
569969218306904067
570085487261700096
570259540697948162
570308156699611137
567698031081160704
567845165781532672
567851387641597952
567859714169708544
567904873246781440
567919558649995264
568424902287446016
568834182694240256
568877690821877760
568957769858060290
568958380032860160
569199676282564609
569280669593038848
569428644432617473
569556215375613952
569613284455948289
569656230769262592
569668536966053888
569734065697353729
569762940816990208
569801344988680192
569830069746712576
569859985208770562
569870657246404608
569903253183455233
569968886227050496
569969218306904067
570085487261700096
570259540697948162
570308156699611137
