567745702231830529
567832862130577408
567926839630557184
568078069568839680
568228614275260416
568396209091702784
568494692117155841
568574614110117888
568588273137754112
568651726858747904
568673970251116544
568976326666768384
569108069893992448
569168436280098816
569537708202307584
569543457452064768
569591945816772608
569605602961281024
569654749055864832
569720605383241728
569742876793372672
567745702231830529
567832862130577408
567926839630557184
568078069568839680
568228614275260416
568396209091702784
568494692117155841
568574614110117888
568588273137754112
568651726858747904
568673970251116544
568976326666768384
569108069893992448
569168436280098816
569537708202307584
569543457452064768
569591945816772608
569605602961281024
569654749055864832
569720605383241728
569742876793372672
567745702231830529
567832862130577408
567926839630557184
568078069568839680
568228614275260416
568396209091702784
568494692117155841
568574614110117888
568588273137754112
568651726858747904
568673970251116544
568976326666768384
569108069893992448
569168436280098816
569537708202307584
569543457452064768
569591945816772608
569605602961281024
569654749055864832
569720605383241728
569742876793372672
569864610016321536
569908781720702976
569916324471828481
569956742122983424
569962901601005569
569986246648442881
570069262586540032
570078733735821313
570085644015419393
570259268844314625
570274815736549376
