567722301471199232
567756556536909825
567800315093979138
567816651900583936
567841954484068353
567842466851905536
568035844088590336
568218884060241920
568224769872502784
568258075431477248
568308464985903104
568422177571258368
568448265441554432
568587228353585154
568639824145584128
568644053522391041
568648917551697920
568724832898162688
568756110456270849
568773342053969920
568775800599801856
568855390462603264
568880030123745280
568900770860392448
568913819881205761
569030219438239744
569129625592274944
569166753101684736
569190357344358400
569197350901714944
569249223897526272
569283956484415490
569330686135537664
569337605223006209
569342508553121795
569357079716229121
569359025655181312
569450700532535296
569451523878420480
569464183374385152
569464902164856832
569470441573609473
569504786879528962
569504928810414080
569521101736439809
569564853460807680
569567252363812864
569582603902128128
569586471570534400
569599295713890304
569604198771363840
569605710314668035
569609680961572866
569625456816709633
569630106940895233
569645294708609025
569660164149800960
569670081946333184
569708269943418880
569734065697353729
569749507623120897
569755053159874561
569801303204851713
567722301471199232
567756556536909825
567800315093979138
567816651900583936
567841954484068353
567842466851905536
568035844088590336
568218884060241920
568224769872502784
568258075431477248
568308464985903104
568422177571258368
568448265441554432
568587228353585154
568639824145584128
568644053522391041
568648917551697920
568724832898162688
568756110456270849
568773342053969920
568775800599801856
568855390462603264
568880030123745280
568900770860392448
568913819881205761
569030219438239744
569129625592274944
569166753101684736
569190357344358400
569197350901714944
569249223897526272
569283956484415490
569330686135537664
569337605223006209
569342508553121795
569357079716229121
569359025655181312
569450700532535296
569451523878420480
569464183374385152
569464902164856832
569470441573609473
569504786879528962
569504928810414080
569521101736439809
569564853460807680
569567252363812864
569582603902128128
569586471570534400
569599295713890304
569604198771363840
569605710314668035
569609680961572866
569625456816709633
569630106940895233
569645294708609025
569660164149800960
569670081946333184
569708269943418880
569734065697353729
569749507623120897
569755053159874561
569801303204851713
569831418412429312
567722301471199232
567756556536909825
567800315093979138
567816651900583936
567841954484068353
567842466851905536
568035844088590336
568218884060241920
568224769872502784
568258075431477248
568308464985903104
568422177571258368
568448265441554432
568587228353585154
568639824145584128
568644053522391041
568648917551697920
568724832898162688
568756110456270849
568773342053969920
568775800599801856
568855390462603264
568880030123745280
568900770860392448
568913819881205761
569030219438239744
569129625592274944
569166753101684736
569190357344358400
569197350901714944
569249223897526272
569283956484415490
569330686135537664
569337605223006209
569342508553121795
569357079716229121
569359025655181312
569450700532535296
569451523878420480
569464183374385152
569464902164856832
569470441573609473
569504786879528962
569504928810414080
569521101736439809
569564853460807680
569567252363812864
569582603902128128
569586471570534400
569599295713890304
569604198771363840
569605710314668035
569609680961572866
569625456816709633
569630106940895233
569645294708609025
569660164149800960
569670081946333184
569708269943418880
569734065697353729
569749507623120897
569755053159874561
569801303204851713
569831418412429312
569865675793170432
569870128915083264
569873091763032065
569884438504427520
569910789651496960
569920778306584576
569935980129447936
569938799397990401
569957000752140290
569959876706885632
569973088076460032
569999529677852672
570000805626949633
570003289326157824
570007297927221249
570048188830216192
570056984986300418
570063869596475394
570067446712791040
570104913390206976
570188684881821696
570197868813918208
570217450874146818
570277667519332353
570303720308809728
