568637541513089024
568775130505207809
568637541513089024
568775130505207809
568637541513089024
568775130505207809
569967197478526976
570273880486629377
568637541513089024
568775130505207809
569967197478526976
570273880486629377
568637541513089024
568775130505207809
569967197478526976
570273880486629377
568637541513089024
568775130505207809
569967197478526976
570273880486629377
568637541513089024
568775130505207809
569967197478526976
570273880486629377
568637541513089024
568775130505207809
569967197478526976
570273880486629377
