567692504397803520
567737803060940800
567761267826651139
567761476338073600
567767997981671424
567918161540046848
568135421445545984
569190357344358400
569303395460259840
569385864712704001
569525811704934401
569555411998613505
569598314825555968
569614679154143232
569623164105433088
569664087740715008
569687374193680384
567692504397803520
567737803060940800
567761267826651139
567761476338073600
567767997981671424
567918161540046848
568135421445545984
569190357344358400
569303395460259840
569385864712704001
569525811704934401
569555411998613505
569598314825555968
569614679154143232
569623164105433088
569664087740715008
569687374193680384
567692504397803520
567737803060940800
567761267826651139
567761476338073600
567767997981671424
567918161540046848
568135421445545984
569190357344358400
569303395460259840
569385864712704001
569525811704934401
569555411998613505
569598314825555968
569614679154143232
569623164105433088
569664087740715008
569687374193680384
569949007465844736
569989697449140224
570053417311342593
570100824703143936
570260984704700417
570304445734629376
567692504397803520
567737803060940800
567761267826651139
567761476338073600
567767997981671424
567918161540046848
568135421445545984
569190357344358400
569303395460259840
569385864712704001
569525811704934401
569555411998613505
569598314825555968
569614679154143232
569623164105433088
569664087740715008
569687374193680384
569949007465844736
569989697449140224
570053417311342593
570100824703143936
570260984704700417
570304445734629376
567692504397803520
567737803060940800
567761267826651139
567761476338073600
567767997981671424
567918161540046848
568135421445545984
569190357344358400
569303395460259840
569385864712704001
569525811704934401
569555411998613505
569598314825555968
569614679154143232
569623164105433088
569664087740715008
569687374193680384
569949007465844736
569989697449140224
570053417311342593
570100824703143936
570260984704700417
570304445734629376
567692504397803520
567737803060940800
567761267826651139
567761476338073600
567767997981671424
567918161540046848
568135421445545984
569190357344358400
569303395460259840
569385864712704001
569525811704934401
569555411998613505
569598314825555968
569614679154143232
569623164105433088
569664087740715008
569687374193680384
569949007465844736
569989697449140224
570053417311342593
570100824703143936
570260984704700417
570304445734629376
567692504397803520
567737803060940800
567761267826651139
567761476338073600
567767997981671424
567918161540046848
568135421445545984
569190357344358400
569303395460259840
569385864712704001
569525811704934401
569555411998613505
569598314825555968
569614679154143232
569623164105433088
569664087740715008
569687374193680384
569949007465844736
569989697449140224
570053417311342593
570100824703143936
570260984704700417
570304445734629376
567692504397803520
567737803060940800
567761267826651139
567761476338073600
567767997981671424
567918161540046848
568135421445545984
569190357344358400
569303395460259840
569385864712704001
569525811704934401
569555411998613505
569598314825555968
569614679154143232
569623164105433088
569664087740715008
569687374193680384
569949007465844736
569989697449140224
570053417311342593
570100824703143936
570260984704700417
570304445734629376
