567730704055037953
567774277656682496
567790995148783616
567832862130577408
567873519356284928
567893704058474496
568055724078706689
568062007108190210
568063225859739648
568077686507229184
568086068135895040
568105220410105857
568109565796958209
568166195758829568
568231913040814080
568395094232932352
568405950958333952
568432677789011968
568436267702071296
568612680937766912
568850826552320000
568874175693242369
568874496507174912
568878121958694912
568883108377808896
568883988338581504
568890203923980288
568899508601430016
568967907042037761
569170541250129920
569186566247051265
569217012980805632
569264736455536641
569310249859080192
569559149933142016
569591653121597440
569615100006440960
569616883734974464
569628499549548545
569670559300239360
567730704055037953
567774277656682496
567790995148783616
567832862130577408
567873519356284928
567893704058474496
568055724078706689
568062007108190210
568063225859739648
568077686507229184
568086068135895040
568105220410105857
568109565796958209
568166195758829568
568231913040814080
568395094232932352
568405950958333952
568432677789011968
568436267702071296
568612680937766912
568850826552320000
568874175693242369
568874496507174912
568878121958694912
568883108377808896
568883988338581504
568890203923980288
568899508601430016
568967907042037761
569170541250129920
569186566247051265
569217012980805632
569264736455536641
569310249859080192
569559149933142016
569591653121597440
569615100006440960
569616883734974464
569628499549548545
569670559300239360
567730704055037953
567774277656682496
567790995148783616
567832862130577408
567873519356284928
567893704058474496
568055724078706689
568062007108190210
568063225859739648
568077686507229184
568086068135895040
568105220410105857
568109565796958209
568166195758829568
568231913040814080
568395094232932352
568405950958333952
568432677789011968
568436267702071296
568612680937766912
568850826552320000
568874175693242369
568874496507174912
568878121958694912
568883108377808896
568883988338581504
568890203923980288
568899508601430016
568967907042037761
569170541250129920
569186566247051265
569217012980805632
569264736455536641
569310249859080192
569559149933142016
569591653121597440
569615100006440960
569616883734974464
569628499549548545
569670559300239360
569890109803220993
569899522152726529
569912888866906112
569918453722656768
569920778306584576
569929134639611904
569930942833258496
569944956132990976
569980415919853569
570003828658950145
570022715072983041
570045020402626561
570084707548958720
570097189617143808
570248600623521793
570250252382416896
570265780186710017
570285537833168896
570288380384292864
