567927503718731777
569167347996495872
567927503718731777
569167347996495872
567927503718731777
569167347996495872
570277418642120704
570295405818335236
567927503718731777
569167347996495872
570277418642120704
570295405818335236
567927503718731777
569167347996495872
570277418642120704
570295405818335236
567927503718731777
569167347996495872
570277418642120704
570295405818335236
567927503718731777
569167347996495872
570277418642120704
570295405818335236
567927503718731777
569167347996495872
570277418642120704
570295405818335236
