568758241745719297
569355673068118016
569544271017037824
568758241745719297
569355673068118016
569544271017037824
568758241745719297
569355673068118016
569544271017037824
570151672070205440
568758241745719297
569355673068118016
569544271017037824
570151672070205440
568758241745719297
569355673068118016
569544271017037824
570151672070205440
568758241745719297
569355673068118016
569544271017037824
570151672070205440
568758241745719297
569355673068118016
569544271017037824
570151672070205440
568758241745719297
569355673068118016
569544271017037824
570151672070205440
