568510632930050048
569103956795904000
569657850856919041
568510632930050048
569103956795904000
569657850856919041
568510632930050048
569103956795904000
569657850856919041
569951211471962112
568510632930050048
569103956795904000
569657850856919041
569951211471962112
568510632930050048
569103956795904000
569657850856919041
569951211471962112
568510632930050048
569103956795904000
569657850856919041
569951211471962112
568510632930050048
569103956795904000
569657850856919041
569951211471962112
568510632930050048
569103956795904000
569657850856919041
569951211471962112
