568602941940043776
569452063920226304
569671596744380416
568602941940043776
569452063920226304
569671596744380416
568602941940043776
569452063920226304
569671596744380416
570201347414462464
570265919676485632
568602941940043776
569452063920226304
569671596744380416
570201347414462464
570265919676485632
568602941940043776
569452063920226304
569671596744380416
570201347414462464
570265919676485632
568602941940043776
569452063920226304
569671596744380416
570201347414462464
570265919676485632
568602941940043776
569452063920226304
569671596744380416
570201347414462464
570265919676485632
568602941940043776
569452063920226304
569671596744380416
570201347414462464
570265919676485632
