567788514952368129
567896040982069249
567908831545544706
567918161540046848
568141442951942146
568505228062023680
568673332184240129
569168028014743552
569247182475407360
569254216415481856
569278418606559233
569481676893622272
569516852805808129
569531484903772161
569613113718218752
569626978397134848
569627784626229248
569631824101683200
569633287204773888
569649508113625089
569693838329180160
567788514952368129
567896040982069249
567908831545544706
567918161540046848
568141442951942146
568505228062023680
568673332184240129
569168028014743552
569247182475407360
569254216415481856
569278418606559233
569481676893622272
569516852805808129
569531484903772161
569613113718218752
569626978397134848
569627784626229248
569631824101683200
569633287204773888
569649508113625089
569693838329180160
567788514952368129
567896040982069249
567908831545544706
567918161540046848
568141442951942146
568505228062023680
568673332184240129
569168028014743552
569247182475407360
569254216415481856
569278418606559233
569481676893622272
569516852805808129
569531484903772161
569613113718218752
569626978397134848
569627784626229248
569631824101683200
569633287204773888
569649508113625089
569693838329180160
569908990118723584
569946372901707776
570122183072092160
570198289376677888
570272387985514497
570283453750489088
567788514952368129
567896040982069249
567908831545544706
567918161540046848
568141442951942146
568505228062023680
568673332184240129
569168028014743552
569247182475407360
569254216415481856
569278418606559233
569481676893622272
569516852805808129
569531484903772161
569613113718218752
569626978397134848
569627784626229248
569631824101683200
569633287204773888
569649508113625089
569693838329180160
569908990118723584
569946372901707776
570122183072092160
570198289376677888
570272387985514497
570283453750489088
567788514952368129
567896040982069249
567908831545544706
567918161540046848
568141442951942146
568505228062023680
568673332184240129
569168028014743552
569247182475407360
569254216415481856
569278418606559233
569481676893622272
569516852805808129
569531484903772161
569613113718218752
569626978397134848
569627784626229248
569631824101683200
569633287204773888
569649508113625089
569693838329180160
569908990118723584
569946372901707776
570122183072092160
570198289376677888
570272387985514497
570283453750489088
567788514952368129
567896040982069249
567908831545544706
567918161540046848
568141442951942146
568505228062023680
568673332184240129
569168028014743552
569247182475407360
569254216415481856
569278418606559233
569481676893622272
569516852805808129
569531484903772161
569613113718218752
569626978397134848
569627784626229248
569631824101683200
569633287204773888
569649508113625089
569693838329180160
569908990118723584
569946372901707776
570122183072092160
570198289376677888
570272387985514497
570283453750489088
567788514952368129
567896040982069249
567908831545544706
567918161540046848
568141442951942146
568505228062023680
568673332184240129
569168028014743552
569247182475407360
569254216415481856
569278418606559233
569481676893622272
569516852805808129
569531484903772161
569613113718218752
569626978397134848
569627784626229248
569631824101683200
569633287204773888
569649508113625089
569693838329180160
569908990118723584
569946372901707776
570122183072092160
570198289376677888
570272387985514497
570283453750489088
567788514952368129
567896040982069249
567908831545544706
567918161540046848
568141442951942146
568505228062023680
568673332184240129
569168028014743552
569247182475407360
569254216415481856
569278418606559233
569481676893622272
569516852805808129
569531484903772161
569613113718218752
569626978397134848
569627784626229248
569631824101683200
569633287204773888
569649508113625089
569693838329180160
569908990118723584
569946372901707776
570122183072092160
570198289376677888
570272387985514497
570283453750489088
