567732946241470464
567739625465077761
567791526370365440
567808567580041216
567822717665198080
567832250110337024
567834881939546113
567842466851905536
567847737061941249
567865703765798912
567894187900710912
567907070269198337
568052343922507776
568115075266973696
568115928044404736
568116088631791616
568118442454355968
568208413286477825
568211021497638912
568213843618299904
568216196132302848
568216411404808192
568221167288344577
568232723170484224
568478510538493952
568480213123919874
568519971971538945
568592809344819200
568672436977168385
568829494556897280
568829652233428992
568869594531651584
568894805914169345
568898165635575808
568972562819997696
568998609590419456
569013921660731393
569020255441264640
569085417045143552
569162211748245504
569162593819955203
569241682283081728
569242037968445441
569243519652470784
569243676594941953
569255845394952192
569257918815539200
569262631258705920
569316547673526272
569324035835711489
569475306018353152
569526101669769217
569598671420919808
569606926234824704
569607124772196352
569616120866476032
569643210785497088
569658503570296832
569674294411669504
569683397657767937
569685581787205632
569714755838935040
569747411779735552
569775795452792833
567732946241470464
567739625465077761
567791526370365440
567808567580041216
567822717665198080
567832250110337024
567834881939546113
567842466851905536
567847737061941249
567865703765798912
567894187900710912
567907070269198337
568052343922507776
568115075266973696
568115928044404736
568116088631791616
568118442454355968
568208413286477825
568211021497638912
568213843618299904
568216196132302848
568216411404808192
568221167288344577
568232723170484224
568478510538493952
568480213123919874
568519971971538945
568592809344819200
568672436977168385
568829494556897280
568829652233428992
568869594531651584
568894805914169345
568898165635575808
568972562819997696
568998609590419456
569013921660731393
569020255441264640
569085417045143552
569162211748245504
569162593819955203
569241682283081728
569242037968445441
569243519652470784
569243676594941953
569255845394952192
569257918815539200
569262631258705920
569316547673526272
569324035835711489
569475306018353152
569526101669769217
569598671420919808
569606926234824704
569607124772196352
569616120866476032
569643210785497088
569658503570296832
569674294411669504
569683397657767937
569685581787205632
569714755838935040
569747411779735552
569775795452792833
569843331930263552
567732946241470464
567739625465077761
567791526370365440
567808567580041216
567822717665198080
567832250110337024
567834881939546113
567842466851905536
567847737061941249
567865703765798912
567894187900710912
567907070269198337
568052343922507776
568115075266973696
568115928044404736
568116088631791616
568118442454355968
568208413286477825
568211021497638912
568213843618299904
568216196132302848
568216411404808192
568221167288344577
568232723170484224
568478510538493952
568480213123919874
568519971971538945
568592809344819200
568672436977168385
568829494556897280
568829652233428992
568869594531651584
568894805914169345
568898165635575808
568972562819997696
568998609590419456
569013921660731393
569020255441264640
569085417045143552
569162211748245504
569162593819955203
569241682283081728
569242037968445441
569243519652470784
569243676594941953
569255845394952192
569257918815539200
569262631258705920
569316547673526272
569324035835711489
569475306018353152
569526101669769217
569598671420919808
569606926234824704
569607124772196352
569616120866476032
569643210785497088
569658503570296832
569674294411669504
569683397657767937
569685581787205632
569714755838935040
569747411779735552
569775795452792833
569843331930263552
569857446371438592
569880599764140033
569892297329913856
569897003255083008
569933777931145216
569940147615113216
569940980809342976
569943022474956802
569953475640995840
569966060926947329
569983990683148288
570025428095770624
570025681062633472
570032300265578496
570040888321318912
570050754158800896
570066231757180928
570130792443039744
570298644475346945
567732946241470464
567739625465077761
567791526370365440
567808567580041216
567822717665198080
567832250110337024
567834881939546113
567842466851905536
567847737061941249
567865703765798912
567894187900710912
567907070269198337
568052343922507776
568115075266973696
568115928044404736
568116088631791616
568118442454355968
568208413286477825
568211021497638912
568213843618299904
568216196132302848
568216411404808192
568221167288344577
568232723170484224
568478510538493952
568480213123919874
568519971971538945
568592809344819200
568672436977168385
568829494556897280
568829652233428992
568869594531651584
568894805914169345
568898165635575808
568972562819997696
568998609590419456
569013921660731393
569020255441264640
569085417045143552
569162211748245504
569162593819955203
569241682283081728
569242037968445441
569243519652470784
569243676594941953
569255845394952192
569257918815539200
569262631258705920
569316547673526272
569324035835711489
569475306018353152
569526101669769217
569598671420919808
569606926234824704
569607124772196352
569616120866476032
569643210785497088
569658503570296832
569674294411669504
569683397657767937
569685581787205632
569714755838935040
569747411779735552
569775795452792833
569843331930263552
569857446371438592
569880599764140033
569892297329913856
569897003255083008
569933777931145216
569940147615113216
569940980809342976
569943022474956802
569953475640995840
569966060926947329
569983990683148288
570025428095770624
570025681062633472
570032300265578496
570040888321318912
570050754158800896
570066231757180928
570130792443039744
570298644475346945
567732946241470464
567739625465077761
567791526370365440
567808567580041216
567822717665198080
567832250110337024
567834881939546113
567842466851905536
567847737061941249
567865703765798912
567894187900710912
567907070269198337
568052343922507776
568115075266973696
568115928044404736
568116088631791616
568118442454355968
568208413286477825
568211021497638912
568213843618299904
568216196132302848
568216411404808192
568221167288344577
568232723170484224
568478510538493952
568480213123919874
568519971971538945
568592809344819200
568672436977168385
568829494556897280
568829652233428992
568869594531651584
568894805914169345
568898165635575808
568972562819997696
568998609590419456
569013921660731393
569020255441264640
569085417045143552
569162211748245504
569162593819955203
569241682283081728
569242037968445441
569243519652470784
569243676594941953
569255845394952192
569257918815539200
569262631258705920
569316547673526272
569324035835711489
569475306018353152
569526101669769217
569598671420919808
569606926234824704
569607124772196352
569616120866476032
569643210785497088
569658503570296832
569674294411669504
569683397657767937
569685581787205632
569714755838935040
569747411779735552
569775795452792833
569843331930263552
569857446371438592
569880599764140033
569892297329913856
569897003255083008
569933777931145216
569940147615113216
569940980809342976
569943022474956802
569953475640995840
569966060926947329
569983990683148288
570025428095770624
570025681062633472
570032300265578496
570040888321318912
570050754158800896
570066231757180928
570130792443039744
570298644475346945
567732946241470464
567739625465077761
567791526370365440
567808567580041216
567822717665198080
567832250110337024
567834881939546113
567842466851905536
567847737061941249
567865703765798912
567894187900710912
567907070269198337
568052343922507776
568115075266973696
568115928044404736
568116088631791616
568118442454355968
568208413286477825
568211021497638912
568213843618299904
568216196132302848
568216411404808192
568221167288344577
568232723170484224
568478510538493952
568480213123919874
568519971971538945
568592809344819200
568672436977168385
568829494556897280
568829652233428992
568869594531651584
568894805914169345
568898165635575808
568972562819997696
568998609590419456
569013921660731393
569020255441264640
569085417045143552
569162211748245504
569162593819955203
569241682283081728
569242037968445441
569243519652470784
569243676594941953
569255845394952192
569257918815539200
569262631258705920
569316547673526272
569324035835711489
569475306018353152
569526101669769217
569598671420919808
569606926234824704
569607124772196352
569616120866476032
569643210785497088
569658503570296832
569674294411669504
569683397657767937
569685581787205632
569714755838935040
569747411779735552
569775795452792833
569843331930263552
569857446371438592
569880599764140033
569892297329913856
569897003255083008
569933777931145216
569940147615113216
569940980809342976
569943022474956802
569953475640995840
569966060926947329
569983990683148288
570025428095770624
570025681062633472
570032300265578496
570040888321318912
570050754158800896
570066231757180928
570130792443039744
570298644475346945
567732946241470464
567739625465077761
567791526370365440
567808567580041216
567822717665198080
567832250110337024
567834881939546113
567842466851905536
567847737061941249
567865703765798912
567894187900710912
567907070269198337
568052343922507776
568115075266973696
568115928044404736
568116088631791616
568118442454355968
568208413286477825
568211021497638912
568213843618299904
568216196132302848
568216411404808192
568221167288344577
568232723170484224
568478510538493952
568480213123919874
568519971971538945
568592809344819200
568672436977168385
568829494556897280
568829652233428992
568869594531651584
568894805914169345
568898165635575808
568972562819997696
568998609590419456
569013921660731393
569020255441264640
569085417045143552
569162211748245504
569162593819955203
569241682283081728
569242037968445441
569243519652470784
569243676594941953
569255845394952192
569257918815539200
569262631258705920
569316547673526272
569324035835711489
569475306018353152
569526101669769217
569598671420919808
569606926234824704
569607124772196352
569616120866476032
569643210785497088
569658503570296832
569674294411669504
569683397657767937
569685581787205632
569714755838935040
569747411779735552
569775795452792833
569843331930263552
569857446371438592
569880599764140033
569892297329913856
569897003255083008
569933777931145216
569940147615113216
569940980809342976
569943022474956802
569953475640995840
569966060926947329
569983990683148288
570025428095770624
570025681062633472
570032300265578496
570040888321318912
570050754158800896
570066231757180928
570130792443039744
570298644475346945
567732946241470464
567739625465077761
567791526370365440
567808567580041216
567822717665198080
567832250110337024
567834881939546113
567842466851905536
567847737061941249
567865703765798912
567894187900710912
567907070269198337
568052343922507776
568115075266973696
568115928044404736
568116088631791616
568118442454355968
568208413286477825
568211021497638912
568213843618299904
568216196132302848
568216411404808192
568221167288344577
568232723170484224
568478510538493952
568480213123919874
568519971971538945
568592809344819200
568672436977168385
568829494556897280
568829652233428992
568869594531651584
568894805914169345
568898165635575808
568972562819997696
568998609590419456
569013921660731393
569020255441264640
569085417045143552
569162211748245504
569162593819955203
569241682283081728
569242037968445441
569243519652470784
569243676594941953
569255845394952192
569257918815539200
569262631258705920
569316547673526272
569324035835711489
569475306018353152
569526101669769217
569598671420919808
569606926234824704
569607124772196352
569616120866476032
569643210785497088
569658503570296832
569674294411669504
569683397657767937
569685581787205632
569714755838935040
569747411779735552
569775795452792833
569843331930263552
569857446371438592
569880599764140033
569892297329913856
569897003255083008
569933777931145216
569940147615113216
569940980809342976
569943022474956802
569953475640995840
569966060926947329
569983990683148288
570025428095770624
570025681062633472
570032300265578496
570040888321318912
570050754158800896
570066231757180928
570130792443039744
570298644475346945
