567591480085463040
567714192980201472
567767439493300224
567782895306412032
567808067237326848
567816742300356608
567818765888557056
567840103122509825
567865044580638720
567886909516685312
568042975856619520
568054866045747200
568062804697202688
568069616003629057
568265091226800130
568276831134191618
568298773941755904
568449223730925571
568513072819646464
568586894776406017
568630453521022976
568654569976123392
568769775515635712
568855465842466817
568874741249007616
568902192364548097
568994755268513793
569158261301227520
569168865256546304
569238014418944000
569282844155125761
569312530620817408
569340402786025472
569512408420622336
569533202835984385
569562007671853056
569576214047760385
569585355319599104
569592830307508224
569623359304003584
569624406437306370
569632550873915392
569668488408616960
569683647990599681
569701285588541441
569770363623575552
569803188901031936
567591480085463040
567714192980201472
567767439493300224
567782895306412032
567808067237326848
567816742300356608
567818765888557056
567840103122509825
567865044580638720
567886909516685312
568042975856619520
568054866045747200
568062804697202688
568069616003629057
568265091226800130
568276831134191618
568298773941755904
568449223730925571
568513072819646464
568586894776406017
568630453521022976
568654569976123392
568769775515635712
568855465842466817
568874741249007616
568902192364548097
568994755268513793
569158261301227520
569168865256546304
569238014418944000
569282844155125761
569312530620817408
569340402786025472
569512408420622336
569533202835984385
569562007671853056
569576214047760385
569585355319599104
569592830307508224
569623359304003584
569624406437306370
569632550873915392
569668488408616960
569683647990599681
569701285588541441
569770363623575552
569803188901031936
569837686367744000
567591480085463040
567714192980201472
567767439493300224
567782895306412032
567808067237326848
567816742300356608
567818765888557056
567840103122509825
567865044580638720
567886909516685312
568042975856619520
568054866045747200
568062804697202688
568069616003629057
568265091226800130
568276831134191618
568298773941755904
568449223730925571
568513072819646464
568586894776406017
568630453521022976
568654569976123392
568769775515635712
568855465842466817
568874741249007616
568902192364548097
568994755268513793
569158261301227520
569168865256546304
569238014418944000
569282844155125761
569312530620817408
569340402786025472
569512408420622336
569533202835984385
569562007671853056
569576214047760385
569585355319599104
569592830307508224
569623359304003584
569624406437306370
569632550873915392
569668488408616960
569683647990599681
569701285588541441
569770363623575552
569803188901031936
569837686367744000
569894640675102722
569921001301024770
569975778953142272
570014637397295104
570059381284302848
570083397873373184
570136977074491392
570240246719381504
570271792314617857
570275218515726337
