569365278963798017
569365692618661888
569366337929105408
569366968446246912
569367682811715585
569367755670966272
569367983065137152
569368056855552001
569700499319959553
569365278963798017
569365692618661888
569366337929105408
569366968446246912
569367682811715585
569367755670966272
569367983065137152
569368056855552001
569700499319959553
569821947049218048
569365278963798017
569365692618661888
569366337929105408
569366968446246912
569367682811715585
569367755670966272
569367983065137152
569368056855552001
569700499319959553
569821947049218048
569862869241765888
569877301959065600
