567777743665946624
567782794261438466
568136946016522240
568603081274986496
568647808619659264
568775413192921088
568884491294351360
569046984369111041
569272664344428545
569339932801703936
569415109933531136
569618014141751298
569633393673150464
569788087481409537
567777743665946624
567782794261438466
568136946016522240
568603081274986496
568647808619659264
568775413192921088
568884491294351360
569046984369111041
569272664344428545
569339932801703936
569415109933531136
569618014141751298
569633393673150464
569788087481409537
567777743665946624
567782794261438466
568136946016522240
568603081274986496
568647808619659264
568775413192921088
568884491294351360
569046984369111041
569272664344428545
569339932801703936
569415109933531136
569618014141751298
569633393673150464
569788087481409537
570078733735821313
570080608996556800
570240524592017408
570299924555956227
570308799950692353
