568131853929947136
568501539167473664
568781140217049088
568809330151022592
568833490818453504
569113328724807680
569271364521103361
568131853929947136
568501539167473664
568781140217049088
568809330151022592
568833490818453504
569113328724807680
569271364521103361
568131853929947136
568501539167473664
568781140217049088
568809330151022592
568833490818453504
569113328724807680
569271364521103361
569920656621465601
569977517945126912
568131853929947136
568501539167473664
568781140217049088
568809330151022592
568833490818453504
569113328724807680
569271364521103361
569920656621465601
569977517945126912
568131853929947136
568501539167473664
568781140217049088
568809330151022592
568833490818453504
569113328724807680
569271364521103361
569920656621465601
569977517945126912
568131853929947136
568501539167473664
568781140217049088
568809330151022592
568833490818453504
569113328724807680
569271364521103361
569920656621465601
569977517945126912
568131853929947136
568501539167473664
568781140217049088
568809330151022592
568833490818453504
569113328724807680
569271364521103361
569920656621465601
569977517945126912
568131853929947136
568501539167473664
568781140217049088
568809330151022592
568833490818453504
569113328724807680
569271364521103361
569920656621465601
569977517945126912
