569120452586700800
569257033972604929
569668913916567552
569709195936735232
569120452586700800
569257033972604929
569668913916567552
569709195936735232
569120452586700800
569257033972604929
569668913916567552
569709195936735232
570052124010278912
570291813912858625
569120452586700800
569257033972604929
569668913916567552
569709195936735232
570052124010278912
570291813912858625
569120452586700800
569257033972604929
569668913916567552
569709195936735232
570052124010278912
570291813912858625
569120452586700800
569257033972604929
569668913916567552
569709195936735232
570052124010278912
570291813912858625
569120452586700800
569257033972604929
569668913916567552
569709195936735232
570052124010278912
570291813912858625
569120452586700800
569257033972604929
569668913916567552
569709195936735232
570052124010278912
570291813912858625
