567768830265401344
567786760287096832
567919391515348992
567939242854215680
568075902493593600
568096875435282432
568444042851323904
568648940033343488
568791745925918721
568957173692108800
568971304914853889
569618884577218560
569687399426617344
569706320212787200
567768830265401344
567786760287096832
567919391515348992
567939242854215680
568075902493593600
568096875435282432
568444042851323904
568648940033343488
568791745925918721
568957173692108800
568971304914853889
569618884577218560
569687399426617344
569706320212787200
567768830265401344
567786760287096832
567919391515348992
567939242854215680
568075902493593600
568096875435282432
568444042851323904
568648940033343488
568791745925918721
568957173692108800
568971304914853889
569618884577218560
569687399426617344
569706320212787200
569952282277773312
569960303514923009
569968282532315136
569974508435562496
570035525761011713
570071350133579776
570273880486629377
570307820962373632
