567748973428219904
567808893464899584
568002085888897025
568515696197439489
568527605063757824
568536646963970048
568552347812524032
568587424747511808
568776728333541376
568823050571026432
568855357923074049
568883744246878208
568894575596580864
568921625715814401
568947542899052544
568966649728114688
569175138349887488
569175548632698881
569249223897526272
569308224551309313
569308775435390976
569310249859080192
569364189753544705
569575176322424832
569595123799101440
569613601918492672
569649712996823041
569650813070483457
569667517146222592
569673764562010112
569717866611630081
569727383797829632
567748973428219904
567808893464899584
568002085888897025
568515696197439489
568527605063757824
568536646963970048
568552347812524032
568587424747511808
568776728333541376
568823050571026432
568855357923074049
568883744246878208
568894575596580864
568921625715814401
568947542899052544
568966649728114688
569175138349887488
569175548632698881
569249223897526272
569308224551309313
569308775435390976
569310249859080192
569364189753544705
569575176322424832
569595123799101440
569613601918492672
569649712996823041
569650813070483457
569667517146222592
569673764562010112
569717866611630081
569727383797829632
567748973428219904
567808893464899584
568002085888897025
568515696197439489
568527605063757824
568536646963970048
568552347812524032
568587424747511808
568776728333541376
568823050571026432
568855357923074049
568883744246878208
568894575596580864
568921625715814401
568947542899052544
568966649728114688
569175138349887488
569175548632698881
569249223897526272
569308224551309313
569308775435390976
569310249859080192
569364189753544705
569575176322424832
569595123799101440
569613601918492672
569649712996823041
569650813070483457
569667517146222592
569673764562010112
569717866611630081
569727383797829632
569854540494868481
569882164382322688
569892024708689920
569908805724712961
569922451913777152
569939286935674880
570033259842801664
570054360505323520
