567767810655670272
567783713833234432
567845492849287169
568056050877919232
568090175122907136
568420497563598848
568444203883204608
568557220473884672
568578571129761794
568678961229762560
568722339833126912
568725291247525888
568769786890424320
568807928154558464
568890960358166528
568961160357285889
568971304914853889
569079375296999424
569161583718473728
569235155061227520
569244201021362176
569254216415481856
569296356143050754
569310115377102850
569326818697871360
569351220097216512
569536791830798336
569562133249130496
569608307184242688
569611065820110848
569623164105433088
569628242044428288
569635623348215808
569638240233390081
569652266006941698
569652564544761856
569675774627848192
569682667362344960
569687606901940226
569701550039429121
569703641096933377
569766140332937216
569815690531758082
567767810655670272
567783713833234432
567845492849287169
568056050877919232
568090175122907136
568420497563598848
568444203883204608
568557220473884672
568578571129761794
568678961229762560
568722339833126912
568725291247525888
568769786890424320
568807928154558464
568890960358166528
568961160357285889
568971304914853889
569079375296999424
569161583718473728
569235155061227520
569244201021362176
569254216415481856
569296356143050754
569310115377102850
569326818697871360
569351220097216512
569536791830798336
569562133249130496
569608307184242688
569611065820110848
569623164105433088
569628242044428288
569635623348215808
569638240233390081
569652266006941698
569652564544761856
569675774627848192
569682667362344960
569687606901940226
569701550039429121
569703641096933377
569766140332937216
569815690531758082
567767810655670272
567783713833234432
567845492849287169
568056050877919232
568090175122907136
568420497563598848
568444203883204608
568557220473884672
568578571129761794
568678961229762560
568722339833126912
568725291247525888
568769786890424320
568807928154558464
568890960358166528
568961160357285889
568971304914853889
569079375296999424
569161583718473728
569235155061227520
569244201021362176
569254216415481856
569296356143050754
569310115377102850
569326818697871360
569351220097216512
569536791830798336
569562133249130496
569608307184242688
569611065820110848
569623164105433088
569628242044428288
569635623348215808
569638240233390081
569652266006941698
569652564544761856
569675774627848192
569682667362344960
569687606901940226
569701550039429121
569703641096933377
569766140332937216
569815690531758082
569856081180160000
569867786572341252
569883376041250816
569929653730840577
569946921265184768
569948225278480384
569989043456380928
569989178651508737
570050402294636544
570079237350100993
570092741654401024
570116209263427584
570184343857045504
570185687569469440
570186533258416133
570291431195205633
