568171015131394048
568814284680994816
569111291454840833
568171015131394048
568814284680994816
569111291454840833
568171015131394048
568814284680994816
569111291454840833
569875734677712896
569879943988948992
570039635541274625
570248600623521793
568171015131394048
568814284680994816
569111291454840833
569875734677712896
569879943988948992
570039635541274625
570248600623521793
568171015131394048
568814284680994816
569111291454840833
569875734677712896
569879943988948992
570039635541274625
570248600623521793
568171015131394048
568814284680994816
569111291454840833
569875734677712896
569879943988948992
570039635541274625
570248600623521793
568171015131394048
568814284680994816
569111291454840833
569875734677712896
569879943988948992
570039635541274625
570248600623521793
568171015131394048
568814284680994816
569111291454840833
569875734677712896
569879943988948992
570039635541274625
570248600623521793
