567814001212809216
567881731967229953
568269180153274368
568432609866457088
568433145437138944
568487688510287873
568491434397073408
568843464361713664
568994622866915328
569388260633542657
569661069913821184
567814001212809216
567881731967229953
568269180153274368
568432609866457088
568433145437138944
568487688510287873
568491434397073408
568843464361713664
568994622866915328
569388260633542657
569661069913821184
567814001212809216
567881731967229953
568269180153274368
568432609866457088
568433145437138944
568487688510287873
568491434397073408
568843464361713664
568994622866915328
569388260633542657
569661069913821184
569847671822946304
569863765451255809
570075866748694528
