567744963870752768
567768830265401344
567791059393335297
567840732305858560
567861901603901440
567919558649995264
567947943593926657
568100935769006080
568107822275305472
568115014139162625
568187959276646401
568361346464497664
568398620686467072
568432328902610944
568444359391252480
568451138221166592
568533099908182016
568539193669914626
568542896539873281
568596065882017792
568775130505207809
568803508784275457
568863640721477632
568940002849255425
569124893477842944
569191838579429377
569238450794209280
569298163632373761
569310635986546688
569330337735696385
569332442194178049
569368621077692417
569454641320062976
569542114234671104
569550676784578562
569559136540561408
569562990250323968
569564824939556864
569571654998888448
569577959440257025
569595015518793730
569602682505138176
569613523648532480
569616019708182529
569616934225846273
569620782566875136
569633257689518081
569646934031343619
569648102669471744
569654439646269440
569658553381883905
569665707870285824
569666771717890048
569668704524308480
569673275183386625
569747668232065024
567744963870752768
567768830265401344
567791059393335297
567840732305858560
567861901603901440
567919558649995264
567947943593926657
568100935769006080
568107822275305472
568115014139162625
568187959276646401
568361346464497664
568398620686467072
568432328902610944
568444359391252480
568451138221166592
568533099908182016
568539193669914626
568542896539873281
568596065882017792
568775130505207809
568803508784275457
568863640721477632
568940002849255425
569124893477842944
569191838579429377
569238450794209280
569298163632373761
569310635986546688
569330337735696385
569332442194178049
569368621077692417
569454641320062976
569542114234671104
569550676784578562
569559136540561408
569562990250323968
569564824939556864
569571654998888448
569577959440257025
569595015518793730
569602682505138176
569613523648532480
569616019708182529
569616934225846273
569620782566875136
569633257689518081
569646934031343619
569648102669471744
569654439646269440
569658553381883905
569665707870285824
569666771717890048
569668704524308480
569673275183386625
569747668232065024
569817859406352384
569842095483199488
567744963870752768
567768830265401344
567791059393335297
567840732305858560
567861901603901440
567919558649995264
567947943593926657
568100935769006080
568107822275305472
568115014139162625
568187959276646401
568361346464497664
568398620686467072
568432328902610944
568444359391252480
568451138221166592
568533099908182016
568539193669914626
568542896539873281
568596065882017792
568775130505207809
568803508784275457
568863640721477632
568940002849255425
569124893477842944
569191838579429377
569238450794209280
569298163632373761
569310635986546688
569330337735696385
569332442194178049
569368621077692417
569454641320062976
569542114234671104
569550676784578562
569559136540561408
569562990250323968
569564824939556864
569571654998888448
569577959440257025
569595015518793730
569602682505138176
569613523648532480
569616019708182529
569616934225846273
569620782566875136
569633257689518081
569646934031343619
569648102669471744
569654439646269440
569658553381883905
569665707870285824
569666771717890048
569668704524308480
569673275183386625
569747668232065024
569817859406352384
569842095483199488
569853969469734912
569926843853185024
569937108095205376
569947048574758912
569948314948530177
569975175321653248
569978876861902848
569983149028962304
569993098023063552
569997350493663233
570021054015541248
570044286991015936
570065297568194560
570192105752039427
570197193254170624
570203789963218944
570265780186710017
567744963870752768
567768830265401344
567791059393335297
567840732305858560
567861901603901440
567919558649995264
567947943593926657
568100935769006080
568107822275305472
568115014139162625
568187959276646401
568361346464497664
568398620686467072
568432328902610944
568444359391252480
568451138221166592
568533099908182016
568539193669914626
568542896539873281
568596065882017792
568775130505207809
568803508784275457
568863640721477632
568940002849255425
569124893477842944
569191838579429377
569238450794209280
569298163632373761
569310635986546688
569330337735696385
569332442194178049
569368621077692417
569454641320062976
569542114234671104
569550676784578562
569559136540561408
569562990250323968
569564824939556864
569571654998888448
569577959440257025
569595015518793730
569602682505138176
569613523648532480
569616019708182529
569616934225846273
569620782566875136
569633257689518081
569646934031343619
569648102669471744
569654439646269440
569658553381883905
569665707870285824
569666771717890048
569668704524308480
569673275183386625
569747668232065024
569817859406352384
569842095483199488
569853969469734912
569926843853185024
569937108095205376
569947048574758912
569948314948530177
569975175321653248
569978876861902848
569983149028962304
569993098023063552
569997350493663233
570021054015541248
570044286991015936
570065297568194560
570192105752039427
570197193254170624
570203789963218944
570265780186710017
567744963870752768
567768830265401344
567791059393335297
567840732305858560
567861901603901440
567919558649995264
567947943593926657
568100935769006080
568107822275305472
568115014139162625
568187959276646401
568361346464497664
568398620686467072
568432328902610944
568444359391252480
568451138221166592
568533099908182016
568539193669914626
568542896539873281
568596065882017792
568775130505207809
568803508784275457
568863640721477632
568940002849255425
569124893477842944
569191838579429377
569238450794209280
569298163632373761
569310635986546688
569330337735696385
569332442194178049
569368621077692417
569454641320062976
569542114234671104
569550676784578562
569559136540561408
569562990250323968
569564824939556864
569571654998888448
569577959440257025
569595015518793730
569602682505138176
569613523648532480
569616019708182529
569616934225846273
569620782566875136
569633257689518081
569646934031343619
569648102669471744
569654439646269440
569658553381883905
569665707870285824
569666771717890048
569668704524308480
569673275183386625
569747668232065024
569817859406352384
569842095483199488
569853969469734912
569926843853185024
569937108095205376
569947048574758912
569948314948530177
569975175321653248
569978876861902848
569983149028962304
569993098023063552
569997350493663233
570021054015541248
570044286991015936
570065297568194560
570192105752039427
570197193254170624
570203789963218944
570265780186710017
567744963870752768
567768830265401344
567791059393335297
567840732305858560
567861901603901440
567919558649995264
567947943593926657
568100935769006080
568107822275305472
568115014139162625
568187959276646401
568361346464497664
568398620686467072
568432328902610944
568444359391252480
568451138221166592
568533099908182016
568539193669914626
568542896539873281
568596065882017792
568775130505207809
568803508784275457
568863640721477632
568940002849255425
569124893477842944
569191838579429377
569238450794209280
569298163632373761
569310635986546688
569330337735696385
569332442194178049
569368621077692417
569454641320062976
569542114234671104
569550676784578562
569559136540561408
569562990250323968
569564824939556864
569571654998888448
569577959440257025
569595015518793730
569602682505138176
569613523648532480
569616019708182529
569616934225846273
569620782566875136
569633257689518081
569646934031343619
569648102669471744
569654439646269440
569658553381883905
569665707870285824
569666771717890048
569668704524308480
569673275183386625
569747668232065024
569817859406352384
569842095483199488
569853969469734912
569926843853185024
569937108095205376
569947048574758912
569948314948530177
569975175321653248
569978876861902848
569983149028962304
569993098023063552
569997350493663233
570021054015541248
570044286991015936
570065297568194560
570192105752039427
570197193254170624
570203789963218944
570265780186710017
567744963870752768
567768830265401344
567791059393335297
567840732305858560
567861901603901440
567919558649995264
567947943593926657
568100935769006080
568107822275305472
568115014139162625
568187959276646401
568361346464497664
568398620686467072
568432328902610944
568444359391252480
568451138221166592
568533099908182016
568539193669914626
568542896539873281
568596065882017792
568775130505207809
568803508784275457
568863640721477632
568940002849255425
569124893477842944
569191838579429377
569238450794209280
569298163632373761
569310635986546688
569330337735696385
569332442194178049
569368621077692417
569454641320062976
569542114234671104
569550676784578562
569559136540561408
569562990250323968
569564824939556864
569571654998888448
569577959440257025
569595015518793730
569602682505138176
569613523648532480
569616019708182529
569616934225846273
569620782566875136
569633257689518081
569646934031343619
569648102669471744
569654439646269440
569658553381883905
569665707870285824
569666771717890048
569668704524308480
569673275183386625
569747668232065024
569817859406352384
569842095483199488
569853969469734912
569926843853185024
569937108095205376
569947048574758912
569948314948530177
569975175321653248
569978876861902848
569983149028962304
569993098023063552
569997350493663233
570021054015541248
570044286991015936
570065297568194560
570192105752039427
570197193254170624
570203789963218944
570265780186710017
567744963870752768
567768830265401344
567791059393335297
567840732305858560
567861901603901440
567919558649995264
567947943593926657
568100935769006080
568107822275305472
568115014139162625
568187959276646401
568361346464497664
568398620686467072
568432328902610944
568444359391252480
568451138221166592
568533099908182016
568539193669914626
568542896539873281
568596065882017792
568775130505207809
568803508784275457
568863640721477632
568940002849255425
569124893477842944
569191838579429377
569238450794209280
569298163632373761
569310635986546688
569330337735696385
569332442194178049
569368621077692417
569454641320062976
569542114234671104
569550676784578562
569559136540561408
569562990250323968
569564824939556864
569571654998888448
569577959440257025
569595015518793730
569602682505138176
569613523648532480
569616019708182529
569616934225846273
569620782566875136
569633257689518081
569646934031343619
569648102669471744
569654439646269440
569658553381883905
569665707870285824
569666771717890048
569668704524308480
569673275183386625
569747668232065024
569817859406352384
569842095483199488
569853969469734912
569926843853185024
569937108095205376
569947048574758912
569948314948530177
569975175321653248
569978876861902848
569983149028962304
569993098023063552
569997350493663233
570021054015541248
570044286991015936
570065297568194560
570192105752039427
570197193254170624
570203789963218944
570265780186710017
