568479680229208064
568481836290220033
568491035564879872
568500854082420737
568860857326637056
568479680229208064
568481836290220033
568491035564879872
568500854082420737
568860857326637056
568479680229208064
568481836290220033
568491035564879872
568500854082420737
568860857326637056
568479680229208064
568481836290220033
568491035564879872
568500854082420737
568860857326637056
568479680229208064
568481836290220033
568491035564879872
568500854082420737
568860857326637056
568479680229208064
568481836290220033
568491035564879872
568500854082420737
568860857326637056
568479680229208064
568481836290220033
568491035564879872
568500854082420737
568860857326637056
568479680229208064
568481836290220033
568491035564879872
568500854082420737
568860857326637056
