567800210064420864
567802378041450496
567803627714138112
567805465854488579
567898269961101313
568015003883859969
568059390135304193
568069549591035904
568116534855503872
569777311475765248
567800210064420864
567802378041450496
567803627714138112
567805465854488579
567898269961101313
568015003883859969
568059390135304193
568069549591035904
568116534855503872
569777311475765248
567800210064420864
567802378041450496
567803627714138112
567805465854488579
567898269961101313
568015003883859969
568059390135304193
568069549591035904
568116534855503872
569777311475765248
567800210064420864
567802378041450496
567803627714138112
567805465854488579
567898269961101313
568015003883859969
568059390135304193
568069549591035904
568116534855503872
569777311475765248
567800210064420864
567802378041450496
567803627714138112
567805465854488579
567898269961101313
568015003883859969
568059390135304193
568069549591035904
568116534855503872
569777311475765248
567800210064420864
567802378041450496
567803627714138112
567805465854488579
567898269961101313
568015003883859969
568059390135304193
568069549591035904
568116534855503872
569777311475765248
567800210064420864
567802378041450496
567803627714138112
567805465854488579
567898269961101313
568015003883859969
568059390135304193
568069549591035904
568116534855503872
569777311475765248
567800210064420864
567802378041450496
567803627714138112
567805465854488579
567898269961101313
568015003883859969
568059390135304193
568069549591035904
568116534855503872
569777311475765248
