568084948948684800
568144357230026752
568308149796474880
568925459540344833
568971982554963969
568977492410703872
569343579899822081
569577005278064640
569616634601717760
568084948948684800
568144357230026752
568308149796474880
568925459540344833
568971982554963969
568977492410703872
569343579899822081
569577005278064640
569616634601717760
568084948948684800
568144357230026752
568308149796474880
568925459540344833
568971982554963969
568977492410703872
569343579899822081
569577005278064640
569616634601717760
569865061855932416
569911005557338113
569923525508665344
569926559982751744
569948131397410816
569956617988345856
570018278946394112
570297185704812545
568084948948684800
568144357230026752
568308149796474880
568925459540344833
568971982554963969
568977492410703872
569343579899822081
569577005278064640
569616634601717760
569865061855932416
569911005557338113
569923525508665344
569926559982751744
569948131397410816
569956617988345856
570018278946394112
570297185704812545
568084948948684800
568144357230026752
568308149796474880
568925459540344833
568971982554963969
568977492410703872
569343579899822081
569577005278064640
569616634601717760
569865061855932416
569911005557338113
569923525508665344
569926559982751744
569948131397410816
569956617988345856
570018278946394112
570297185704812545
568084948948684800
568144357230026752
568308149796474880
568925459540344833
568971982554963969
568977492410703872
569343579899822081
569577005278064640
569616634601717760
569865061855932416
569911005557338113
569923525508665344
569926559982751744
569948131397410816
569956617988345856
570018278946394112
570297185704812545
568084948948684800
568144357230026752
568308149796474880
568925459540344833
568971982554963969
568977492410703872
569343579899822081
569577005278064640
569616634601717760
569865061855932416
569911005557338113
569923525508665344
569926559982751744
569948131397410816
569956617988345856
570018278946394112
570297185704812545
568084948948684800
568144357230026752
568308149796474880
568925459540344833
568971982554963969
568977492410703872
569343579899822081
569577005278064640
569616634601717760
569865061855932416
569911005557338113
569923525508665344
569926559982751744
569948131397410816
569956617988345856
570018278946394112
570297185704812545
