567850746319753217
567997819560333313
568460512553353216
569635707746160642
569666892882952192
567850746319753217
567997819560333313
568460512553353216
569635707746160642
569666892882952192
567850746319753217
567997819560333313
568460512553353216
569635707746160642
569666892882952192
569936640669581313
569947823615012864
569960350876979200
569990330227007488
570015794387685376
570264550458695680
570288803849637888
570292914686955520
567850746319753217
567997819560333313
568460512553353216
569635707746160642
569666892882952192
569936640669581313
569947823615012864
569960350876979200
569990330227007488
570015794387685376
570264550458695680
570288803849637888
570292914686955520
567850746319753217
567997819560333313
568460512553353216
569635707746160642
569666892882952192
569936640669581313
569947823615012864
569960350876979200
569990330227007488
570015794387685376
570264550458695680
570288803849637888
570292914686955520
567850746319753217
567997819560333313
568460512553353216
569635707746160642
569666892882952192
569936640669581313
569947823615012864
569960350876979200
569990330227007488
570015794387685376
570264550458695680
570288803849637888
570292914686955520
567850746319753217
567997819560333313
568460512553353216
569635707746160642
569666892882952192
569936640669581313
569947823615012864
569960350876979200
569990330227007488
570015794387685376
570264550458695680
570288803849637888
570292914686955520
567850746319753217
567997819560333313
568460512553353216
569635707746160642
569666892882952192
569936640669581313
569947823615012864
569960350876979200
569990330227007488
570015794387685376
570264550458695680
570288803849637888
570292914686955520
