567721764285726720
568252192592769025
569502050536587264
569582862472577024
569743891714347009
567721764285726720
568252192592769025
569502050536587264
569582862472577024
569743891714347009
567721764285726720
568252192592769025
569502050536587264
569582862472577024
569743891714347009
567721764285726720
568252192592769025
569502050536587264
569582862472577024
569743891714347009
567721764285726720
568252192592769025
569502050536587264
569582862472577024
569743891714347009
567721764285726720
568252192592769025
569502050536587264
569582862472577024
569743891714347009
567721764285726720
568252192592769025
569502050536587264
569582862472577024
569743891714347009
567721764285726720
568252192592769025
569502050536587264
569582862472577024
569743891714347009
