567809403668430849
568474866753667072
568479942146707456
568484777336172546
568626969983750145
569168865256546304
569352134774415360
569724822177095680
567809403668430849
568474866753667072
568479942146707456
568484777336172546
568626969983750145
569168865256546304
569352134774415360
569724822177095680
567809403668430849
568474866753667072
568479942146707456
568484777336172546
568626969983750145
569168865256546304
569352134774415360
569724822177095680
569976293573447682
569998668775862272
570083998380232704
570236495367315456
570252528245456897
570269103648350208
570295207763316736
