567695310860730369
567721299162968065
567721738155622401
567725170367148034
567727526777073664
567728533771132928
567732811772080129
567734573464027136
567739625465077761
567744887664439298
567748162178125825
567751489754382336
567753194546421760
567758478371196928
567766512392364032
567766554600038402
567766563533897729
567766633637502976
567770107062284288
567773326631821312
567776348828360707
567777100112101376
567780624531222528
567781582791278592
567781607797305345
567781663469481984
567781675514343424
567781694183186432
567781731156377600
567781757274292224
567789433010016256
567796792847499265
567796863467839488
567802015527755776
567810573002620928
567811776025468929
567811776566542336
567811913586876417
567811918711504896
567812709342822400
567814094678675458
567814095626575873
567820135265759232
567826899776446464
567827039790571520
567841954484068353
567842015418978304
567857135066963968
567857221159297024
567869962800472064
567872136745852928
567872182136619008
567872267910262784
567872361304821760
567887301021413376
567887326350811137
567887437826908160
567887437998997504
567904438834167809
567905194563997696
567918283866898432
567926839630557184
567935142418780161
567966853068251136
567969619849265153
568002085888897025
568049646062444544
568053414682361856
568053507179163648
568068468261519360
568068509613178880
568068513224654848
568080349286301697
568083588308197376
568084881303072770
568085636592349184
568090417641746432
568098677618683904
568098769847218177
568098794031714304
568100987887427584
568105765442945024
568128904260685824
568144060248170496
568159085356384256
568167917004718080
568174139531513856
568174975028465664
568183277774868480
568186047659507712
568189372362674176
568189390444310528
568189430202130432
568208488335331329
568219452929662976
568234631465734144
568234670166568960
568279994876571649
568385676737167360
568388625689235456
568413096940666881
568416305101070336
568430867447549952
568430874049581058
568431007654924288
568437450927955969
568442989258911745
568443742610305024
568448023845572608
568460100970668032
568460351873937408
568466895554408448
568467150475812864
568481998257430530
568491224946098176
568491256508231680
568491434397073408
568496673237929984
568527545097805824
568536558279593985
568536634058084352
568536646963970048
568538872637816832
568542896539873281
568552711840358401
568552775325364224
568558484653883392
568560786756366336
568565044994158592
568566729992847360
568578381320597504
568579388704292864
568581908075933696
568581984055906304
568583414519083010
568597062104813568
568612163578773504
568612181480243200
568617891412574208
568622422309482496
568637541513089024
568642209823612929
568642357379399681
568645576008400896
568654382620782592
568672436977168385
568672467889176577
568677786329735168
568752276040495104
568759575807184896
568763087689379840
568763245911126017
568772912557133824
568778115956092928
568778215671664640
568778553933889536
568780964677201920
568784239841431552
568789020890812416
568791283575201792
568793221809250304
568793432900177920
568799336097656836
568800846789545984
568802105005346817
568807391484997632
568807894264578048
568808318560550912
568808340387536896
568808397660774401
568808470536962048
568808528426741760
568812675175591936
568813431962226688
568820729879367680
568823603627565056
568838717303074816
568838743030956032
568853685855334400
568853687130390528
568868703762296832
568868928732028928
568875591308611584
568877353478299648
568883826333777920
568883827218763777
568883981371846656
568883988338581504
568896227917451264
568914125549649920
568917869762904066
568929299350179840
568944928266412032
568947313676148737
568949828518084608
568952850908213248
568959416524886016
568961404067164160
568974423358726144
568976326666768384
568989506784722945
568989687353729024
568994622866915328
568997394345533440
569004759069421568
569012492598251520
569028851860254720
569098396914421763
569103591966793728
569113910776881152
569120452586700800
569125454684278785
569125558568783872
569154174929244162
569155666440355840
569155784988164098
569166368781635584
569166753101684736
569167514300784640
569168016136495104
569169274109100032
569170897606709250
569170903948500992
569179843247517698
569185842876571648
569200932577280000
569200983173156864
569201109400555520
569204255191490560
569207022597509120
569211553930743809
569212558952960000
569215076655214592
569216055018704896
569217342380445696
569231102428250112
569231300843970561
569233194723078144
569246231500685314
569246373020717057
569246786440830977
569248904866336768
569249554236878848
569250912784519168
569255845394952192
569261128532041728
569261347688607744
569261495449595905
569270012894060545
569275476642013186
569276415927037952
569276518305820672
569276734798893056
569291509305970688
569294599614803968
569296784922578944
569300135328530432
569306599577112577
569310202174025729
569314734752854017
569320520728113152
569321739093614592
569321800359927808
569324295635247104
569327066887401473
569328072027189248
569330337735696385
569336871853170688
569336975750094848
569340402786025472
569351224274718720
569359025655181312
569359780491476992
569365818229829632
569366337929105408
569380416219709440
569382132231110656
569382239131168769
569387211025727488
569397314240049152
569419928173989889
569479822226952192
569481676893622272
569487788753555456
569488002361249792
569496936157487104
569497995445559298
569502909093646336
569502953851252737
569502963317649408
569504232971362304
569505992163135490
569510774957170690
569512714961362944
569514047554453504
569518200410546176
569525480178769920
569525875860905984
569532667869335554
569532924036407297
569533098402009088
569533103359660033
569533159475277825
569533202835984385
569541478244089857
569546763297796096
569548188375326721
569548316700254208
569548355489148928
569552552297041920
569554815539290112
569558589628502016
569559847131164672
569561062749700097
569562007671853056
569562867281690625
569563297164480513
569572180012371968
569578439797313536
569578441508458496
569579478168547328
569591765793165312
569593694963310593
569595333899997185
569604328153083904
569608570066436096
569608624814698496
569608733321498627
569608734332162048
569612947833671680
569615215144226816
569616974256472064
569618829627666432
569619861879590912
569620850820956160
569623849752358912
569623852403306496
569623889686482944
569624021605740545
569625782181617664
569626787875053568
569629305023569922
569631824101683200
569632828478136320
569638835539349504
569638848214507520
569638919131627522
569643648910028801
569647174277042176
569650182331084801
569653977714962433
569654047151562752
569654198901608448
569654471342600193
569663278298890241
569665295381614594
569665738165891073
569668818253053952
569669059941261312
569669062206332929
569669129130647552
569669174731153408
569671332092252160
569672091550658560
569673346864037888
569675861160386560
569676871744364544
569678632567881728
569679888682061826
569683456990580736
569684101197910016
569684137755459584
569684138304741377
569684282706259968
569684298107740160
569688698301784064
569690711026573312
569697701098602497
569697809017864193
569699171868938241
569699279566016512
569703041957564416
569714383971966976
569714439517138944
569714755838935040
569729569428627456
569740316577632256
569744516715913216
569748937545883648
569750857215922176
569757651539660801
569763942144176128
569766964895166465
569774273851568128
569774692371820544
569789996707803136
569805215605456896
567695310860730369
567721299162968065
567721738155622401
567725170367148034
567727526777073664
567728533771132928
567732811772080129
567734573464027136
567739625465077761
567744887664439298
567748162178125825
567751489754382336
567753194546421760
567758478371196928
567766512392364032
567766554600038402
567766563533897729
567766633637502976
567770107062284288
567773326631821312
567776348828360707
567777100112101376
567780624531222528
567781582791278592
567781607797305345
567781663469481984
567781675514343424
567781694183186432
567781731156377600
567781757274292224
567789433010016256
567796792847499265
567796863467839488
567802015527755776
567810573002620928
567811776025468929
567811776566542336
567811913586876417
567811918711504896
567812709342822400
567814094678675458
567814095626575873
567820135265759232
567826899776446464
567827039790571520
567841954484068353
567842015418978304
567857135066963968
567857221159297024
567869962800472064
567872136745852928
567872182136619008
567872267910262784
567872361304821760
567887301021413376
567887326350811137
567887437826908160
567887437998997504
567904438834167809
567905194563997696
567918283866898432
567926839630557184
567935142418780161
567966853068251136
567969619849265153
568002085888897025
568049646062444544
568053414682361856
568053507179163648
568068468261519360
568068509613178880
568068513224654848
568080349286301697
568083588308197376
568084881303072770
568085636592349184
568090417641746432
568098677618683904
568098769847218177
568098794031714304
568100987887427584
568105765442945024
568128904260685824
568144060248170496
568159085356384256
568167917004718080
568174139531513856
568174975028465664
568183277774868480
568186047659507712
568189372362674176
568189390444310528
568189430202130432
568208488335331329
568219452929662976
568234631465734144
568234670166568960
568279994876571649
568385676737167360
568388625689235456
568413096940666881
568416305101070336
568430867447549952
568430874049581058
568431007654924288
568437450927955969
568442989258911745
568443742610305024
568448023845572608
568460100970668032
568460351873937408
568466895554408448
568467150475812864
568481998257430530
568491224946098176
568491256508231680
568491434397073408
568496673237929984
568527545097805824
568536558279593985
568536634058084352
568536646963970048
568538872637816832
568542896539873281
568552711840358401
568552775325364224
568558484653883392
568560786756366336
568565044994158592
568566729992847360
568578381320597504
568579388704292864
568581908075933696
568581984055906304
568583414519083010
568597062104813568
568612163578773504
568612181480243200
568617891412574208
568622422309482496
568637541513089024
568642209823612929
568642357379399681
568645576008400896
568654382620782592
568672436977168385
568672467889176577
568677786329735168
568752276040495104
568759575807184896
568763087689379840
568763245911126017
568772912557133824
568778115956092928
568778215671664640
568778553933889536
568780964677201920
568784239841431552
568789020890812416
568791283575201792
568793221809250304
568793432900177920
568799336097656836
568800846789545984
568802105005346817
568807391484997632
568807894264578048
568808318560550912
568808340387536896
568808397660774401
568808470536962048
568808528426741760
568812675175591936
568813431962226688
568820729879367680
568823603627565056
568838717303074816
568838743030956032
568853685855334400
568853687130390528
568868703762296832
568868928732028928
568875591308611584
568877353478299648
568883826333777920
568883827218763777
568883981371846656
568883988338581504
568896227917451264
568914125549649920
568917869762904066
568929299350179840
568944928266412032
568947313676148737
568949828518084608
568952850908213248
568959416524886016
568961404067164160
568974423358726144
568976326666768384
568989506784722945
568989687353729024
568994622866915328
568997394345533440
569004759069421568
569012492598251520
569028851860254720
569098396914421763
569103591966793728
569113910776881152
569120452586700800
569125454684278785
569125558568783872
569154174929244162
569155666440355840
569155784988164098
569166368781635584
569166753101684736
569167514300784640
569168016136495104
569169274109100032
569170897606709250
569170903948500992
569179843247517698
569185842876571648
569200932577280000
569200983173156864
569201109400555520
569204255191490560
569207022597509120
569211553930743809
569212558952960000
569215076655214592
569216055018704896
569217342380445696
569231102428250112
569231300843970561
569233194723078144
569246231500685314
569246373020717057
569246786440830977
569248904866336768
569249554236878848
569250912784519168
569255845394952192
569261128532041728
569261347688607744
569261495449595905
569270012894060545
569275476642013186
569276415927037952
569276518305820672
569276734798893056
569291509305970688
569294599614803968
569296784922578944
569300135328530432
569306599577112577
569310202174025729
569314734752854017
569320520728113152
569321739093614592
569321800359927808
569324295635247104
569327066887401473
569328072027189248
569330337735696385
569336871853170688
569336975750094848
569340402786025472
569351224274718720
569359025655181312
569359780491476992
569365818229829632
569366337929105408
569380416219709440
569382132231110656
569382239131168769
569387211025727488
569397314240049152
569419928173989889
569479822226952192
569481676893622272
569487788753555456
569488002361249792
569496936157487104
569497995445559298
569502909093646336
569502953851252737
569502963317649408
569504232971362304
569505992163135490
569510774957170690
569512714961362944
569514047554453504
569518200410546176
569525480178769920
569525875860905984
569532667869335554
569532924036407297
569533098402009088
569533103359660033
569533159475277825
569533202835984385
569541478244089857
569546763297796096
569548188375326721
569548316700254208
569548355489148928
569552552297041920
569554815539290112
569558589628502016
569559847131164672
569561062749700097
569562007671853056
569562867281690625
569563297164480513
569572180012371968
569578439797313536
569578441508458496
569579478168547328
569591765793165312
569593694963310593
569595333899997185
569604328153083904
569608570066436096
569608624814698496
569608733321498627
569608734332162048
569612947833671680
569615215144226816
569616974256472064
569618829627666432
569619861879590912
569620850820956160
569623849752358912
569623852403306496
569623889686482944
569624021605740545
569625782181617664
569626787875053568
569629305023569922
569631824101683200
569632828478136320
569638835539349504
569638848214507520
569638919131627522
569643648910028801
569647174277042176
569650182331084801
569653977714962433
569654047151562752
569654198901608448
569654471342600193
569663278298890241
569665295381614594
569665738165891073
569668818253053952
569669059941261312
569669062206332929
569669129130647552
569669174731153408
569671332092252160
569672091550658560
569673346864037888
569675861160386560
569676871744364544
569678632567881728
569679888682061826
569683456990580736
569684101197910016
569684137755459584
569684138304741377
569684282706259968
569684298107740160
569688698301784064
569690711026573312
569697701098602497
569697809017864193
569699171868938241
569699279566016512
569703041957564416
569714383971966976
569714439517138944
569714755838935040
569729569428627456
569740316577632256
569744516715913216
569748937545883648
569750857215922176
569757651539660801
569763942144176128
569766964895166465
569774273851568128
569774692371820544
569789996707803136
569805215605456896
569833653871742976
569835167944019968
569835918955143168
567695310860730369
567721299162968065
567721738155622401
567725170367148034
567727526777073664
567728533771132928
567732811772080129
567734573464027136
567739625465077761
567744887664439298
567748162178125825
567751489754382336
567753194546421760
567758478371196928
567766512392364032
567766554600038402
567766563533897729
567766633637502976
567770107062284288
567773326631821312
567776348828360707
567777100112101376
567780624531222528
567781582791278592
567781607797305345
567781663469481984
567781675514343424
567781694183186432
567781731156377600
567781757274292224
567789433010016256
567796792847499265
567796863467839488
567802015527755776
567810573002620928
567811776025468929
567811776566542336
567811913586876417
567811918711504896
567812709342822400
567814094678675458
567814095626575873
567820135265759232
567826899776446464
567827039790571520
567841954484068353
567842015418978304
567857135066963968
567857221159297024
567869962800472064
567872136745852928
567872182136619008
567872267910262784
567872361304821760
567887301021413376
567887326350811137
567887437826908160
567887437998997504
567904438834167809
567905194563997696
567918283866898432
567926839630557184
567935142418780161
567966853068251136
567969619849265153
568002085888897025
568049646062444544
568053414682361856
568053507179163648
568068468261519360
568068509613178880
568068513224654848
568080349286301697
568083588308197376
568084881303072770
568085636592349184
568090417641746432
568098677618683904
568098769847218177
568098794031714304
568100987887427584
568105765442945024
568128904260685824
568144060248170496
568159085356384256
568167917004718080
568174139531513856
568174975028465664
568183277774868480
568186047659507712
568189372362674176
568189390444310528
568189430202130432
568208488335331329
568219452929662976
568234631465734144
568234670166568960
568279994876571649
568385676737167360
568388625689235456
568413096940666881
568416305101070336
568430867447549952
568430874049581058
568431007654924288
568437450927955969
568442989258911745
568443742610305024
568448023845572608
568460100970668032
568460351873937408
568466895554408448
568467150475812864
568481998257430530
568491224946098176
568491256508231680
568491434397073408
568496673237929984
568527545097805824
568536558279593985
568536634058084352
568536646963970048
568538872637816832
568542896539873281
568552711840358401
568552775325364224
568558484653883392
568560786756366336
568565044994158592
568566729992847360
568578381320597504
568579388704292864
568581908075933696
568581984055906304
568583414519083010
568597062104813568
568612163578773504
568612181480243200
568617891412574208
568622422309482496
568637541513089024
568642209823612929
568642357379399681
568645576008400896
568654382620782592
568672436977168385
568672467889176577
568677786329735168
568752276040495104
568759575807184896
568763087689379840
568763245911126017
568772912557133824
568778115956092928
568778215671664640
568778553933889536
568780964677201920
568784239841431552
568789020890812416
568791283575201792
568793221809250304
568793432900177920
568799336097656836
568800846789545984
568802105005346817
568807391484997632
568807894264578048
568808318560550912
568808340387536896
568808397660774401
568808470536962048
568808528426741760
568812675175591936
568813431962226688
568820729879367680
568823603627565056
568838717303074816
568838743030956032
568853685855334400
568853687130390528
568868703762296832
568868928732028928
568875591308611584
568877353478299648
568883826333777920
568883827218763777
568883981371846656
568883988338581504
568896227917451264
568914125549649920
568917869762904066
568929299350179840
568944928266412032
568947313676148737
568949828518084608
568952850908213248
568959416524886016
568961404067164160
568974423358726144
568976326666768384
568989506784722945
568989687353729024
568994622866915328
568997394345533440
569004759069421568
569012492598251520
569028851860254720
569098396914421763
569103591966793728
569113910776881152
569120452586700800
569125454684278785
569125558568783872
569154174929244162
569155666440355840
569155784988164098
569166368781635584
569166753101684736
569167514300784640
569168016136495104
569169274109100032
569170897606709250
569170903948500992
569179843247517698
569185842876571648
569200932577280000
569200983173156864
569201109400555520
569204255191490560
569207022597509120
569211553930743809
569212558952960000
569215076655214592
569216055018704896
569217342380445696
569231102428250112
569231300843970561
569233194723078144
569246231500685314
569246373020717057
569246786440830977
569248904866336768
569249554236878848
569250912784519168
569255845394952192
569261128532041728
569261347688607744
569261495449595905
569270012894060545
569275476642013186
569276415927037952
569276518305820672
569276734798893056
569291509305970688
569294599614803968
569296784922578944
569300135328530432
569306599577112577
569310202174025729
569314734752854017
569320520728113152
569321739093614592
569321800359927808
569324295635247104
569327066887401473
569328072027189248
569330337735696385
569336871853170688
569336975750094848
569340402786025472
569351224274718720
569359025655181312
569359780491476992
569365818229829632
569366337929105408
569380416219709440
569382132231110656
569382239131168769
569387211025727488
569397314240049152
569419928173989889
569479822226952192
569481676893622272
569487788753555456
569488002361249792
569496936157487104
569497995445559298
569502909093646336
569502953851252737
569502963317649408
569504232971362304
569505992163135490
569510774957170690
569512714961362944
569514047554453504
569518200410546176
569525480178769920
569525875860905984
569532667869335554
569532924036407297
569533098402009088
569533103359660033
569533159475277825
569533202835984385
569541478244089857
569546763297796096
569548188375326721
569548316700254208
569548355489148928
569552552297041920
569554815539290112
569558589628502016
569559847131164672
569561062749700097
569562007671853056
569562867281690625
569563297164480513
569572180012371968
569578439797313536
569578441508458496
569579478168547328
569591765793165312
569593694963310593
569595333899997185
569604328153083904
569608570066436096
569608624814698496
569608733321498627
569608734332162048
569612947833671680
569615215144226816
569616974256472064
569618829627666432
569619861879590912
569620850820956160
569623849752358912
569623852403306496
569623889686482944
569624021605740545
569625782181617664
569626787875053568
569629305023569922
569631824101683200
569632828478136320
569638835539349504
569638848214507520
569638919131627522
569643648910028801
569647174277042176
569650182331084801
569653977714962433
569654047151562752
569654198901608448
569654471342600193
569663278298890241
569665295381614594
569665738165891073
569668818253053952
569669059941261312
569669062206332929
569669129130647552
569669174731153408
569671332092252160
569672091550658560
569673346864037888
569675861160386560
569676871744364544
569678632567881728
569679888682061826
569683456990580736
569684101197910016
569684137755459584
569684138304741377
569684282706259968
569684298107740160
569688698301784064
569690711026573312
569697701098602497
569697809017864193
569699171868938241
569699279566016512
569703041957564416
569714383971966976
569714439517138944
569714755838935040
569729569428627456
569740316577632256
569744516715913216
569748937545883648
569750857215922176
569757651539660801
569763942144176128
569766964895166465
569774273851568128
569774692371820544
569789996707803136
569805215605456896
569833653871742976
569835167944019968
569835918955143168
569846237865885697
569846990076387328
569850182784966656
569850216754618368
569850239789568000
569850259507154944
569854540494868481
569863349737021440
569864608145502209
569865352986951680
569865357625851905
569869892960133120
569871364603031553
569873664612704256
569873665640292353
569873668131717120
569880207911460864
569880364811837441
569880374651650048
569880482109739009
569880508181696513
569880599764140033
569883984190005248
569895498527727617
569895516139421696
569895538046296064
569895538910498817
569895618866315264
569897573294743552
569904370361483264
569905122047758336
569905124723675136
569910410343804928
569910571686088704
569910583694196736
569910765173362688
569910774556004352
569910789651496960
569913595762311168
569919970446053377
569923242015764480
569925680168726529
569925709025509376
569927630469894144
569928277613256704
569929141962698752
569936580883783680
569938090510454784
569938844746956800
569938845111848961
569940832691752960
569940834994401280
569940883975446528
569940889591795712
569940889902034944
569940935875948544
569940980809342976
569940989403635712
569940998035345408
569941389208719360
569947151339429889
569949415458213888
569950215513497601
569958224968982528
569965774498095105
569969045946175490
569970977368645632
569971033182048256
569971070394101763
569972935227674624
569974833418600449
569976092359917568
569979612865925120
569982307634794497
569985813712392194
569986129820196864
569986246648442881
569989178651508737
569992414653362176
569997350493663233
569998992475627521
570000249910996992
570000250225754114
570001183600812033
570001191796678656
570001194900426752
570001282603229186
570001283907768320
570007297927221249
570008817414639616
570013523650048002
570016304284901379
570016312610709504
570016325667557376
570017867342725121
570024409630515202
570029442514333698
570031379456643072
570033719609827328
570037998773018624
570046633418891264
570047059878936576
570052545298759680
570054105789550592
570056874583654402
570060649780400128
570064927550889984
570068449646346240
570070364723814402
570076673162543104
570076792993611776
570076814585913344
570076827135246336
570082289939406848
570083548364992512
570087324949864448
570091771675348992
570092530236149761
570094120993054720
570100409009770497
570101670882840576
570105441688158208
570105696219308033
570106900970221568
570109219078152193
570122183072092160
570128847439417344
570132410588917760
570132715577552896
570133607223840768
570133621870174209
570134947828080640
570135205123530752
570135402306080768
570135557151580160
570136130126897152
570136706877272064
570136977074491392
570137063716216832
570137183442608128
570137359787827201
570138307767578625
570138826032713729
570139364178530304
570139793608175616
570141242769559552
570142263290011649
570142278729076736
570142665246965760
570143097809707008
570143200935063552
570144025451339776
570145106415771648
570145544078815232
570146091141722112
570146348613406720
570146395593666560
570146467542933505
570150741022617600
570151672070205440
570151698489954304
570151703410053120
570151995472027649
570152557475028992
570153000079126528
570153610870456321
570156001485312000
570156777297350656
570156989541687296
570157210183069696
570157409458642944
570158980611350528
570159133795741696
570159741441335296
570160120698679296
570160153493774337
570160277934747648
570160394494480384
570162212616212480
570163259560452097
570163418637996032
570163662100549634
570164654061838336
570164810144481280
570165459783450624
570166071640133632
570167726972538880
570168203470446592
570169567374401536
570169851156701185
570171986648965120
570172301163008000
570172549910409217
570172921102143488
570173090774294528
570173181727674368
570173690475728896
570174284284497920
570174713072369664
570174794425098241
570174964856266752
570175182012174336
570175202807586816
570175238815657984
570175461298475008
570175513035214848
570175669096882176
570175761468030977
570175764643094528
570175858469515264
570175988648316929
570176104541122561
570176385534300160
570176998355701760
570177012360462336
570177331358076929
570177593250582528
570177697814425600
570177698166923267
570177745759678466
570177752973885440
570178443167571968
570178966725767168
570179158594220032
570179236633432065
570179344833708033
570179455911481344
570179466716176384
570179562174328832
570179813845147648
570180010125864960
570180703746461696
570181077861474304
570181406787301378
570181464773562368
570181700036087809
570181906492297216
570182054987505664
570182283665088512
570182972554371072
570182980142022656
570183052401508352
570183297759752192
570183702224834560
570184073139912704
570184083692658688
570184234498805761
570184343857045504
570184535507210241
570185347453329409
570185364746461184
570185687569469440
570186514178519041
570186533258416133
570186666276577280
570187080426397696
570187100710002689
570187239864414208
570187432815013888
570187686213918721
570187940221071360
570188097305976832
570188115077259266
570188353984958464
570188405541175297
570188684881821696
570188794730848256
570188838775103488
570188934564737024
570189291990728704
570189507447775234
570189934096719873
570190092213465089
570190438281248768
570190931321757696
570191286667513856
570191664628699136
570191763731841024
570191874151092225
570192105752039427
570192183766196224
570192366272970752
570192452486889473
570192546367975424
570192751830171648
570192886689628160
570193307139239936
570193464467570688
570193599977148416
570193870769811456
570194141612789760
570194709261488129
570195036782133248
570195089869447168
570195373018505216
570195444300718080
570195492006707200
570195668850995200
570195784358100993
570195799256072193
570195827341312000
570195970610348032
570196007243395073
570196424043814912
570196428364111873
570196530566701056
570196895383080960
570197146894520320
570197193254170624
570197589280366592
570197779290697728
570197804091621376
570197868813918208
570197883716300800
570197979820224512
570198289376677888
570198409497288705
570198506222194692
570198522911436800
570198744907567106
570198775203016704
570199267668676609
570199481943261184
570199572435185664
570199956704919552
570199974719455232
570200237622611968
570200546679726082
570200756827000832
570201172985974784
570201233220198400
570201347414462464
570201440704028672
570201707621146624
570201740496257024
570202097041305600
570202160564203520
570202173172281344
570202204281425920
570202621123780608
570202730293100544
570202978650603520
570203037823836160
570203218686423041
570203789963218944
570203842542829568
570203916643766273
570203943671865345
570204088908034049
570204219191504896
570204309041893376
570204435663581184
570204649363341312
570204730745421826
570204900375687168
570204930520190978
570204972589002752
570205088595058688
570205132094349312
570205323992174592
570205370649604096
570205399619661824
570205604314255360
570205880504815616
570205917024628736
570206077826039808
570206113783795713
570206560439308289
570206562855329793
570207643874123777
570207886493782019
570208036314222592
570208115205021696
570208172289474560
570208313163550721
570208349339262976
570208640520622080
570208909522182146
570208992439312384
570209266264449026
570209482090917888
570209843199524864
570210145239592960
570210392539934721
570210411926016001
570210502955155456
570210970330669056
570211016308596736
570211313072238592
570211577087041536
570211592559685632
570211810038521856
570212047692161025
570212050548461568
570212087223287809
570212118059995136
570212129313316864
570212246053220352
570212491134930945
570212842206580736
570213186139525120
570213389005414400
570213762948567040
570213783085432832
570213946348560388
570214488739225601
570214660638511104
570214732067700736
570214789487693824
570214946815868929
570214968622239744
570215106426114048
570215234088116224
570215343530102784
570215359963406337
570215386102292480
570215492838920193
570215548589453313
570215711416537088
570215793511825408
570216086173581312
570216406119157761
570216606057541632
570216815105847296
570216960321044481
570217145428090880
570217425100148738
570217450874146818
570217606025748480
570217639584395264
570217760430493698
570217831557677057
570217918195220480
570217971815211008
570218269111664640
570218339118800896
570218532060835840
570218794414673921
570218829546024960
570219138125324288
570219228181041153
570219379696148480
570219815941615616
570219877006503936
570219942961922048
570219953741279232
570219969717219328
570220053142097920
570220154363232256
570220208037584896
570220267462529024
570220301465681921
570220817470115840
570220966284025857
570220968435716097
570221178658418689
570221343985295360
570221471844278273
570221955976187904
570222239603273729
570222414400860160
570222445971382273
570222481618948096
570222495145406465
570222625621831680
570222626712514560
570222630525014017
570222660300378112
570222748615598081
570222998919225344
570223460632403969
570223576038686720
570223582380494848
570223703285477376
570223806322581504
570223851570909185
570223944260849664
570224015656284160
570224417445261313
570224421194964992
570224618272731136
570224719011704832
570224727047872514
570224746652160000
570224927602839552
570224942681206786
570224962184867840
570224968417603584
570225098189348864
570225101104226304
570225191458111489
570225396404359168
570225817873227776
570225899964129281
570226080457449472
570226104839090176
570226143045033985
570226164146397184
570226365410230272
570226414525542400
570226471941251072
570226695724244992
570226757380530176
570226870119215104
570227149682155520
570227199766179840
570227698334720002
570227706140323840
570227814575804416
570227911803998208
570227917877354497
570228063625207808
570228446053470208
570228904469725184
570229133445242880
570229176621510659
570229222662410240
570229420058918913
570229480821628928
570229557740969984
570229647713148928
570229813937463299
570229842626478081
570229936285331457
570230059170004994
570230527032229889
570230559693078528
570230752476049408
570231192102019072
570231607757381632
570231750959329280
570231786824994816
570232122826493953
570232477618442241
570232487454113792
570232494034964481
570232533272567813
570232616755929088
570232659282145280
570232671353376769
570232676491202561
570232726206312448
570233306664591361
570233809129467905
570233869212856320
570234327071629312
570234625848696833
570234650448125952
570234676494757888
570234734942523393
570234946700357632
570234996562112512
570235195934117889
570235209783717889
570235244999270400
570235387009839104
570235413224427520
570235609933078529
570235676916117504
570235686470746112
570235698608869376
570236014238699521
570236138603950080
570236169310437376
570236221575704576
570236313393373186
570236495367315456
570236587386122240
570236690637459456
570237238631669763
570237261494792192
570237269753376768
570237343669608448
570237399932018688
570237440616570880
570237453229019137
570237629775675392
570237762063831040
570237966355968001
570238052943208450
570238126347714560
570238126611963905
570238577683996672
570238782202470402
570238822157570048
570238950801059840
570239165675249666
570239272575315969
570239297456091136
570239376283676672
570239463089000449
570239546673238017
570239632807370753
570239688755302401
570239952975482881
570239998383038464
570240043022991361
570240052279648257
570240207682998272
570240246719381504
570240336519258112
570240452588380161
570240524592017408
570240576144211968
570240625536323585
570240647678050304
570240764812378112
570240784357830659
570240896387710976
570241050079420417
570241070577139713
570241221303468032
570241403822813184
570241590758920192
570241664272371712
570241830757007360
570242191685234688
570242205463359488
570242420643917824
570242452092813312
570242474750423040
570242512012451840
570242641264320512
570242829294960640
570243095482261504
570243296741752832
570243767585935360
570243874062503936
570244158591406080
570244388175130625
570244711388065793
570244720229797889
570244762785210368
570244910563110912
570244934634090496
570244951914782721
570245367607857153
570245402982785024
570245433466884096
570245513720647680
570245555064074240
570245576815546368
570245603118211072
570245656972894208
570245840612265985
570245996334190592
570246094157946880
570246108699627521
570246294582771712
570246490473566208
570246695595999232
570246800247902208
570246839225745408
570246895530078208
570246963901427713
570247027117797376
570247180734353408
570247428139569152
570247474465677312
570247551368241153
570247748286435328
570247763704868864
570247839563034624
570247850858147840
570247871716405248
570248011621609472
570248035369820162
570248044341374976
570248162067107840
570248242853773312
570248591295557632
570248600623521793
570248695670841344
570248954572619776
570248991704788992
570249083790733312
570249102404923392
570249159179145216
570249204767055872
570249435029970945
570249440176570368
570249520736374785
570249680535339009
570249806540451843
570249864841285632
570249871107723264
570250053710819328
570250236402094080
570250252382416896
570250371110539264
570250443034640384
570250470289068032
570250554670125056
570250566573674496
570250617379168256
570250780252504064
570250940290342914
570250945281589248
570250989305004033
570251142942171136
570251394965479424
570251472203587584
570251549219393536
570251560871002112
570251671265083393
570251814970515456
570251909447192577
570252044528959488
570252052099678208
570252146320351232
570252231624265729
570252431113760768
570252528245456897
570252614320783361
570252666439385088
570252802611679232
570252885809868801
570252965392592896
570252986372329472
570253196213383168
570253313368698883
570253859412529152
570253865066602497
570253919697244160
570253932880007168
570254322694557696
570254368538173440
570254375081414656
570254579578720256
570254721140850689
570255201069899776
570255224155348992
570255256589766656
570255773651099648
570255853296746496
570256038206824448
570256052966395906
570256300556165122
570256329543012352
570256553502068736
570256852166029312
570257107737571329
570257258275164160
570257317859610624
570257336465387521
570257377460514816
570257429486706688
570257480401469441
570257563003920384
570257564023128064
570257631778107392
570257660123193345
570257719334187008
570257918798516224
570257935911096320
570258040609337344
570258141599928321
570258209534922752
570258226819637248
570258435448688641
570258457804189696
570258476695302144
570258597180940288
570258656383639553
570258760200953856
570258822297579520
570258946860171264
570259131879309312
570259268844314625
570259311315836928
570259380999860224
570259388872695808
570259420287868928
570259423987404800
570259502685151232
570259540697948162
570259632557395968
570259691579809792
570259700937134080
570260118043914240
570260294846451712
570260325611630592
570260383862108160
570260387746029568
570260735294607360
570260984704700417
570261193685749760
570261225520689152
570261289420898305
570261328511643648
570261349172973569
570261359377698817
570261418387353601
570261511781941251
570261514340474880
570261977332731904
570261981569159169
570262096094498816
570262112477401088
570262424038699008
570262460395098112
570262528539779073
570262676481421312
570262977947013120
570263008762601475
570263130141564929
570263313306615810
570263448828780547
570263732099649537
570263827033432064
570263871526559745
570263872004874240
570263889696305152
570264011574415360
570264106059624448
570264145116819457
570264153559949313
570264159687806976
570264179216510976
570264292169162752
570264306350227456
570264316743544832
570264474784894976
570264481772777472
570264515285266432
570264550458695680
570264556443824128
570264682541522944
570264740817010689
570264793140953088
570264856223330304
570264948548313088
570265133638942720
570265280674459648
570265300685488129
570265397058002944
570265542025719808
570265563035004928
570265596220166144
570265609122029568
570265626146512896
570265689589592064
570265699215675392
570265780186710017
570265804748550144
570265811623002112
570265831822778368
570265876911403009
570265883513384960
570265919676485632
570266233003741184
570266265971003394
570266460003508225
570266640614498304
570266871586553856
570267037911670784
570267066919313408
570267215720800256
570267241046020096
570267287883616256
570267457841033216
570267535515324417
570267544906555393
570267562623152128
570267592478191617
570267608773054464
570267781859557377
570267902726803456
570267915154538496
570267929322921985
570267956648792064
570268160202567680
570268326250745856
570268420140244992
570268558451720193
570268646544510976
570268875872473088
570269035998408704
570269103648350208
570269172774649856
570269272502607873
570269280748441601
570269633778855936
570269774594224128
570269976042573824
570270039737274369
570270166166183936
570270216694968320
570270435478122497
570270436463759360
570270444646850561
570270630660218881
570270651996463104
570270684619923457
570270728051765248
570270772746461186
570270776370311168
570270777121103872
570270818539839488
570270848201797632
570270918095695872
570271064141352960
570271138464419840
570271160363057154
570271205300703232
570271209822294016
570271248640401409
570271367519604737
570271383005085696
570271479616573440
570271574462369793
570271644473622528
570271704972464129
570271713512046592
570271730729689088
570271791400112129
570271792314617857
570271846718775296
570271896887017472
570271904508092416
570272015598411776
570272018840428544
570272154635374592
570272172679282688
570272186419847168
570272235639828480
570272309434564608
570272387985514497
570272406570442752
570272465299083264
570272511050383360
570272714205863936
570272778840104960
570272880556011520
570272997052805120
570273188485197825
570273378403102720
570273710210469888
570273819287531520
570273880486629377
570274049118625792
570274057729519617
570274148364242947
570274302118858752
570274362936266752
570274371685777409
570274417546113025
570274750821486592
570274815736549376
570275010759102466
570275106724782080
570275123854487552
570275140157640704
570275153860386816
570275218515726337
570275248052039680
570275314036649984
570275384714862592
570275450200711168
570275462921850880
570275536406253568
570275632518733825
570275726483542016
570275944012783616
570275970046775297
570276018751016960
570276196405125120
570276245960835073
570276377401827329
570276414567493633
570276434763128833
570276439829774336
570276440874323968
570276681551732736
570276787063816192
570276806512779264
570276843812732928
570276878788861953
570276917301137409
570277008216870912
570277054635057153
570277221916647425
570277278627848192
570277418642120704
570277612389412864
570277667519332353
570277724385734656
570277811795001344
570278024303775745
570278202897276928
570278432417972224
570278619416694784
570278644918194176
570278679491670016
570278803399798784
570278869133107201
570278902959988736
570279036582109184
570279050276704257
570279106090274817
570279118438182913
570279220502511617
570279368766959616
570279442750291969
570279653337927680
570279720937529345
570279787287093248
570279812922789888
570280008557547520
570280225625362432
570280378193330180
570280436796166144
570280548922499073
570280553422950401
570280637946421249
570280641503211520
570280641771790336
570280653389996034
570280737951375360
570280755085090816
570280755252895745
570280776849346561
570280782373228544
570280800244994048
570280852791422976
570281010606120960
570281232287731712
570281275216367616
570281470507352064
570281719074566145
570281731510571009
570281854139572225
570281958556610560
570282087065919488
570282089863626752
570282333892251648
570282347267895296
570282469121007616
570282469791911936
570282555057909760
570283248301043712
570283254743506944
570283309093113856
570283453750489088
570283544125288448
570283571941924864
570283712409051136
570283824040382464
570283851018317824
570284054605639683
570284111425892353
570284129138274304
570284308210032640
570284312697765888
570284482588246016
570284660510433280
570284725740285952
570284840752427008
570284855163883520
570284862122233856
570284934771974144
570284988224008192
570285012882472961
570285070184898561
570285115655348226
570285320085880832
570285465145876480
570285537833168896
570285578563891200
570285610176532480
570285904809598977
570285979753443328
570286035118071808
570286100637466624
570286290203070465
570286345454800896
570286359983886336
570286565894828032
570286841737318400
570286882623369217
570286924277030912
570286925556424705
570287210219606016
570287238145290240
570287271234174976
570287303681294337
570287318264905729
570287408438120448
570287513874669568
570287589216751616
570287622343540736
570287638084763648
570287651137445888
570287704728084480
570287747643998208
570287886135918593
570288039454486529
570288167242375168
570288282413633536
570288349392605186
570288380384292864
570288445156941824
570288667790594048
570288799860846592
570288803849637888
570288809532891137
570288841447366658
570288961064710145
570288981847502850
570289080090689536
570289085354541058
570289473898082305
570289518194126849
570289521113366531
570289532953874432
570289557205327873
570289584061480960
570289587794407425
570289724453216256
570289777184002048
570290034009636865
570290220589027328
570290334158225408
570290337169739776
570290421336813568
570290540274688001
570290552169734144
570290730796777473
570290993339244547
570291066466897921
570291091204919297
570291157340704769
570291213007491076
570291219919736832
570291431195205633
570291473528320001
570291492545298432
570291642550386689
570291699731308545
570291813912858625
570291817087930369
570291828349669378
570291866530398208
570291934306168834
570292174044200963
570292360749453312
570292371340062720
570292403309035520
570292715444965377
570292914686955520
570292976603295744
570293100326862849
570293142257311744
570293265221742594
570293289045364736
570293494444634114
570293527982301184
570293557724110850
570293661377961984
570293669628157952
570293674472558592
570293957739081728
570294002077061120
570294189143031808
570294205999939584
570294237348143104
570294445020733440
570294451261874177
570294460476760064
570294743684517888
570295174385016832
570295202616889345
570295207763316736
570295290063925249
570295405818335236
570295459631263746
570295576446808065
570295637708816384
570295658185408512
570295745921880064
570295795985080320
570295901555699712
570295981985681409
570296110633381889
570296212336865283
570296273611448320
570296417094373376
570296516314845185
570296537433186305
570296556852789250
570296572375900160
570296616688750592
570296670568751106
570296754832318465
570296986827694080
570296996445204480
570297070998974464
570297185704812545
570297402281893888
570297414848000000
570297479029252097
570297548726005761
570297970891075584
570298018685165568
570298027103162368
570298036938772483
570298117544906754
570298155465609217
570298285350629376
570298362907508738
570298371140939776
570298411582394368
570298455068971008
570298644475346945
570298679250305024
570298744723415040
570298770136674304
570298918971576320
570299182310944768
570299252141903873
570299331707854848
570299388670701568
570299642887442433
570299819610251265
570299824760860672
570299889688702976
570299924555956227
570299953286942721
570300177367633921
570300248553349120
570300262302289920
570300325917270018
570300355843661824
570300616901320704
570300767074181121
570300817074462722
570300915418320897
570301031407624196
570301083672813571
570301130888122368
570301395141836801
570301488192458752
570301670892146688
570301794850639872
570301929580048385
570302023968694272
570302023993831425
570302030742470658
570302060035497984
570302337069264900
570302358242115584
570302375510056960
570302460235026433
570302532955844608
570302717085790209
570303383782989824
570303399276761088
570303683872886784
570303720308809728
570303797605617665
570303889754488832
570304059384713218
570304178314190848
570304244001193984
570304440017788929
570304445336178688
570304445734629376
570304544128815104
570304633048047616
570304740279640064
570304779412508673
570304873620746240
570304912468402177
570305051819941889
570305063052283904
570305078470557697
570305098557091840
570305234838429696
570305264613765122
570305363859406848
570305365159632899
570305603056349184
570305647759265793
570306086475075585
570306133677760513
570306217001799680
570306250442985473
570306260010176512
570306423818723328
570306529947193344
570306662575300611
570306715599695874
570306715880706049
570306733010264064
570306867135696897
570306867878072320
570307011981783040
570307026263384064
570307109218340865
570307109704900608
570307312675651585
570307369328095232
570307390752608257
570307434113310720
570307605631012864
570307615189835777
570307820962373632
570307847281614848
570307876897628160
570307948171423745
570307949614256128
570308064185880577
570308156699611137
570308309682675712
570308513181904901
570308799950692353
570309000279023616
570309145276125185
570309156290367488
570309308937842688
570309340952993796
570309345281486848
570310144459972608
570310600460525568
