567676400933416960
567721738155622401
567721764285726720
567721806040031232
567730299912482816
567731810910498816
567734329212940288
567734830800961537
567736870365171713
567737598115082241
567745903474540545
567752009806131200
567752048402104320
567767009908109312
567767091579592704
567768552644423680
567782645975625729
567784912011689984
567792966690168832
567797327071838208
567801519207374849
567808567580041216
567812349895245824
567812369902133248
567812370690605056
567812402764374016
567820647465803776
567827442657677313
567827488736419840
567827498660159489
567828700726620160
567833231434723328
567842439911858176
567842466851905536
567842593440145408
567842647739654144
567842661463240704
567857591222603776
567863933018640384
567864939349557248
567872769049825280
567872810770657280
567889601869668352
567892874756501504
567902921829978112
567918161540046848
567918173992910848
567933117610074113
567963422903705601
567985483135000576
568023874970861568
568034808598810625
568052677881565185
568053919575875584
568054687993352192
568068942771695616
568068967098658816
568076081665679360
568082817562898432
568084167390564353
568084209656573952
568093443823693824
568094199586938880
568095961408507904
568104264733573122
568106783241211904
568114394397147137
568132703738077185
568134211493695488
568138996112445440
568140506116571136
568144447931686912
568144589162287105
568148807684198401
568148808993013761
568159614069444608
568159685238329344
568159714737049601
568163907325599745
568170198433460224
568173724974878720
568174745293709313
568174802059464705
568174847450329088
568180264914051072
568180768804978688
568189945308786688
568189949415170048
568193603954085888
568204964742496256
568205181990637568
568220033299542016
568220131819720705
568250159689113600
568250311455981570
568252997886545920
568265355115814913
568267340405542914
568267732556255232
568280527305715712
568282692845842432
568355672225673216
568360704652279809
568371161484161025
568379326678368256
568386017037672448
568386094875738113
568410282298621952
568412546673352705
568416305101070336
568421605132484608
568431356037996545
568432677789011968
568442492569456640
568446450700558336
568448282239713280
568453818335129601
568454321219596289
568456085536935936
568456334581981184
568474960097878016
568490310524936192
568491765910659072
568491813528576000
568491900195500032
568491905903939584
568492323824381952
568495595440234496
568496673237929984
568506885130682369
568521960088449025
568522028627533824
568527304348942336
568531076915662848
568537219822010368
568552167122055168
568552263641210881
568552347812524032
568564799593820161
568567255291703298
568567425106628609
568574614110117888
568579899243380736
568582374549807104
568582403670851584
568597262378655744
568604311598469121
568612680937766912
568627619991650305
568629979719675904
568646087361355776
568670498646700032
568722339833126912
568748360599019520
568778730186928128
568785504004497408
568793782164062208
568793902267936769
568806138973540352
568807901608828928
568808975828955136
568823897967034368
568823990321598465
568839036007260162
568839199773732864
568854214136479744
568854243097976832
568855465842466817
568861255731154944
568884344221081600
568884379600224258
568884473040752641
568884491294351360
568899252149035008
568899508601430016
568899516872568832
568899587424931840
568913346675613696
568914516546850816
568914672826474496
568928195581513728
568929608566837249
568929641756368896
568929652003217409
568929754151145472
568929782286516224
568929816797323265
568931215149039617
568935494375108608
568944928266412032
568955124300820480
568959870445031424
568959916498509824
568961160357285889
568969970513653762
568971982554963969
568972990039265280
568994886336307200
569020255441264640
569125947200413696
569126026938335232
569129269139537920
569139586124910593
569156321636847617
569163241781403648
569170541250129920
569174820308590592
569184886424268800
569186384121954305
569201464658173952
569201516881448960
569212318283771904
569212570478911489
569216546779705344
569226157901684736
569231763173560320
569235954789015552
569240250192670720
569243017552375809
569243270745866240
569246786440830977
569254571622727682
569256107186782209
569261791928315905
569261989735718914
569263908973903872
569264912695840768
569272209887404032
569285045401178113
569292068981510144
569310717393944577
569313734566547456
569322372995551232
569322419036356608
569325061892481024
569330091857219585
569334621252526080
569337520573390849
569341160482856960
569346451526041600
569350730034728960
569352559598682112
569359788120907776
569367682811715585
569373631999926272
569376145000390656
569394015055040512
569407352299847680
569427993958883328
569470268474683393
569472029717610496
569473231498964992
569473302940372992
569481844300898304
569493923451834369
569503512968572928
569503518224211968
569513049507246081
569518596231008258
569518608797323265
569519156502106112
569521101736439809
569531924219191296
569533648367722496
569533663211356161
569533799815630848
569542242983124992
569548726265470976
569548800169283586
569548841361412096
569558096613380098
569558600353390592
569564016906891264
569565393502793728
569572942381649920
569576214047760385
569578942543372288
569594026732740609
569594123222585344
569596097540132864
569597857013084160
569598614235942912
569599116403036160
569604400479649792
569604904689340416
569609163824713729
569619246520479745
569619751124795392
569619752399667200
569620002652889088
569624299788750848
569624406437306370
569626796385116160
569629819559747585
569632584424153088
569639288649883648
569639294152806400
569639305016152066
569644414395486209
569651459152859137
569653977714962433
569654393898864640
569654428636049408
569654439646269440
569654471342600193
569654562031685632
569659515706028033
569662030984056834
569667313609404416
569669516185063424
569669547210309632
569669603443519490
569669629951549440
569669669948424192
569670081946333184
569672095753502720
569682667362344960
569684626949718017
569684654380486656
569684686160719872
569688201222160385
569692982955237377
569698519742861312
569699694454001664
569700785824669696
569706320212787200
569710853160710144
569714842405249024
569714918951391232
569718651709820930
569718904131420161
569721419849797632
569728466469453825
569729732952109056
569758414810849280
569760118591467520
569760128343220224
569760231846072321
569760267485122560
569767473525862400
569771270839013376
569789622491820032
569790297875599361
569790444797865984
569795913788428288
569805521638662144
569811013786312704
569817051482726400
567676400933416960
567721738155622401
567721764285726720
567721806040031232
567730299912482816
567731810910498816
567734329212940288
567734830800961537
567736870365171713
567737598115082241
567745903474540545
567752009806131200
567752048402104320
567767009908109312
567767091579592704
567768552644423680
567782645975625729
567784912011689984
567792966690168832
567797327071838208
567801519207374849
567808567580041216
567812349895245824
567812369902133248
567812370690605056
567812402764374016
567820647465803776
567827442657677313
567827488736419840
567827498660159489
567828700726620160
567833231434723328
567842439911858176
567842466851905536
567842593440145408
567842647739654144
567842661463240704
567857591222603776
567863933018640384
567864939349557248
567872769049825280
567872810770657280
567889601869668352
567892874756501504
567902921829978112
567918161540046848
567918173992910848
567933117610074113
567963422903705601
567985483135000576
568023874970861568
568034808598810625
568052677881565185
568053919575875584
568054687993352192
568068942771695616
568068967098658816
568076081665679360
568082817562898432
568084167390564353
568084209656573952
568093443823693824
568094199586938880
568095961408507904
568104264733573122
568106783241211904
568114394397147137
568132703738077185
568134211493695488
568138996112445440
568140506116571136
568144447931686912
568144589162287105
568148807684198401
568148808993013761
568159614069444608
568159685238329344
568159714737049601
568163907325599745
568170198433460224
568173724974878720
568174745293709313
568174802059464705
568174847450329088
568180264914051072
568180768804978688
568189945308786688
568189949415170048
568193603954085888
568204964742496256
568205181990637568
568220033299542016
568220131819720705
568250159689113600
568250311455981570
568252997886545920
568265355115814913
568267340405542914
568267732556255232
568280527305715712
568282692845842432
568355672225673216
568360704652279809
568371161484161025
568379326678368256
568386017037672448
568386094875738113
568410282298621952
568412546673352705
568416305101070336
568421605132484608
568431356037996545
568432677789011968
568442492569456640
568446450700558336
568448282239713280
568453818335129601
568454321219596289
568456085536935936
568456334581981184
568474960097878016
568490310524936192
568491765910659072
568491813528576000
568491900195500032
568491905903939584
568492323824381952
568495595440234496
568496673237929984
568506885130682369
568521960088449025
568522028627533824
568527304348942336
568531076915662848
568537219822010368
568552167122055168
568552263641210881
568552347812524032
568564799593820161
568567255291703298
568567425106628609
568574614110117888
568579899243380736
568582374549807104
568582403670851584
568597262378655744
568604311598469121
568612680937766912
568627619991650305
568629979719675904
568646087361355776
568670498646700032
568722339833126912
568748360599019520
568778730186928128
568785504004497408
568793782164062208
568793902267936769
568806138973540352
568807901608828928
568808975828955136
568823897967034368
568823990321598465
568839036007260162
568839199773732864
568854214136479744
568854243097976832
568855465842466817
568861255731154944
568884344221081600
568884379600224258
568884473040752641
568884491294351360
568899252149035008
568899508601430016
568899516872568832
568899587424931840
568913346675613696
568914516546850816
568914672826474496
568928195581513728
568929608566837249
568929641756368896
568929652003217409
568929754151145472
568929782286516224
568929816797323265
568931215149039617
568935494375108608
568944928266412032
568955124300820480
568959870445031424
568959916498509824
568961160357285889
568969970513653762
568971982554963969
568972990039265280
568994886336307200
569020255441264640
569125947200413696
569126026938335232
569129269139537920
569139586124910593
569156321636847617
569163241781403648
569170541250129920
569174820308590592
569184886424268800
569186384121954305
569201464658173952
569201516881448960
569212318283771904
569212570478911489
569216546779705344
569226157901684736
569231763173560320
569235954789015552
569240250192670720
569243017552375809
569243270745866240
569246786440830977
569254571622727682
569256107186782209
569261791928315905
569261989735718914
569263908973903872
569264912695840768
569272209887404032
569285045401178113
569292068981510144
569310717393944577
569313734566547456
569322372995551232
569322419036356608
569325061892481024
569330091857219585
569334621252526080
569337520573390849
569341160482856960
569346451526041600
569350730034728960
569352559598682112
569359788120907776
569367682811715585
569373631999926272
569376145000390656
569394015055040512
569407352299847680
569427993958883328
569470268474683393
569472029717610496
569473231498964992
569473302940372992
569481844300898304
569493923451834369
569503512968572928
569503518224211968
569513049507246081
569518596231008258
569518608797323265
569519156502106112
569521101736439809
569531924219191296
569533648367722496
569533663211356161
569533799815630848
569542242983124992
569548726265470976
569548800169283586
569548841361412096
569558096613380098
569558600353390592
569564016906891264
569565393502793728
569572942381649920
569576214047760385
569578942543372288
569594026732740609
569594123222585344
569596097540132864
569597857013084160
569598614235942912
569599116403036160
569604400479649792
569604904689340416
569609163824713729
569619246520479745
569619751124795392
569619752399667200
569620002652889088
569624299788750848
569624406437306370
569626796385116160
569629819559747585
569632584424153088
569639288649883648
569639294152806400
569639305016152066
569644414395486209
569651459152859137
569653977714962433
569654393898864640
569654428636049408
569654439646269440
569654471342600193
569654562031685632
569659515706028033
569662030984056834
569667313609404416
569669516185063424
569669547210309632
569669603443519490
569669629951549440
569669669948424192
569670081946333184
569672095753502720
569682667362344960
569684626949718017
569684654380486656
569684686160719872
569688201222160385
569692982955237377
569698519742861312
569699694454001664
569700785824669696
569706320212787200
569710853160710144
569714842405249024
569714918951391232
569718651709820930
569718904131420161
569721419849797632
569728466469453825
569729732952109056
569758414810849280
569760118591467520
569760128343220224
569760231846072321
569760267485122560
569767473525862400
569771270839013376
569789622491820032
569790297875599361
569790444797865984
569795913788428288
569805521638662144
569811013786312704
569817051482726400
569820619682009088
569820671234060288
569835633147056128
569835641514692608
569835751275433984
569835766416867328
569837686367744000
567676400933416960
567721738155622401
567721764285726720
567721806040031232
567730299912482816
567731810910498816
567734329212940288
567734830800961537
567736870365171713
567737598115082241
567745903474540545
567752009806131200
567752048402104320
567767009908109312
567767091579592704
567768552644423680
567782645975625729
567784912011689984
567792966690168832
567797327071838208
567801519207374849
567808567580041216
567812349895245824
567812369902133248
567812370690605056
567812402764374016
567820647465803776
567827442657677313
567827488736419840
567827498660159489
567828700726620160
567833231434723328
567842439911858176
567842466851905536
567842593440145408
567842647739654144
567842661463240704
567857591222603776
567863933018640384
567864939349557248
567872769049825280
567872810770657280
567889601869668352
567892874756501504
567902921829978112
567918161540046848
567918173992910848
567933117610074113
567963422903705601
567985483135000576
568023874970861568
568034808598810625
568052677881565185
568053919575875584
568054687993352192
568068942771695616
568068967098658816
568076081665679360
568082817562898432
568084167390564353
568084209656573952
568093443823693824
568094199586938880
568095961408507904
568104264733573122
568106783241211904
568114394397147137
568132703738077185
568134211493695488
568138996112445440
568140506116571136
568144447931686912
568144589162287105
568148807684198401
568148808993013761
568159614069444608
568159685238329344
568159714737049601
568163907325599745
568170198433460224
568173724974878720
568174745293709313
568174802059464705
568174847450329088
568180264914051072
568180768804978688
568189945308786688
568189949415170048
568193603954085888
568204964742496256
568205181990637568
568220033299542016
568220131819720705
568250159689113600
568250311455981570
568252997886545920
568265355115814913
568267340405542914
568267732556255232
568280527305715712
568282692845842432
568355672225673216
568360704652279809
568371161484161025
568379326678368256
568386017037672448
568386094875738113
568410282298621952
568412546673352705
568416305101070336
568421605132484608
568431356037996545
568432677789011968
568442492569456640
568446450700558336
568448282239713280
568453818335129601
568454321219596289
568456085536935936
568456334581981184
568474960097878016
568490310524936192
568491765910659072
568491813528576000
568491900195500032
568491905903939584
568492323824381952
568495595440234496
568496673237929984
568506885130682369
568521960088449025
568522028627533824
568527304348942336
568531076915662848
568537219822010368
568552167122055168
568552263641210881
568552347812524032
568564799593820161
568567255291703298
568567425106628609
568574614110117888
568579899243380736
568582374549807104
568582403670851584
568597262378655744
568604311598469121
568612680937766912
568627619991650305
568629979719675904
568646087361355776
568670498646700032
568722339833126912
568748360599019520
568778730186928128
568785504004497408
568793782164062208
568793902267936769
568806138973540352
568807901608828928
568808975828955136
568823897967034368
568823990321598465
568839036007260162
568839199773732864
568854214136479744
568854243097976832
568855465842466817
568861255731154944
568884344221081600
568884379600224258
568884473040752641
568884491294351360
568899252149035008
568899508601430016
568899516872568832
568899587424931840
568913346675613696
568914516546850816
568914672826474496
568928195581513728
568929608566837249
568929641756368896
568929652003217409
568929754151145472
568929782286516224
568929816797323265
568931215149039617
568935494375108608
568944928266412032
568955124300820480
568959870445031424
568959916498509824
568961160357285889
568969970513653762
568971982554963969
568972990039265280
568994886336307200
569020255441264640
569125947200413696
569126026938335232
569129269139537920
569139586124910593
569156321636847617
569163241781403648
569170541250129920
569174820308590592
569184886424268800
569186384121954305
569201464658173952
569201516881448960
569212318283771904
569212570478911489
569216546779705344
569226157901684736
569231763173560320
569235954789015552
569240250192670720
569243017552375809
569243270745866240
569246786440830977
569254571622727682
569256107186782209
569261791928315905
569261989735718914
569263908973903872
569264912695840768
569272209887404032
569285045401178113
569292068981510144
569310717393944577
569313734566547456
569322372995551232
569322419036356608
569325061892481024
569330091857219585
569334621252526080
569337520573390849
569341160482856960
569346451526041600
569350730034728960
569352559598682112
569359788120907776
569367682811715585
569373631999926272
569376145000390656
569394015055040512
569407352299847680
569427993958883328
569470268474683393
569472029717610496
569473231498964992
569473302940372992
569481844300898304
569493923451834369
569503512968572928
569503518224211968
569513049507246081
569518596231008258
569518608797323265
569519156502106112
569521101736439809
569531924219191296
569533648367722496
569533663211356161
569533799815630848
569542242983124992
569548726265470976
569548800169283586
569548841361412096
569558096613380098
569558600353390592
569564016906891264
569565393502793728
569572942381649920
569576214047760385
569578942543372288
569594026732740609
569594123222585344
569596097540132864
569597857013084160
569598614235942912
569599116403036160
569604400479649792
569604904689340416
569609163824713729
569619246520479745
569619751124795392
569619752399667200
569620002652889088
569624299788750848
569624406437306370
569626796385116160
569629819559747585
569632584424153088
569639288649883648
569639294152806400
569639305016152066
569644414395486209
569651459152859137
569653977714962433
569654393898864640
569654428636049408
569654439646269440
569654471342600193
569654562031685632
569659515706028033
569662030984056834
569667313609404416
569669516185063424
569669547210309632
569669603443519490
569669629951549440
569669669948424192
569670081946333184
569672095753502720
569682667362344960
569684626949718017
569684654380486656
569684686160719872
569688201222160385
569692982955237377
569698519742861312
569699694454001664
569700785824669696
569706320212787200
569710853160710144
569714842405249024
569714918951391232
569718651709820930
569718904131420161
569721419849797632
569728466469453825
569729732952109056
569758414810849280
569760118591467520
569760128343220224
569760231846072321
569760267485122560
569767473525862400
569771270839013376
569789622491820032
569790297875599361
569790444797865984
569795913788428288
569805521638662144
569811013786312704
569817051482726400
569820619682009088
569820671234060288
569835633147056128
569835641514692608
569835751275433984
569835766416867328
569837686367744000
569849517077622786
569849765711769600
569850808029859840
569850867899170816
569850899310358531
569850912451072000
569865823415902208
569865827274657792
569865838892691456
569871411843461121
569872921700667392
569874679973818369
569874933549027328
569877197093097472
569877449389051906
569881004262989824
569881035682521088
569881062169567232
569883743223050241
569892297329913856
569893554753040386
569896010010353664
569896025172742144
569903120781852672
569911064105754624
569911218942517248
569911231705944064
569911255399596032
569911674158731264
569920484856475649
569926212400709632
569928034171498496
569930801577644034
569941314713726976
569941344053018625
569941389208719360
569951438329085952
569956446487642112
569956528507236352
569956564993310720
569958232162222082
569960497312768000
569961503308189696
569963767066271744
569971526876962819
569971542538346496
569971550008573953
569971637296082945
569971648876584960
569972073201688576
569977357055864832
569980631548973057
569986782567071744
569986783024431105
569986794797842433
569992708447711232
569995730951147523
570001706676842497
570001825358860289
570001906199887872
570008817414639616
570010327036735488
570014602903339008
570016770708283392
570016801192456192
570016890996666368
570016890996723713
570031211336368128
570032010145607680
570032108447494144
570047059878936576
570062116096331776
570062210640322560
570077234570010624
570078022201532419
570079030029848579
570081545211375616
570081797427621888
570090102195486722
570091109675769856
570108724636831745
570143200935063552
570182972554371072
570182980142022656
570183052401508352
570187239864414208
570189507447775234
570195799256072193
570197979820224512
570199572435185664
570206113783795713
570210392539934721
570213186139525120
570220208037584896
570230527032229889
570236313393373186
570238577683996672
570243296741752832
570252431113760768
570258209534922752
570258435448688641
570258457804189696
570258476695302144
570258597180940288
570261981569159169
570269272502607873
570269280748441601
570284129138274304
570287651137445888
570288667790594048
570288799860846592
570290421336813568
570291492545298432
570295202616889345
570297970891075584
570303683872886784
570303720308809728
570303797605617665
570303889754488832
