567712600772050945
568807947423375360
569219080080658432
569245342421491712
569302005111508992
569582862472577024
567712600772050945
568807947423375360
569219080080658432
569245342421491712
569302005111508992
569582862472577024
567712600772050945
568807947423375360
569219080080658432
569245342421491712
569302005111508992
569582862472577024
567712600772050945
568807947423375360
569219080080658432
569245342421491712
569302005111508992
569582862472577024
567712600772050945
568807947423375360
569219080080658432
569245342421491712
569302005111508992
569582862472577024
567712600772050945
568807947423375360
569219080080658432
569245342421491712
569302005111508992
569582862472577024
567712600772050945
568807947423375360
569219080080658432
569245342421491712
569302005111508992
569582862472577024
567712600772050945
568807947423375360
569219080080658432
569245342421491712
569302005111508992
569582862472577024
