567780624531222528
567878696356433920
568199101981937665
568356641877446656
568380302114086912
569305311007399936
569491295766343681
569650547562811393
567780624531222528
567878696356433920
568199101981937665
568356641877446656
568380302114086912
569305311007399936
569491295766343681
569650547562811393
567780624531222528
567878696356433920
568199101981937665
568356641877446656
568380302114086912
569305311007399936
569491295766343681
569650547562811393
569880207911460864
569883152493240320
569947001456070656
570276806512779264
