567634106058821632
567679487383699456
567688325276770306
567727581873848320
567734128011784192
567738154128769028
567739785406873601
567739785981493248
567739813114417152
567744948934426625
567745702231830529
567748973428219904
567748973910163457
567751489754382336
567753757702647810
567755768037130241
567763065706250240
567769981128282113
567770107062284288
567774139353722880
567778921812389888
567785122708332546
567785191901376512
567795026307325952
567795784876589057
567800210064420864
567800315093979138
567800329824399360
567802829567467520
567810259675537408
567815252881977344
567823967555178496
567830414615662592
567830500095688704
567830505414103040
567842593440145408
567845492849287169
567845500205936640
567845681768968192
567847120990048256
567860775752208385
567871783107452930
567875308377911297
567875699056467968
567875729045590017
567875758053400576
567879331810246656
567881096647569408
567882603405008896
567886632155680770
567890765134852096
567905855653421056
567919849088770048
567951376480907264
567992830943223808
567996668320346112
568011684067078144
568014723926626304
568037876761546753
568049201453469697
568053732929359872
568055996884619264
568057046303576065
568061283200839681
568072079096061952
568072136192966656
568087085120233473
568087131748503553
568087284483928064
568092489011236864
568102187294973952
568102228587884545
568117268254568448
568126461477068800
568133255410671617
568135523530899456
568144330268868608
568144831496593408
568147443151454208
568147483269971969
568162673981943808
568175282919739392
568175537258156033
568177882620661760
568192942088843264
568206236081995776
568207908057567232
568208027775569920
568213785426726912
568214541852495872
568222090769379328
568222976744824832
568223025805422592
568231529823891456
568238227791822850
568253266456395776
568298659537915904
568389266155438080
568434482270707712
568434509017960449
568435244841500673
568435750485819392
568438724708544514
568440278853525504
568449520645906432
568449649951907840
568457140894969856
568463707795095552
568464940367007744
568468715819266048
568475010798637056
568476518852247552
568479680229208064
568494749247778816
568494813655527424
568494910405517312
568494962880475137
568507977235365888
568509738763169792
568510632930050048
568513007849840640
568527605063757824
568533394402861056
568535405361913857
568540062306181120
568540063216197632
568540097639030784
568543965026390016
568544467944407040
568555130624217089
568559061668507648
568570374335524865
568585356586586113
568585421518544897
568589359034859520
568593538520231936
568597062104813568
568600552814174208
568608136485056512
568612163578773504
568616190609764354
568630779720417280
568631538541326336
568645962425446401
568676137699651584
568706272788262912
568735475847950336
568736451237707776
568751647809273856
568751669892268032
568752875205238784
568756110456270849
568766741746225152
568781642946490368
568781747128803328
568781819233091584
568784295759777797
568786811381616641
568790336954175488
568794864533385216
568807451249627136
568811854216105984
568812046747201537
568819025733652481
568823050571026432
568826070897717250
568828335922356224
568836390991101952
568836642825375744
568852246462631936
568853249551409153
568854243097976832
568854763057475584
568857278721478656
568869609622904832
568870473934761985
568872291427160065
568872365146251264
568872880865325056
568882629409411072
568885966523527168
568887349481861120
568887455044259842
568889146179072000
568894021688434690
568901823215448064
568902419972694016
568902492118888448
568910880416464897
568917611565592577
568919686978641920
568921163901984768
568929754151145472
568932735181578240
568947623626846208
568947768149938176
568947860424642560
568947922731028480
568958697856040961
568962468766212097
568963006547111936
568968761954443264
568969519252680706
568973797262372866
568993159419535360
569008329038524417
569017837576069120
569024126641311744
569086687336222720
569105159764242433
569113910776881152
569114030268424192
569119503516246016
569129049861304323
569143915405651968
569144026084962305
569144056305074176
569144072843063296
569158261301227520
569159165626716160
569159333499576320
569170590831132672
569185441171316737
569189483469410305
569189550570016768
569204474155282433
569219656482824192
569219701001179138
569225958495952897
569226460281610241
569234639233142784
569234806543929344
569235773645410304
569236665950203904
569237783715422208
569239293429833728
569249704543965184
569249769421295616
569249783216537601
569249933271965696
569257918815539200
569264912695840768
569264951401054208
569280107724050432
569280114296401920
569310115377102850
569310202174025729
569310249859080192
569310253315174400
569310328862830592
569328128310403073
569330646901895169
569340341956038657
569340402786025472
569357827522699264
569366383458275329
569370553963786241
569372422509453313
569385784685363201
569400869768302592
569420237189181440
569436595746684929
569444898660691968
569467550100267008
569476281974132736
569491295766343681
569491334643347457
569491346647445505
569491425110466560
569491456173477889
569491537610059776
569501773863493632
569506408145784832
569506563628642304
569507060209090561
569516370506993664
569518382883704832
569521101736439809
569521573268480002
569525679823425536
569528451339673600
569536791830798336
569546319666110464
569551779752386560
569551863260913664
569556131078475777
569566880006086656
569566981835218944
569567028136296450
569570477410275328
569572740723712001
569581903965265920
569581977889869825
569585827019399168
569592120954236928
569594386066984960
569595643087486976
569597072350978048
569597220871282690
569598915722518528
569600927394631680
569601934853873664
569604198033170432
569604198771363840
569605710314668035
569606966772940801
569612120758878208
569612143873490944
569612280989495296
569612307363266560
569622568459636736
569626849183035392
569627200133197824
569627273407569920
569627346166284288
569627374674964480
569631377865515008
569633393673150464
569633643821441024
569638675170131968
569638678194040832
569642200595898368
569642306640306176
569642419307864064
569642526065471488
569644213224148993
569644716343455744
569646982282612736
569648240150204416
569648492190179328
569652266006941698
569657389722550272
569657504273027073
569657523944366080
569657618576355328
569663325383979008
569664849522925569
569669129130647552
569669629951549440
569672501753724928
569672510565969920
569672563506458624
569675668524441600
569683974748033026
569684982366666752
569687606901940226
569695048889028608
569702870423117825
569704108095111168
569705869816012801
569705870830874625
569717866611630081
569719964023853056
569720969947848704
569721721944735744
569733015896592385
569741854565998593
569747390758047745
569748099616215040
569763137819267072
569769288174870528
569793460414189568
569806030584057856
569810057795391488
567634106058821632
567679487383699456
567688325276770306
567727581873848320
567734128011784192
567738154128769028
567739785406873601
567739785981493248
567739813114417152
567744948934426625
567745702231830529
567748973428219904
567748973910163457
567751489754382336
567753757702647810
567755768037130241
567763065706250240
567769981128282113
567770107062284288
567774139353722880
567778921812389888
567785122708332546
567785191901376512
567795026307325952
567795784876589057
567800210064420864
567800315093979138
567800329824399360
567802829567467520
567810259675537408
567815252881977344
567823967555178496
567830414615662592
567830500095688704
567830505414103040
567842593440145408
567845492849287169
567845500205936640
567845681768968192
567847120990048256
567860775752208385
567871783107452930
567875308377911297
567875699056467968
567875729045590017
567875758053400576
567879331810246656
567881096647569408
567882603405008896
567886632155680770
567890765134852096
567905855653421056
567919849088770048
567951376480907264
567992830943223808
567996668320346112
568011684067078144
568014723926626304
568037876761546753
568049201453469697
568053732929359872
568055996884619264
568057046303576065
568061283200839681
568072079096061952
568072136192966656
568087085120233473
568087131748503553
568087284483928064
568092489011236864
568102187294973952
568102228587884545
568117268254568448
568126461477068800
568133255410671617
568135523530899456
568144330268868608
568144831496593408
568147443151454208
568147483269971969
568162673981943808
568175282919739392
568175537258156033
568177882620661760
568192942088843264
568206236081995776
568207908057567232
568208027775569920
568213785426726912
568214541852495872
568222090769379328
568222976744824832
568223025805422592
568231529823891456
568238227791822850
568253266456395776
568298659537915904
568389266155438080
568434482270707712
568434509017960449
568435244841500673
568435750485819392
568438724708544514
568440278853525504
568449520645906432
568449649951907840
568457140894969856
568463707795095552
568464940367007744
568468715819266048
568475010798637056
568476518852247552
568479680229208064
568494749247778816
568494813655527424
568494910405517312
568494962880475137
568507977235365888
568509738763169792
568510632930050048
568513007849840640
568527605063757824
568533394402861056
568535405361913857
568540062306181120
568540063216197632
568540097639030784
568543965026390016
568544467944407040
568555130624217089
568559061668507648
568570374335524865
568585356586586113
568585421518544897
568589359034859520
568593538520231936
568597062104813568
568600552814174208
568608136485056512
568612163578773504
568616190609764354
568630779720417280
568631538541326336
568645962425446401
568676137699651584
568706272788262912
568735475847950336
568736451237707776
568751647809273856
568751669892268032
568752875205238784
568756110456270849
568766741746225152
568781642946490368
568781747128803328
568781819233091584
568784295759777797
568786811381616641
568790336954175488
568794864533385216
568807451249627136
568811854216105984
568812046747201537
568819025733652481
568823050571026432
568826070897717250
568828335922356224
568836390991101952
568836642825375744
568852246462631936
568853249551409153
568854243097976832
568854763057475584
568857278721478656
568869609622904832
568870473934761985
568872291427160065
568872365146251264
568872880865325056
568882629409411072
568885966523527168
568887349481861120
568887455044259842
568889146179072000
568894021688434690
568901823215448064
568902419972694016
568902492118888448
568910880416464897
568917611565592577
568919686978641920
568921163901984768
568929754151145472
568932735181578240
568947623626846208
568947768149938176
568947860424642560
568947922731028480
568958697856040961
568962468766212097
568963006547111936
568968761954443264
568969519252680706
568973797262372866
568993159419535360
569008329038524417
569017837576069120
569024126641311744
569086687336222720
569105159764242433
569113910776881152
569114030268424192
569119503516246016
569129049861304323
569143915405651968
569144026084962305
569144056305074176
569144072843063296
569158261301227520
569159165626716160
569159333499576320
569170590831132672
569185441171316737
569189483469410305
569189550570016768
569204474155282433
569219656482824192
569219701001179138
569225958495952897
569226460281610241
569234639233142784
569234806543929344
569235773645410304
569236665950203904
569237783715422208
569239293429833728
569249704543965184
569249769421295616
569249783216537601
569249933271965696
569257918815539200
569264912695840768
569264951401054208
569280107724050432
569280114296401920
569310115377102850
569310202174025729
569310249859080192
569310253315174400
569310328862830592
569328128310403073
569330646901895169
569340341956038657
569340402786025472
569357827522699264
569366383458275329
569370553963786241
569372422509453313
569385784685363201
569400869768302592
569420237189181440
569436595746684929
569444898660691968
569467550100267008
569476281974132736
569491295766343681
569491334643347457
569491346647445505
569491425110466560
569491456173477889
569491537610059776
569501773863493632
569506408145784832
569506563628642304
569507060209090561
569516370506993664
569518382883704832
569521101736439809
569521573268480002
569525679823425536
569528451339673600
569536791830798336
569546319666110464
569551779752386560
569551863260913664
569556131078475777
569566880006086656
569566981835218944
569567028136296450
569570477410275328
569572740723712001
569581903965265920
569581977889869825
569585827019399168
569592120954236928
569594386066984960
569595643087486976
569597072350978048
569597220871282690
569598915722518528
569600927394631680
569601934853873664
569604198033170432
569604198771363840
569605710314668035
569606966772940801
569612120758878208
569612143873490944
569612280989495296
569612307363266560
569622568459636736
569626849183035392
569627200133197824
569627273407569920
569627346166284288
569627374674964480
569631377865515008
569633393673150464
569633643821441024
569638675170131968
569638678194040832
569642200595898368
569642306640306176
569642419307864064
569642526065471488
569644213224148993
569644716343455744
569646982282612736
569648240150204416
569648492190179328
569652266006941698
569657389722550272
569657504273027073
569657523944366080
569657618576355328
569663325383979008
569664849522925569
569669129130647552
569669629951549440
569672501753724928
569672510565969920
569672563506458624
569675668524441600
569683974748033026
569684982366666752
569687606901940226
569695048889028608
569702870423117825
569704108095111168
569705869816012801
569705870830874625
569717866611630081
569719964023853056
569720969947848704
569721721944735744
569733015896592385
569741854565998593
569747390758047745
569748099616215040
569763137819267072
569769288174870528
569793460414189568
569806030584057856
569810057795391488
569818507891871744
569823600837947392
569838589879685120
569838593423708160
569838692220542976
569838834810093568
569844028365275136
567634106058821632
567679487383699456
567688325276770306
567727581873848320
567734128011784192
567738154128769028
567739785406873601
567739785981493248
567739813114417152
567744948934426625
567745702231830529
567748973428219904
567748973910163457
567751489754382336
567753757702647810
567755768037130241
567763065706250240
567769981128282113
567770107062284288
567774139353722880
567778921812389888
567785122708332546
567785191901376512
567795026307325952
567795784876589057
567800210064420864
567800315093979138
567800329824399360
567802829567467520
567810259675537408
567815252881977344
567823967555178496
567830414615662592
567830500095688704
567830505414103040
567842593440145408
567845492849287169
567845500205936640
567845681768968192
567847120990048256
567860775752208385
567871783107452930
567875308377911297
567875699056467968
567875729045590017
567875758053400576
567879331810246656
567881096647569408
567882603405008896
567886632155680770
567890765134852096
567905855653421056
567919849088770048
567951376480907264
567992830943223808
567996668320346112
568011684067078144
568014723926626304
568037876761546753
568049201453469697
568053732929359872
568055996884619264
568057046303576065
568061283200839681
568072079096061952
568072136192966656
568087085120233473
568087131748503553
568087284483928064
568092489011236864
568102187294973952
568102228587884545
568117268254568448
568126461477068800
568133255410671617
568135523530899456
568144330268868608
568144831496593408
568147443151454208
568147483269971969
568162673981943808
568175282919739392
568175537258156033
568177882620661760
568192942088843264
568206236081995776
568207908057567232
568208027775569920
568213785426726912
568214541852495872
568222090769379328
568222976744824832
568223025805422592
568231529823891456
568238227791822850
568253266456395776
568298659537915904
568389266155438080
568434482270707712
568434509017960449
568435244841500673
568435750485819392
568438724708544514
568440278853525504
568449520645906432
568449649951907840
568457140894969856
568463707795095552
568464940367007744
568468715819266048
568475010798637056
568476518852247552
568479680229208064
568494749247778816
568494813655527424
568494910405517312
568494962880475137
568507977235365888
568509738763169792
568510632930050048
568513007849840640
568527605063757824
568533394402861056
568535405361913857
568540062306181120
568540063216197632
568540097639030784
568543965026390016
568544467944407040
568555130624217089
568559061668507648
568570374335524865
568585356586586113
568585421518544897
568589359034859520
568593538520231936
568597062104813568
568600552814174208
568608136485056512
568612163578773504
568616190609764354
568630779720417280
568631538541326336
568645962425446401
568676137699651584
568706272788262912
568735475847950336
568736451237707776
568751647809273856
568751669892268032
568752875205238784
568756110456270849
568766741746225152
568781642946490368
568781747128803328
568781819233091584
568784295759777797
568786811381616641
568790336954175488
568794864533385216
568807451249627136
568811854216105984
568812046747201537
568819025733652481
568823050571026432
568826070897717250
568828335922356224
568836390991101952
568836642825375744
568852246462631936
568853249551409153
568854243097976832
568854763057475584
568857278721478656
568869609622904832
568870473934761985
568872291427160065
568872365146251264
568872880865325056
568882629409411072
568885966523527168
568887349481861120
568887455044259842
568889146179072000
568894021688434690
568901823215448064
568902419972694016
568902492118888448
568910880416464897
568917611565592577
568919686978641920
568921163901984768
568929754151145472
568932735181578240
568947623626846208
568947768149938176
568947860424642560
568947922731028480
568958697856040961
568962468766212097
568963006547111936
568968761954443264
568969519252680706
568973797262372866
568993159419535360
569008329038524417
569017837576069120
569024126641311744
569086687336222720
569105159764242433
569113910776881152
569114030268424192
569119503516246016
569129049861304323
569143915405651968
569144026084962305
569144056305074176
569144072843063296
569158261301227520
569159165626716160
569159333499576320
569170590831132672
569185441171316737
569189483469410305
569189550570016768
569204474155282433
569219656482824192
569219701001179138
569225958495952897
569226460281610241
569234639233142784
569234806543929344
569235773645410304
569236665950203904
569237783715422208
569239293429833728
569249704543965184
569249769421295616
569249783216537601
569249933271965696
569257918815539200
569264912695840768
569264951401054208
569280107724050432
569280114296401920
569310115377102850
569310202174025729
569310249859080192
569310253315174400
569310328862830592
569328128310403073
569330646901895169
569340341956038657
569340402786025472
569357827522699264
569366383458275329
569370553963786241
569372422509453313
569385784685363201
569400869768302592
569420237189181440
569436595746684929
569444898660691968
569467550100267008
569476281974132736
569491295766343681
569491334643347457
569491346647445505
569491425110466560
569491456173477889
569491537610059776
569501773863493632
569506408145784832
569506563628642304
569507060209090561
569516370506993664
569518382883704832
569521101736439809
569521573268480002
569525679823425536
569528451339673600
569536791830798336
569546319666110464
569551779752386560
569551863260913664
569556131078475777
569566880006086656
569566981835218944
569567028136296450
569570477410275328
569572740723712001
569581903965265920
569581977889869825
569585827019399168
569592120954236928
569594386066984960
569595643087486976
569597072350978048
569597220871282690
569598915722518528
569600927394631680
569601934853873664
569604198033170432
569604198771363840
569605710314668035
569606966772940801
569612120758878208
569612143873490944
569612280989495296
569612307363266560
569622568459636736
569626849183035392
569627200133197824
569627273407569920
569627346166284288
569627374674964480
569631377865515008
569633393673150464
569633643821441024
569638675170131968
569638678194040832
569642200595898368
569642306640306176
569642419307864064
569642526065471488
569644213224148993
569644716343455744
569646982282612736
569648240150204416
569648492190179328
569652266006941698
569657389722550272
569657504273027073
569657523944366080
569657618576355328
569663325383979008
569664849522925569
569669129130647552
569669629951549440
569672501753724928
569672510565969920
569672563506458624
569675668524441600
569683974748033026
569684982366666752
569687606901940226
569695048889028608
569702870423117825
569704108095111168
569705869816012801
569705870830874625
569717866611630081
569719964023853056
569720969947848704
569721721944735744
569733015896592385
569741854565998593
569747390758047745
569748099616215040
569763137819267072
569769288174870528
569793460414189568
569806030584057856
569810057795391488
569818507891871744
569823600837947392
569838589879685120
569838593423708160
569838692220542976
569838834810093568
569844028365275136
569844782702338048
569846545715228673
569849818694037504
569851578276048896
569852084536750080
569852332797775872
569852334324518912
569853714149867521
569856109613166593
569868818975219712
569883910735159297
569883984190005248
569884033775063040
569884052758659072
569884071758835712
569887819297992704
569889833297915904
569890084893413376
569890333456117760
569890836361580544
569895618866315264
569897733466628097
569898994408693760
569898995327377408
569899063790825472
569899102198206464
569899203339657217
569899646509666304
569900147343265792
569905936980185088
569908067762094080
569909711962640384
569910971222892545
569914141814726657
569914295854739456
569915248620150786
569917765676601344
569921142971969537
569924309902356480
569929187101966336
569929243146088448
569929414491779072
569932363641298944
569936640669581313
569936893166489600
569936893325897728
569937143314849792
569939156740149249
569943434536091649
569944281512685570
569944355261304833
569944514137362432
569950482665308160
569959393917149189
569959406927945728
569959415433965569
569959601011068928
569961302338072576
569963064495366145
569970865607090176
569974508435562496
569974641214644224
569974656653877248
569974668406296577
569974705811107840
569974710915571712
569980177247285249
569988479540695040
569989598388084736
569989661713666049
569989697449140224
569989745503297536
569989812637167617
569998043761803264
570001064424026112
570004771496714241
570004899234074624
570008612426289153
570015408788414464
570019785788022785
570020023630057472
570030761539182592
570033778300620801
570045818205384704
570050891929280512
570053912214024193
570058190647271424
570063224328081408
570065109420101633
570065109961322496
570065297568194560
570065322369101824
570066245195829249
570069262586540032
570072031502340096
570076814585913344
570080397628825600
570093170874302464
570095443364831232
570095499287506946
570099716379316224
570105753471746048
570110386827087872
570110504254857217
570122868039634944
570123872168574976
570126389279662080
570134947828080640
570136706877272064
570179236633432065
570201172985974784
570216086173581312
570231192102019072
570235609933078529
570238126347714560
570238126611963905
570240896387710976
570246294582771712
570246490473566208
570248695670841344
570261418387353601
570261511781941251
570261514340474880
570264550458695680
570267066919313408
570268326250745856
570271846718775296
570276377401827329
570276681551732736
570278644918194176
570284934771974144
570287704728084480
570288961064710145
570290220589027328
570291642550386689
570291699731308545
570291813912858625
570291817087930369
570301794850639872
570304059384713218
570306715599695874
570306715880706049
570306733010264064
570306867135696897
570306867878072320
570309145276125185
570309345281486848
