568762393083449345
568877748967444480
569488962324172801
569519007965061121
568762393083449345
568877748967444480
569488962324172801
569519007965061121
568762393083449345
568877748967444480
569488962324172801
569519007965061121
568762393083449345
568877748967444480
569488962324172801
569519007965061121
568762393083449345
568877748967444480
569488962324172801
569519007965061121
568762393083449345
568877748967444480
569488962324172801
569519007965061121
568762393083449345
568877748967444480
569488962324172801
569519007965061121
568762393083449345
568877748967444480
569488962324172801
569519007965061121
