568877748967444480
569357691715493888
569488962324172801
569519007965061121
568877748967444480
569357691715493888
569488962324172801
569519007965061121
568877748967444480
569357691715493888
569488962324172801
569519007965061121
568877748967444480
569357691715493888
569488962324172801
569519007965061121
568877748967444480
569357691715493888
569488962324172801
569519007965061121
568877748967444480
569357691715493888
569488962324172801
569519007965061121
568877748967444480
569357691715493888
569488962324172801
569519007965061121
568877748967444480
569357691715493888
569488962324172801
569519007965061121
