567686845903826947
567719005713334276
567722330340986880
567724091809878016
567726594698264576
567728114588209152
567735667879575552
567741202884075520
567741610373685250
567741655587905537
567741692854276096
567741700597366784
567754165904887810
567754288055988224
567756837320392705
567756838529208320
567758065320361985
567763529277923329
567764858817773570
567769337256484864
567788514952368129
567791786145378304
567793799590854656
567794720425144321
567796276100886528
567802008292564992
567802015527755776
567802111321444352
567803109687443456
567806884191944705
567807640660619267
567809403668430849
567810661372424193
567811918711504896
567817455234715649
567823244549480448
567823996852428801
567831549539966976
567832153670705152
567832250110337024
567840103122509825
567842370533867520
567847344307347456
567862454576787456
567862754557759488
567877584341479424
567884646270267392
567885401714589696
567892715603652608
567898236809277440
567901996763602945
567904569679880192
567907813126582272
567915852260978688
567968123917242369
567983341405745152
568028497001590784
568058610296565760
568058820376854528
568069363280035840
568069616003629057
568073860911927296
568084717481775104
568088967419023360
568088989820792832
568090000199270400
568100935769006080
568103931307405312
568103967185444866
568119079371997186
568124226135130112
568124227641065472
568130768788185088
568132619092795392
568134171761065984
568134211493695488
568134243177463815
568134273628155904
568144357230026752
568149287948967936
568155933832044544
568158427664527360
568162061278011392
568164374248067072
568171538324840449
568179570651709441
568179591480811521
568194520497713152
568194744574214144
568198349393768448
568207527067783168
568208027775569920
568209287517835265
568209603332214784
568223380375076864
568224769872502784
568232942612447232
568233193738018817
568234955672694784
568238227791822850
568239978276360192
568240029413163008
568240048384151554
568241499831287808
568251315220041728
568255102567518208
568259618884993024
568269180153274368
568269181394817024
568270132956409857
568360704652279809
568385950486802432
568393752596717568
568402562107498497
568405950958333952
568406048777900032
568406334787457024
568421124201017345
568424704597467137
568431753272168448
568436267702071296
568440058895863808
568448110256640000
568451219477250048
568451244009742336
568466370205237248
568470507433168896
568475039680434176
568481405681999872
568481515899908096
568481989776564224
568482840750530560
568487367536996354
568491142410571778
568491900195500032
568492653987418112
568495924135235585
568496176116457472
568496575716175872
568496664677363712
568496673237929984
568499953041080321
568511755040657409
568512284202438656
568515553666539520
568525368572817408
568526769373859841
568526809387544576
568526847320784896
568531409209421826
568541825092304897
568541894076026881
568541965060427776
568542018760286209
568549781502496768
568556953640820736
568561858875142144
568569662717313024
568587181264146432
568587228353585154
568591324737200128
568602309703249921
568617305757728768
568631066736529409
568632394929958912
568632534117908480
568632557836865536
568645379031347200
568662525530628096
568662835829415936
568677786329735168
568723674934722560
568738229274464256
568753398100692992
568759914514014208
568760866088337409
568761425029668864
568775265406611456
568779794902614016
568780552964145152
568781555784507392
568783455338819584
568797413529538562
568800165886210048
568813634152849408
568813649336381440
568815280903864321
568823143789416449
568826365878730753
568828112626012160
568832394196684800
568843464361713664
568858899438178305
568858974281314304
568861835568369664
568868127364096000
568870394708545536
568874175693242369
568877690821877760
568883981371846656
568889116399525888
568889146179072000
568889252185903104
568892540889509888
568894805914169345
568897757991186432
568899587424931840
568916446710857728
568916807815438336
568919308006395904
568920221882257408
568934521506107392
568945639834267648
568949545972961280
568953190252544000
568954046700064768
568962249177436160
568964010101514240
568964635103076354
568964652455092224
568964732981530624
568966274887389185
568969040133165056
568974120030875648
568994886336307200
569009996668624896
569015346624991232
569015379021795328
569025196230877184
569055189988024320
569076249487925248
569085417045143552
569085424498446337
569098396914421763
569100490027499520
569107706302357504
569115621213884417
569123565984997376
569140424251715584
569143443512897536
569143944266833920
569143946930196483
569145957721505792
569153669867945984
569160924960919552
569167347996495872
569171651381702657
569176007225188352
569191124373520384
569191191448817664
569191270654070784
569206183283843072
569206387483525120
569221317486116864
569221337077587968
569221440794271745
569230515833856000
569235062862036992
569236471690829825
569236557367939072
569244860286263297
569247351392616448
569248000456970240
569253414971899905
569260462606569473
569262225900359680
569266679903080448
569273297491378176
569273298325864448
569278041165324290
569282355904548864
569296784922578944
569296792426295297
569296877902041088
569302490421833729
569311935835062272
569312077954854913
569322372995551232
569327066887401473
569327664919498752
569329921740427264
569336975750094848
569337520573390849
569338605057015808
569342220534288384
569357168765501440
569357196141719552
569364383652044800
569364648576872448
569372333267394560
569372340309651457
569372422509453313
569372595067490304
569387453418762241
569387570364198913
569402506792407041
569408185125052416
569417702764363776
569453233044885504
569474081202032641
569476889313562624
569478023679905792
569478023839416320
569478901166055424
569479404428120064
569480220203474944
569493077368422400
569496017210462208
569499788934291456
569507349548957696
569508277026983937
569508282995486720
569508336594505728
569508406551322624
569518412550033408
569520425312632832
569520929128251392
569522690261950464
569523293356630016
569523377842606080
569523440547291136
569525270907981825
569527975252766720
569534268130660352
569535507815903233
569535527227150336
569538524321419265
569553488885243904
569555072067051520
569557167411478528
569558114447560706
569559433887526913
569562202405019650
569566981835218944
569568612215865344
569571763744452608
569573528149716992
569579962786689024
569582862472577024
569583698640818176
569583725408870401
569585355319599104
569586611085815808
569588375037960192
569589379385008129
569590892085915649
569591393540288512
569591647685775361
569592148338876416
569592402085847041
569593910869127168
569598852912668672
569598915722518528
569598942821744640
569598985737867265
569598991463268352
569604985110994945
569606281998299137
569612028492570624
569612280989495296
569613897516380160
569614009369907200
569614024578600960
569614085807067136
569614088390578176
569615215144226816
569617064375271424
569619075246235648
569619330012463104
569623606684209154
569624865558245376
569626122578726913
569627784626229248
569628970267705344
569629019412557826
569629100114989056
569630148468670464
569632550873915392
569635939422593024
569638919131627522
569642419307864064
569642730932064256
569644070470963201
569644168584105984
569644171331538945
569644213224148993
569644249337110528
569644492040613888
569644495517589504
569646004254998528
569646005315973120
569649779090833408
569654562031685632
569656322154565632
569659162281377794
569659173044129792
569659230929555456
569659317458243584
569659364530728961
569659367001186304
569664878434254848
569666892882952192
569668652045369344
569669815205560320
569672930851844096
569673431224074240
569673434721951744
569673939183493120
569674294411669504
569674298924900352
569674349734711296
569674356915347456
569674358135914496
569676204728389632
569679976053805056
569680231012773888
569682747712770048
569684138304741377
569685261518376960
569685767527596032
569686267354599426
569689370988408832
569691049116839936
569693820398510080
569695695868817410
569698504467021824
569699607707398146
569704388106719232
569704454376660992
569704478808485888
569704587315138560
569704597922557952
569704700490219523
569707409985445889
569711436781322241
569719693780496384
569719741906075648
569727036627034112
569730182371635200
569734821091487744
569734868344684544
569734884396302338
569747170741465088
569749896095358977
569764857991467008
569765076980215809
569770321563279360
569780060523261952
569787232292245504
569795284764532736
569810990189191168
569817130801221632
567686845903826947
567719005713334276
567722330340986880
567724091809878016
567726594698264576
567728114588209152
567735667879575552
567741202884075520
567741610373685250
567741655587905537
567741692854276096
567741700597366784
567754165904887810
567754288055988224
567756837320392705
567756838529208320
567758065320361985
567763529277923329
567764858817773570
567769337256484864
567788514952368129
567791786145378304
567793799590854656
567794720425144321
567796276100886528
567802008292564992
567802015527755776
567802111321444352
567803109687443456
567806884191944705
567807640660619267
567809403668430849
567810661372424193
567811918711504896
567817455234715649
567823244549480448
567823996852428801
567831549539966976
567832153670705152
567832250110337024
567840103122509825
567842370533867520
567847344307347456
567862454576787456
567862754557759488
567877584341479424
567884646270267392
567885401714589696
567892715603652608
567898236809277440
567901996763602945
567904569679880192
567907813126582272
567915852260978688
567968123917242369
567983341405745152
568028497001590784
568058610296565760
568058820376854528
568069363280035840
568069616003629057
568073860911927296
568084717481775104
568088967419023360
568088989820792832
568090000199270400
568100935769006080
568103931307405312
568103967185444866
568119079371997186
568124226135130112
568124227641065472
568130768788185088
568132619092795392
568134171761065984
568134211493695488
568134243177463815
568134273628155904
568144357230026752
568149287948967936
568155933832044544
568158427664527360
568162061278011392
568164374248067072
568171538324840449
568179570651709441
568179591480811521
568194520497713152
568194744574214144
568198349393768448
568207527067783168
568208027775569920
568209287517835265
568209603332214784
568223380375076864
568224769872502784
568232942612447232
568233193738018817
568234955672694784
568238227791822850
568239978276360192
568240029413163008
568240048384151554
568241499831287808
568251315220041728
568255102567518208
568259618884993024
568269180153274368
568269181394817024
568270132956409857
568360704652279809
568385950486802432
568393752596717568
568402562107498497
568405950958333952
568406048777900032
568406334787457024
568421124201017345
568424704597467137
568431753272168448
568436267702071296
568440058895863808
568448110256640000
568451219477250048
568451244009742336
568466370205237248
568470507433168896
568475039680434176
568481405681999872
568481515899908096
568481989776564224
568482840750530560
568487367536996354
568491142410571778
568491900195500032
568492653987418112
568495924135235585
568496176116457472
568496575716175872
568496664677363712
568496673237929984
568499953041080321
568511755040657409
568512284202438656
568515553666539520
568525368572817408
568526769373859841
568526809387544576
568526847320784896
568531409209421826
568541825092304897
568541894076026881
568541965060427776
568542018760286209
568549781502496768
568556953640820736
568561858875142144
568569662717313024
568587181264146432
568587228353585154
568591324737200128
568602309703249921
568617305757728768
568631066736529409
568632394929958912
568632534117908480
568632557836865536
568645379031347200
568662525530628096
568662835829415936
568677786329735168
568723674934722560
568738229274464256
568753398100692992
568759914514014208
568760866088337409
568761425029668864
568775265406611456
568779794902614016
568780552964145152
568781555784507392
568783455338819584
568797413529538562
568800165886210048
568813634152849408
568813649336381440
568815280903864321
568823143789416449
568826365878730753
568828112626012160
568832394196684800
568843464361713664
568858899438178305
568858974281314304
568861835568369664
568868127364096000
568870394708545536
568874175693242369
568877690821877760
568883981371846656
568889116399525888
568889146179072000
568889252185903104
568892540889509888
568894805914169345
568897757991186432
568899587424931840
568916446710857728
568916807815438336
568919308006395904
568920221882257408
568934521506107392
568945639834267648
568949545972961280
568953190252544000
568954046700064768
568962249177436160
568964010101514240
568964635103076354
568964652455092224
568964732981530624
568966274887389185
568969040133165056
568974120030875648
568994886336307200
569009996668624896
569015346624991232
569015379021795328
569025196230877184
569055189988024320
569076249487925248
569085417045143552
569085424498446337
569098396914421763
569100490027499520
569107706302357504
569115621213884417
569123565984997376
569140424251715584
569143443512897536
569143944266833920
569143946930196483
569145957721505792
569153669867945984
569160924960919552
569167347996495872
569171651381702657
569176007225188352
569191124373520384
569191191448817664
569191270654070784
569206183283843072
569206387483525120
569221317486116864
569221337077587968
569221440794271745
569230515833856000
569235062862036992
569236471690829825
569236557367939072
569244860286263297
569247351392616448
569248000456970240
569253414971899905
569260462606569473
569262225900359680
569266679903080448
569273297491378176
569273298325864448
569278041165324290
569282355904548864
569296784922578944
569296792426295297
569296877902041088
569302490421833729
569311935835062272
569312077954854913
569322372995551232
569327066887401473
569327664919498752
569329921740427264
569336975750094848
569337520573390849
569338605057015808
569342220534288384
569357168765501440
569357196141719552
569364383652044800
569364648576872448
569372333267394560
569372340309651457
569372422509453313
569372595067490304
569387453418762241
569387570364198913
569402506792407041
569408185125052416
569417702764363776
569453233044885504
569474081202032641
569476889313562624
569478023679905792
569478023839416320
569478901166055424
569479404428120064
569480220203474944
569493077368422400
569496017210462208
569499788934291456
569507349548957696
569508277026983937
569508282995486720
569508336594505728
569508406551322624
569518412550033408
569520425312632832
569520929128251392
569522690261950464
569523293356630016
569523377842606080
569523440547291136
569525270907981825
569527975252766720
569534268130660352
569535507815903233
569535527227150336
569538524321419265
569553488885243904
569555072067051520
569557167411478528
569558114447560706
569559433887526913
569562202405019650
569566981835218944
569568612215865344
569571763744452608
569573528149716992
569579962786689024
569582862472577024
569583698640818176
569583725408870401
569585355319599104
569586611085815808
569588375037960192
569589379385008129
569590892085915649
569591393540288512
569591647685775361
569592148338876416
569592402085847041
569593910869127168
569598852912668672
569598915722518528
569598942821744640
569598985737867265
569598991463268352
569604985110994945
569606281998299137
569612028492570624
569612280989495296
569613897516380160
569614009369907200
569614024578600960
569614085807067136
569614088390578176
569615215144226816
569617064375271424
569619075246235648
569619330012463104
569623606684209154
569624865558245376
569626122578726913
569627784626229248
569628970267705344
569629019412557826
569629100114989056
569630148468670464
569632550873915392
569635939422593024
569638919131627522
569642419307864064
569642730932064256
569644070470963201
569644168584105984
569644171331538945
569644213224148993
569644249337110528
569644492040613888
569644495517589504
569646004254998528
569646005315973120
569649779090833408
569654562031685632
569656322154565632
569659162281377794
569659173044129792
569659230929555456
569659317458243584
569659364530728961
569659367001186304
569664878434254848
569666892882952192
569668652045369344
569669815205560320
569672930851844096
569673431224074240
569673434721951744
569673939183493120
569674294411669504
569674298924900352
569674349734711296
569674356915347456
569674358135914496
569676204728389632
569679976053805056
569680231012773888
569682747712770048
569684138304741377
569685261518376960
569685767527596032
569686267354599426
569689370988408832
569691049116839936
569693820398510080
569695695868817410
569698504467021824
569699607707398146
569704388106719232
569704454376660992
569704478808485888
569704587315138560
569704597922557952
569704700490219523
569707409985445889
569711436781322241
569719693780496384
569719741906075648
569727036627034112
569730182371635200
569734821091487744
569734868344684544
569734884396302338
569747170741465088
569749896095358977
569764857991467008
569765076980215809
569770321563279360
569780060523261952
569787232292245504
569795284764532736
569810990189191168
569817130801221632
569827699243544576
569832733226110976
569842295387791361
567686845903826947
567719005713334276
567722330340986880
567724091809878016
567726594698264576
567728114588209152
567735667879575552
567741202884075520
567741610373685250
567741655587905537
567741692854276096
567741700597366784
567754165904887810
567754288055988224
567756837320392705
567756838529208320
567758065320361985
567763529277923329
567764858817773570
567769337256484864
567788514952368129
567791786145378304
567793799590854656
567794720425144321
567796276100886528
567802008292564992
567802015527755776
567802111321444352
567803109687443456
567806884191944705
567807640660619267
567809403668430849
567810661372424193
567811918711504896
567817455234715649
567823244549480448
567823996852428801
567831549539966976
567832153670705152
567832250110337024
567840103122509825
567842370533867520
567847344307347456
567862454576787456
567862754557759488
567877584341479424
567884646270267392
567885401714589696
567892715603652608
567898236809277440
567901996763602945
567904569679880192
567907813126582272
567915852260978688
567968123917242369
567983341405745152
568028497001590784
568058610296565760
568058820376854528
568069363280035840
568069616003629057
568073860911927296
568084717481775104
568088967419023360
568088989820792832
568090000199270400
568100935769006080
568103931307405312
568103967185444866
568119079371997186
568124226135130112
568124227641065472
568130768788185088
568132619092795392
568134171761065984
568134211493695488
568134243177463815
568134273628155904
568144357230026752
568149287948967936
568155933832044544
568158427664527360
568162061278011392
568164374248067072
568171538324840449
568179570651709441
568179591480811521
568194520497713152
568194744574214144
568198349393768448
568207527067783168
568208027775569920
568209287517835265
568209603332214784
568223380375076864
568224769872502784
568232942612447232
568233193738018817
568234955672694784
568238227791822850
568239978276360192
568240029413163008
568240048384151554
568241499831287808
568251315220041728
568255102567518208
568259618884993024
568269180153274368
568269181394817024
568270132956409857
568360704652279809
568385950486802432
568393752596717568
568402562107498497
568405950958333952
568406048777900032
568406334787457024
568421124201017345
568424704597467137
568431753272168448
568436267702071296
568440058895863808
568448110256640000
568451219477250048
568451244009742336
568466370205237248
568470507433168896
568475039680434176
568481405681999872
568481515899908096
568481989776564224
568482840750530560
568487367536996354
568491142410571778
568491900195500032
568492653987418112
568495924135235585
568496176116457472
568496575716175872
568496664677363712
568496673237929984
568499953041080321
568511755040657409
568512284202438656
568515553666539520
568525368572817408
568526769373859841
568526809387544576
568526847320784896
568531409209421826
568541825092304897
568541894076026881
568541965060427776
568542018760286209
568549781502496768
568556953640820736
568561858875142144
568569662717313024
568587181264146432
568587228353585154
568591324737200128
568602309703249921
568617305757728768
568631066736529409
568632394929958912
568632534117908480
568632557836865536
568645379031347200
568662525530628096
568662835829415936
568677786329735168
568723674934722560
568738229274464256
568753398100692992
568759914514014208
568760866088337409
568761425029668864
568775265406611456
568779794902614016
568780552964145152
568781555784507392
568783455338819584
568797413529538562
568800165886210048
568813634152849408
568813649336381440
568815280903864321
568823143789416449
568826365878730753
568828112626012160
568832394196684800
568843464361713664
568858899438178305
568858974281314304
568861835568369664
568868127364096000
568870394708545536
568874175693242369
568877690821877760
568883981371846656
568889116399525888
568889146179072000
568889252185903104
568892540889509888
568894805914169345
568897757991186432
568899587424931840
568916446710857728
568916807815438336
568919308006395904
568920221882257408
568934521506107392
568945639834267648
568949545972961280
568953190252544000
568954046700064768
568962249177436160
568964010101514240
568964635103076354
568964652455092224
568964732981530624
568966274887389185
568969040133165056
568974120030875648
568994886336307200
569009996668624896
569015346624991232
569015379021795328
569025196230877184
569055189988024320
569076249487925248
569085417045143552
569085424498446337
569098396914421763
569100490027499520
569107706302357504
569115621213884417
569123565984997376
569140424251715584
569143443512897536
569143944266833920
569143946930196483
569145957721505792
569153669867945984
569160924960919552
569167347996495872
569171651381702657
569176007225188352
569191124373520384
569191191448817664
569191270654070784
569206183283843072
569206387483525120
569221317486116864
569221337077587968
569221440794271745
569230515833856000
569235062862036992
569236471690829825
569236557367939072
569244860286263297
569247351392616448
569248000456970240
569253414971899905
569260462606569473
569262225900359680
569266679903080448
569273297491378176
569273298325864448
569278041165324290
569282355904548864
569296784922578944
569296792426295297
569296877902041088
569302490421833729
569311935835062272
569312077954854913
569322372995551232
569327066887401473
569327664919498752
569329921740427264
569336975750094848
569337520573390849
569338605057015808
569342220534288384
569357168765501440
569357196141719552
569364383652044800
569364648576872448
569372333267394560
569372340309651457
569372422509453313
569372595067490304
569387453418762241
569387570364198913
569402506792407041
569408185125052416
569417702764363776
569453233044885504
569474081202032641
569476889313562624
569478023679905792
569478023839416320
569478901166055424
569479404428120064
569480220203474944
569493077368422400
569496017210462208
569499788934291456
569507349548957696
569508277026983937
569508282995486720
569508336594505728
569508406551322624
569518412550033408
569520425312632832
569520929128251392
569522690261950464
569523293356630016
569523377842606080
569523440547291136
569525270907981825
569527975252766720
569534268130660352
569535507815903233
569535527227150336
569538524321419265
569553488885243904
569555072067051520
569557167411478528
569558114447560706
569559433887526913
569562202405019650
569566981835218944
569568612215865344
569571763744452608
569573528149716992
569579962786689024
569582862472577024
569583698640818176
569583725408870401
569585355319599104
569586611085815808
569588375037960192
569589379385008129
569590892085915649
569591393540288512
569591647685775361
569592148338876416
569592402085847041
569593910869127168
569598852912668672
569598915722518528
569598942821744640
569598985737867265
569598991463268352
569604985110994945
569606281998299137
569612028492570624
569612280989495296
569613897516380160
569614009369907200
569614024578600960
569614085807067136
569614088390578176
569615215144226816
569617064375271424
569619075246235648
569619330012463104
569623606684209154
569624865558245376
569626122578726913
569627784626229248
569628970267705344
569629019412557826
569629100114989056
569630148468670464
569632550873915392
569635939422593024
569638919131627522
569642419307864064
569642730932064256
569644070470963201
569644168584105984
569644171331538945
569644213224148993
569644249337110528
569644492040613888
569644495517589504
569646004254998528
569646005315973120
569649779090833408
569654562031685632
569656322154565632
569659162281377794
569659173044129792
569659230929555456
569659317458243584
569659364530728961
569659367001186304
569664878434254848
569666892882952192
569668652045369344
569669815205560320
569672930851844096
569673431224074240
569673434721951744
569673939183493120
569674294411669504
569674298924900352
569674349734711296
569674356915347456
569674358135914496
569676204728389632
569679976053805056
569680231012773888
569682747712770048
569684138304741377
569685261518376960
569685767527596032
569686267354599426
569689370988408832
569691049116839936
569693820398510080
569695695868817410
569698504467021824
569699607707398146
569704388106719232
569704454376660992
569704478808485888
569704587315138560
569704597922557952
569704700490219523
569707409985445889
569711436781322241
569719693780496384
569719741906075648
569727036627034112
569730182371635200
569734821091487744
569734868344684544
569734884396302338
569747170741465088
569749896095358977
569764857991467008
569765076980215809
569770321563279360
569780060523261952
569787232292245504
569795284764532736
569810990189191168
569817130801221632
569827699243544576
569832733226110976
569842295387791361
569844812783996928
569846023553720321
569847331064934401
569852112605089792
569855477854691328
569857396899606528
569858655086120961
569863183961165826
569864693998690304
569867211852156928
569869476453158912
569869978217914368
569870480993181698
569870657246404608
569878537999503360
569884071758835712
569885742526124032
569885759513034752
569885774386044930
569885859954229248
569890681361186818
569891369390632961
569894640675102722
569900784965554176
569900832616943616
569900867324932096
569903197835407361
569906446881697793
569908067762094080
569909742447009792
569911501626028032
569915529496027136
569915941192015872
569915972758446080
569915992303730689
569915992777687041
569916061891633153
569925091095646209
569930630059974656
569930942833258496
569933901944066048
569936861398994945
569946219826548736
569946571577536512
569950510981083136
569957053432639488
569960575792504833
569961170389618688
569961185107431425
569961203197325312
569961302338072576
569969386062266368
569971648876584960
569974668406296577
569975126659342336
569975508756267008
569976246135697408
569976293573447682
569976426163777536
569981968655519744
569986246648442881
569988762085806081
569991529764409344
569991566087073792
569994045205803009
570001092206923776
570006028864999424
570014685166219264
570016052895092736
570021225323298816
570021599392329728
570021682569555968
570021779521085440
570024174162485251
570032300265578496
570036327825195008
570039094257938432
570045645714620417
570045890750230529
570047651875594240
570051834188075008
570051874537271296
570051875652767744
570066859330019329
570067079253991424
570077847672328192
570078102551834624
570097189617143808
570097279870361600
570108801711341568
570112074249928704
570121135603486720
570145544078815232
570159133795741696
570160394494480384
570172549910409217
570187686213918721
570195373018505216
570202978650603520
570204435663581184
570217918195220480
570217971815211008
570229557740969984
570235387009839104
570237399932018688
570244951914782721
570246963901427713
570248035369820162
570248044341374976
570248162067107840
570248242853773312
570250236402094080
570250989305004033
570255773651099648
570263313306615810
570276440874323968
570277667519332353
570278432417972224
570283453750489088
570286345454800896
570288981847502850
570293494444634114
570293527982301184
570293557724110850
570297548726005761
570300817074462722
570305098557091840
570306423818723328
570307109218340865
570307109704900608
570307615189835777
570308513181904901
