567767439493300224
567767744356294656
567767997981671424
567770910107897856
567771124235517952
567775140319358976
567767439493300224
567767744356294656
567767997981671424
567770910107897856
567771124235517952
567775140319358976
567767439493300224
567767744356294656
567767997981671424
567770910107897856
567771124235517952
567775140319358976
567767439493300224
567767744356294656
567767997981671424
567770910107897856
567771124235517952
567775140319358976
567767439493300224
567767744356294656
567767997981671424
567770910107897856
567771124235517952
567775140319358976
567767439493300224
567767744356294656
567767997981671424
567770910107897856
567771124235517952
567775140319358976
567767439493300224
567767744356294656
567767997981671424
567770910107897856
567771124235517952
567775140319358976
567767439493300224
567767744356294656
567767997981671424
567770910107897856
567771124235517952
567775140319358976
