567711860938772480
567726949049454592
567727026313101315
567727159096385536
567730390291714048
567738192426590209
567742141334437888
567742148603170816
567742238562975745
567751025890709504
567757203093090305
567762099708112897
567771662167179264
567772219549478912
567772246060433408
567781477761314816
567785752751505412
567786760287096832
567787449053872128
567792296654299137
567802111321444352
567802570912305152
567802602738708480
567802649526976512
567802653078728705
567802662026014720
567805887319912448
567813437003411456
567817558418804737
567824260207738880
567829543723102208
567831806944223232
567832640289579008
567832821013848064
567832862130577408
567847737061941249
567847753277120512
567851942627577856
567862814578061312
567862940348579840
567864523585118208
567870311539933184
567875594785923072
567878078782898176
567893201719156736
567898499540340736
567901267063803904
567923361256460288
567949332395249664
567953560362733568
568018287302447104
568055279839023105
568059129601724416
568064339544051712
568064842466250752
568077930783485952
568087744078954497
568089253424594944
568093784417951744
568104424029036545
568104519633993728
568104590387884032
568111402084401152
568122723915862016
568149878095753216
568149912665198592
568155440267161600
568157451729526784
568158459553714176
568170036248092674
568173309747048448
568175323470290944
568176078595985408
568184886051389440
568195153464143872
568199730989174784
568210186755813376
568210310663835648
568210342880227328
568225310753353728
568225322543538176
568228746697814016
568229427286405121
568240338164252672
568240355772108800
568240364315783168
568240532746473472
568250065845944321
568255534941544448
568255550070362113
568275733736353792
568281771298521088
568361346464497664
568391382496378880
568391392528969730
568421605132484608
568421732157161472
568431007654924288
568436613384155136
568436693210173441
568441576206286848
568442077400436736
568444091836604416
568451138221166592
568451849054851072
568451916319096832
568454157478326272
568457681855340544
568458185071132672
568466895554408448
568470266793340929
568472783354773504
568481985221537792
568481989776564224
568481998257430530
568483098310152193
568490899396829186
568491905903939584
568502226597101568
568512284202438656
568517827482685440
568522861205266432
568526386249351168
568527292135133184
568527304348942336
568527393754738688
568535948042104832
568542364207325185
568552809555103744
568572506300243968
568572666178883584
568587821264609280
568588797182648320
568589551477886977
568591059602829314
568602701623218177
568602933035601921
568609430754865152
568617891412574208
568633098474299392
568640385117003776
568657247896788992
568663147189415936
568676876866224128
568678201590996992
568693355183538177
568723674934722560
568731988082999296
568746335446441984
568752875205238784
568768837744611328
568768864793681921
568768874037915648
568768952366575618
568781819233091584
568789117426921472
568798426810355712
568806985505726464
568808746689933312
568814123540221952
568814251311288320
568814284680994816
568829196962828289
568832151119990784
568833409138745344
568836930550534145
568844412970770433
568850770331721728
568853290513010688
568859503472422912
568874175693242369
568874496507174912
568874645564362752
568885499986874369
568889677094232064
568889828588331009
568904684561408000
568904804451409920
568912678917271552
568915699290284032
568926018049691648
568926268772581377
568965165783388160
568965309505380352
568989687353729024
568995277580996609
568995447768899584
568995644276383744
568997237176569856
569006044782800896
569006801192161280
569009316490911745
569014098811351040
569019132978405376
569025555343007744
569066946433581056
569077766022246400
569086048388538368
569126841354743809
569143704109215745
569146504004415489
569148485519462400
569161513056935936
569161583718473728
569176528338202624
569176543236399104
569191687794270209
569206711443181569
569217440250331136
569221213026971649
569221828025167872
569221909231104000
569224234150404096
569225489329598464
569226248393662464
569236060615667713
569236960528756737
569252020474896385
569267194028298241
569267207324246019
569282249717194754
569282312203997185
569282355904548864
569282410170314753
569286897404669953
569287399131389953
569297324285022209
569301745219850241
569302490421833729
569306524155310080
569312396097003520
569312530620817408
569327646917537793
569327664919498752
569330683623186433
569330686135537664
569336975750094848
569340749466226688
569341255399964672
569342608813793280
569342641571291136
569342650068934657
569342670184648704
569342681551400960
569357691715493888
569357781402308608
569357810867138560
569357827522699264
569372837854756864
569372947720179714
569379756673597444
569414739694104576
569418216935723008
569418233322872833
569448465991737345
569482685061554176
569491240481382400
569493640990625793
569497031322030081
569504330551861248
569507349548957696
569508707178057728
569508802891882497
569508903735545857
569523831460761601
569529242893090816
569536791830798336
569537042201194496
569538992980566017
569539000312188928
569539074106789889
569539560910282752
569546858122616833
569554065606074368
569555413450027011
569569120951390209
569569152312213506
569569272898445313
569571772355489792
569579575291875328
569584207011434497
569584372820647936
569584379258900480
569589872094289920
569591653121597440
569599260288819201
569599269189107712
569599295713890304
569599312671301633
569599379893575680
569600462661554177
569607509167595520
569608265623064576
569614361574158336
569614365755899905
569614422496444417
569614436660432896
569614500044918784
569621349095702528
569621351650209792
569621852718411776
569623364337168384
569624621047111680
569626884549578752
569628145030004736
569629537400696832
569629631814508544
569629692661268480
569636447956930561
569639972615135232
569641735086858240
569644249337110528
569644634386911232
569644637343711232
569644675352662016
569644694759714816
569644697309872128
569644716343455744
569644759024852992
569644766779936768
569650542995116033
569651548881465345
569659668412407808
569659878693695488
569661113593425920
569664636179476480
569667401769459712
569668913916567552
569669669948424192
569669921258409985
569674812781694976
569674873787658240
569674883099205632
569674930842775552
569675004482351104
569681746037383168
569689297084919808
569689983969202180
569690010531680256
569692064511692801
569699616750489600
569701377779183616
569703641096933377
569708173831094272
569720084484083712
569720168160428032
569720247948861440
569726038932111360
569748687812845568
569759259480600577
569766964895166465
567711860938772480
567726949049454592
567727026313101315
567727159096385536
567730390291714048
567738192426590209
567742141334437888
567742148603170816
567742238562975745
567751025890709504
567757203093090305
567762099708112897
567771662167179264
567772219549478912
567772246060433408
567781477761314816
567785752751505412
567786760287096832
567787449053872128
567792296654299137
567802111321444352
567802570912305152
567802602738708480
567802649526976512
567802653078728705
567802662026014720
567805887319912448
567813437003411456
567817558418804737
567824260207738880
567829543723102208
567831806944223232
567832640289579008
567832821013848064
567832862130577408
567847737061941249
567847753277120512
567851942627577856
567862814578061312
567862940348579840
567864523585118208
567870311539933184
567875594785923072
567878078782898176
567893201719156736
567898499540340736
567901267063803904
567923361256460288
567949332395249664
567953560362733568
568018287302447104
568055279839023105
568059129601724416
568064339544051712
568064842466250752
568077930783485952
568087744078954497
568089253424594944
568093784417951744
568104424029036545
568104519633993728
568104590387884032
568111402084401152
568122723915862016
568149878095753216
568149912665198592
568155440267161600
568157451729526784
568158459553714176
568170036248092674
568173309747048448
568175323470290944
568176078595985408
568184886051389440
568195153464143872
568199730989174784
568210186755813376
568210310663835648
568210342880227328
568225310753353728
568225322543538176
568228746697814016
568229427286405121
568240338164252672
568240355772108800
568240364315783168
568240532746473472
568250065845944321
568255534941544448
568255550070362113
568275733736353792
568281771298521088
568361346464497664
568391382496378880
568391392528969730
568421605132484608
568421732157161472
568431007654924288
568436613384155136
568436693210173441
568441576206286848
568442077400436736
568444091836604416
568451138221166592
568451849054851072
568451916319096832
568454157478326272
568457681855340544
568458185071132672
568466895554408448
568470266793340929
568472783354773504
568481985221537792
568481989776564224
568481998257430530
568483098310152193
568490899396829186
568491905903939584
568502226597101568
568512284202438656
568517827482685440
568522861205266432
568526386249351168
568527292135133184
568527304348942336
568527393754738688
568535948042104832
568542364207325185
568552809555103744
568572506300243968
568572666178883584
568587821264609280
568588797182648320
568589551477886977
568591059602829314
568602701623218177
568602933035601921
568609430754865152
568617891412574208
568633098474299392
568640385117003776
568657247896788992
568663147189415936
568676876866224128
568678201590996992
568693355183538177
568723674934722560
568731988082999296
568746335446441984
568752875205238784
568768837744611328
568768864793681921
568768874037915648
568768952366575618
568781819233091584
568789117426921472
568798426810355712
568806985505726464
568808746689933312
568814123540221952
568814251311288320
568814284680994816
568829196962828289
568832151119990784
568833409138745344
568836930550534145
568844412970770433
568850770331721728
568853290513010688
568859503472422912
568874175693242369
568874496507174912
568874645564362752
568885499986874369
568889677094232064
568889828588331009
568904684561408000
568904804451409920
568912678917271552
568915699290284032
568926018049691648
568926268772581377
568965165783388160
568965309505380352
568989687353729024
568995277580996609
568995447768899584
568995644276383744
568997237176569856
569006044782800896
569006801192161280
569009316490911745
569014098811351040
569019132978405376
569025555343007744
569066946433581056
569077766022246400
569086048388538368
569126841354743809
569143704109215745
569146504004415489
569148485519462400
569161513056935936
569161583718473728
569176528338202624
569176543236399104
569191687794270209
569206711443181569
569217440250331136
569221213026971649
569221828025167872
569221909231104000
569224234150404096
569225489329598464
569226248393662464
569236060615667713
569236960528756737
569252020474896385
569267194028298241
569267207324246019
569282249717194754
569282312203997185
569282355904548864
569282410170314753
569286897404669953
569287399131389953
569297324285022209
569301745219850241
569302490421833729
569306524155310080
569312396097003520
569312530620817408
569327646917537793
569327664919498752
569330683623186433
569330686135537664
569336975750094848
569340749466226688
569341255399964672
569342608813793280
569342641571291136
569342650068934657
569342670184648704
569342681551400960
569357691715493888
569357781402308608
569357810867138560
569357827522699264
569372837854756864
569372947720179714
569379756673597444
569414739694104576
569418216935723008
569418233322872833
569448465991737345
569482685061554176
569491240481382400
569493640990625793
569497031322030081
569504330551861248
569507349548957696
569508707178057728
569508802891882497
569508903735545857
569523831460761601
569529242893090816
569536791830798336
569537042201194496
569538992980566017
569539000312188928
569539074106789889
569539560910282752
569546858122616833
569554065606074368
569555413450027011
569569120951390209
569569152312213506
569569272898445313
569571772355489792
569579575291875328
569584207011434497
569584372820647936
569584379258900480
569589872094289920
569591653121597440
569599260288819201
569599269189107712
569599295713890304
569599312671301633
569599379893575680
569600462661554177
569607509167595520
569608265623064576
569614361574158336
569614365755899905
569614422496444417
569614436660432896
569614500044918784
569621349095702528
569621351650209792
569621852718411776
569623364337168384
569624621047111680
569626884549578752
569628145030004736
569629537400696832
569629631814508544
569629692661268480
569636447956930561
569639972615135232
569641735086858240
569644249337110528
569644634386911232
569644637343711232
569644675352662016
569644694759714816
569644697309872128
569644716343455744
569644759024852992
569644766779936768
569650542995116033
569651548881465345
569659668412407808
569659878693695488
569661113593425920
569664636179476480
569667401769459712
569668913916567552
569669669948424192
569669921258409985
569674812781694976
569674873787658240
569674883099205632
569674930842775552
569675004482351104
569681746037383168
569689297084919808
569689983969202180
569690010531680256
569692064511692801
569699616750489600
569701377779183616
569703641096933377
569708173831094272
569720084484083712
569720168160428032
569720247948861440
569726038932111360
569748687812845568
569759259480600577
569766964895166465
569825936788598786
569826452633313280
569827206928715776
569837273828732928
569840848764059648
569841047456460800
567711860938772480
567726949049454592
567727026313101315
567727159096385536
567730390291714048
567738192426590209
567742141334437888
567742148603170816
567742238562975745
567751025890709504
567757203093090305
567762099708112897
567771662167179264
567772219549478912
567772246060433408
567781477761314816
567785752751505412
567786760287096832
567787449053872128
567792296654299137
567802111321444352
567802570912305152
567802602738708480
567802649526976512
567802653078728705
567802662026014720
567805887319912448
567813437003411456
567817558418804737
567824260207738880
567829543723102208
567831806944223232
567832640289579008
567832821013848064
567832862130577408
567847737061941249
567847753277120512
567851942627577856
567862814578061312
567862940348579840
567864523585118208
567870311539933184
567875594785923072
567878078782898176
567893201719156736
567898499540340736
567901267063803904
567923361256460288
567949332395249664
567953560362733568
568018287302447104
568055279839023105
568059129601724416
568064339544051712
568064842466250752
568077930783485952
568087744078954497
568089253424594944
568093784417951744
568104424029036545
568104519633993728
568104590387884032
568111402084401152
568122723915862016
568149878095753216
568149912665198592
568155440267161600
568157451729526784
568158459553714176
568170036248092674
568173309747048448
568175323470290944
568176078595985408
568184886051389440
568195153464143872
568199730989174784
568210186755813376
568210310663835648
568210342880227328
568225310753353728
568225322543538176
568228746697814016
568229427286405121
568240338164252672
568240355772108800
568240364315783168
568240532746473472
568250065845944321
568255534941544448
568255550070362113
568275733736353792
568281771298521088
568361346464497664
568391382496378880
568391392528969730
568421605132484608
568421732157161472
568431007654924288
568436613384155136
568436693210173441
568441576206286848
568442077400436736
568444091836604416
568451138221166592
568451849054851072
568451916319096832
568454157478326272
568457681855340544
568458185071132672
568466895554408448
568470266793340929
568472783354773504
568481985221537792
568481989776564224
568481998257430530
568483098310152193
568490899396829186
568491905903939584
568502226597101568
568512284202438656
568517827482685440
568522861205266432
568526386249351168
568527292135133184
568527304348942336
568527393754738688
568535948042104832
568542364207325185
568552809555103744
568572506300243968
568572666178883584
568587821264609280
568588797182648320
568589551477886977
568591059602829314
568602701623218177
568602933035601921
568609430754865152
568617891412574208
568633098474299392
568640385117003776
568657247896788992
568663147189415936
568676876866224128
568678201590996992
568693355183538177
568723674934722560
568731988082999296
568746335446441984
568752875205238784
568768837744611328
568768864793681921
568768874037915648
568768952366575618
568781819233091584
568789117426921472
568798426810355712
568806985505726464
568808746689933312
568814123540221952
568814251311288320
568814284680994816
568829196962828289
568832151119990784
568833409138745344
568836930550534145
568844412970770433
568850770331721728
568853290513010688
568859503472422912
568874175693242369
568874496507174912
568874645564362752
568885499986874369
568889677094232064
568889828588331009
568904684561408000
568904804451409920
568912678917271552
568915699290284032
568926018049691648
568926268772581377
568965165783388160
568965309505380352
568989687353729024
568995277580996609
568995447768899584
568995644276383744
568997237176569856
569006044782800896
569006801192161280
569009316490911745
569014098811351040
569019132978405376
569025555343007744
569066946433581056
569077766022246400
569086048388538368
569126841354743809
569143704109215745
569146504004415489
569148485519462400
569161513056935936
569161583718473728
569176528338202624
569176543236399104
569191687794270209
569206711443181569
569217440250331136
569221213026971649
569221828025167872
569221909231104000
569224234150404096
569225489329598464
569226248393662464
569236060615667713
569236960528756737
569252020474896385
569267194028298241
569267207324246019
569282249717194754
569282312203997185
569282355904548864
569282410170314753
569286897404669953
569287399131389953
569297324285022209
569301745219850241
569302490421833729
569306524155310080
569312396097003520
569312530620817408
569327646917537793
569327664919498752
569330683623186433
569330686135537664
569336975750094848
569340749466226688
569341255399964672
569342608813793280
569342641571291136
569342650068934657
569342670184648704
569342681551400960
569357691715493888
569357781402308608
569357810867138560
569357827522699264
569372837854756864
569372947720179714
569379756673597444
569414739694104576
569418216935723008
569418233322872833
569448465991737345
569482685061554176
569491240481382400
569493640990625793
569497031322030081
569504330551861248
569507349548957696
569508707178057728
569508802891882497
569508903735545857
569523831460761601
569529242893090816
569536791830798336
569537042201194496
569538992980566017
569539000312188928
569539074106789889
569539560910282752
569546858122616833
569554065606074368
569555413450027011
569569120951390209
569569152312213506
569569272898445313
569571772355489792
569579575291875328
569584207011434497
569584372820647936
569584379258900480
569589872094289920
569591653121597440
569599260288819201
569599269189107712
569599295713890304
569599312671301633
569599379893575680
569600462661554177
569607509167595520
569608265623064576
569614361574158336
569614365755899905
569614422496444417
569614436660432896
569614500044918784
569621349095702528
569621351650209792
569621852718411776
569623364337168384
569624621047111680
569626884549578752
569628145030004736
569629537400696832
569629631814508544
569629692661268480
569636447956930561
569639972615135232
569641735086858240
569644249337110528
569644634386911232
569644637343711232
569644675352662016
569644694759714816
569644697309872128
569644716343455744
569644759024852992
569644766779936768
569650542995116033
569651548881465345
569659668412407808
569659878693695488
569661113593425920
569664636179476480
569667401769459712
569668913916567552
569669669948424192
569669921258409985
569674812781694976
569674873787658240
569674883099205632
569674930842775552
569675004482351104
569681746037383168
569689297084919808
569689983969202180
569690010531680256
569692064511692801
569699616750489600
569701377779183616
569703641096933377
569708173831094272
569720084484083712
569720168160428032
569720247948861440
569726038932111360
569748687812845568
569759259480600577
569766964895166465
569825936788598786
569826452633313280
569827206928715776
569837273828732928
569840848764059648
569841047456460800
569856081180160000
569856109613166593
569860677650636801
569863194929471488
569868478435487744
569871068833435648
569872756302422017
569881062169567232
569886219057926144
569886288691773440
569891377351233536
569893140066213888
569895406869483520
569901265163034624
569901314026692611
569904716328673280
569913274218622977
569916555154169856
569916586682945536
569916590814203904
569920824905306113
569922837353402368
569931469990154242
569931677868273664
569933405506310144
569936426902687744
569940199842525184
569940702425169920
569946571577536512
569946703522091008
569946740855582722
569946742277451776
569948507018129408
569948758118526976
569949007465844736
569951021398683650
569952282277773312
569955551951622144
569957315568394242
569960080734490624
569961680530247681
569961695835267073
569961785509478400
569961866224652288
569961886046760961
569965247093731328
569967632868188160
569971998572589057
569975684476641280
569976751205584896
569976848786034688
569981473060560896
569981722470834176
569983990683148288
569987511830904832
569988016074149889
569989023478841345
569992543875653633
570007003659149312
570017458742030336
570021485466685440
570022265343123456
570033062202863616
570037336886546432
570037369841135616
570045393565691904
570045645714620417
570048915518533634
570049923858567168
570060997907447810
570064017022181376
570066283233972224
570067446712791040
570067529206358016
570082564502728704
570083898031513600
570093462738984961
570093964059156481
570097596913623040
570097604182351872
570097607478874112
570168203470446592
570173090774294528
570173181727674368
570177012360462336
570183052401508352
570188353984958464
570188838775103488
570193870769811456
570218339118800896
570218532060835840
570232122826493953
570242191685234688
570247474465677312
570248591295557632
570248600623521793
570248695670841344
570263732099649537
570263827033432064
570263871526559745
570263872004874240
570265596220166144
570267608773054464
570271383005085696
570272387985514497
570276414567493633
570278679491670016
570278803399798784
570278869133107201
570278902959988736
570283712409051136
570285979753443328
570287238145290240
570293527982301184
570293957739081728
570294002077061120
570295290063925249
570299819610251265
570302337069264900
570306867135696897
570306867878072320
570307369328095232
570309000279023616
570309145276125185
570309156290367488
