567623209026334720
567696188602712064
567713338873118722
567726138223771649
567728481623359488
567728533771132928
567728679426326528
567729658276237312
567732427691683840
567745009890623488
567756085583302656
567756837320392705
567756838529208320
567758699574226944
567759608643452929
567768417038761987
567773933928476672
567777978327633920
567784773780013057
567788982974619649
567789001374183424
567803969235390464
567819066708226048
567835857929035776
567849376925618176
567860775752208385
567864395264573441
567864523585118208
567880908528832513
567883674462588929
567894706325188608
567898269961101313
567909745211879424
567924953976152064
567940050186604545
567985128422690816
567996668320346112
568016802191683586
568030511530172416
568042973688139777
568042975856619520
568045665185452032
568045766280933377
568050773910622209
568050777744379904
568071159285022720
568075902493593600
568075934609346560
568077199162658816
568084748020649984
568090851907207169
568090890549374976
568090924141703169
568091027774545920
568091794304401409
568094311159476224
568101609894342656
568105932917481472
568106054283882496
568108909480824832
568136286109888512
568144894964994048
568144896852299776
568146404784209920
568166390873653248
568166403246850050
568166478572204032
568166479327313920
568170564289867776
568173585484771328
568203785996263424
568211739059326976
568214100578324480
568218884060241920
568226940139782144
568228505160433665
568232723170484224
568241989453393920
568245558919503872
568258896038506496
568262925833515008
568272139075387392
568272244792631296
568274752864948224
568281546999754752
568298659537915904
568363838158065664
568388502431395840
568408074161160192
568423029371334656
568428263762214913
568433045805465600
568434301496381441
568437324587012096
568438142673555457
568438162369822720
568438257454682112
568438312177762304
568450407204139008
568453351479721986
568463244035289088
568468372524023808
568468409471492096
568483491819753472
568483559532568576
568483591623208961
568501242248499201
568513072819646464
568521376245501956
568542766860541952
568543965026390016
568545534056787968
568549060103135232
568558979841810432
568559061668507648
568560130117251072
568568690381168640
568568938960805888
568571203553599488
568574014505029632
568574059652489217
568574174677114880
568574188086296576
568574249553637377
568577243200376833
568580515013398528
568589127290998784
568600144406568962
568602156988657664
568604231026003968
568604311598469121
568604366690627584
568619425886121985
568621033273602048
568634467587264512
568634515884789761
568634603885502464
568638903097421824
568647206695120896
568649643187310593
568656014481846272
568740200479793153
568742080715104256
568757933502148608
568766741746225152
568770352635121664
568770442292551680
568779073117245441
568785504004497408
568785867743105024
568790903776636928
568792664931508225
568796187299606528
568805751386288128
568813302140284928
568815660815519744
568815686446788608
568815689684815873
568815766474244096
568818335200223232
568830757730422784
568830888089423872
568831166976884736
568832931382366209
568838717303074816
568845879307735040
568846033997803520
568860978231709697
568861022343307264
568875992128729088
568876016216600576
568891233386561537
568895842293309440
568921315069042688
568921407813521409
568929816797323265
568930822952103938
568950706008231936
568951462413209601
568951506042425346
568951532252585987
568951601777512448
568966649728114688
568967313598386176
568981931599237120
568982915956277249
568989460618203136
568996855566245889
569007580925677568
569025196230877184
569087442092826624
569114030268424192
569117696610185217
569147852217135104
569153793058672641
569162600237236224
569163008309657600
569164614921019392
569178197499256832
569178210325430272
569184999900995585
569186762947493888
569192549170032640
569208219072991233
569208236487745536
569208317408514048
569211675108179968
569213183455563776
569220232293720066
569222494952886272
569223447005433856
569223482791366656
569223492987723778
569228788481069057
569229796401684480
569235333050576898
569238439373234176
569238450794209280
569240866684071936
569243889011281920
569256471046823937
569259238989688833
569268751008436224
569274088289660928
569276854458310658
569283845985427457
569322657822285824
569329014826864640
569329041544749056
569332471193595904
569336246474022912
569363173817643009
569373743698591744
569374298168791040
569374522157207552
569456035930484737
569464902164856832
569480043853946881
569480220203474944
569495111337275392
569501080607813633
569512408420622336
569514168576974848
569520712379052032
569525270907981825
569525452081111041
569525480178769920
569533799815630848
569537571685924864
569540405676654592
569540460810620928
569541848877957120
569549401364029440
569554937744486400
569555517502300160
569556697603280897
569558713079443456
569562990250323968
569566514132717568
569570644632821760
569584379258900480
569584885108748290
569585747503611905
569585827019399168
569600780048560128
569600927394631680
569600985007558656
569600989055086592
569600990430806017
569603002278944768
569605521050898433
569610806196768768
569615983205347329
569616019708182529
569620873394696192
569621879633391616
569623889686482944
569630183747153920
569630987858132992
569631027385245696
569631041356320768
569631041603788800
569642766407483392
569645783974195202
569646144805953536
569646184005894144
569646230264885249
569646269221773312
569646280214847488
569646309159927808
569646538814824449
569650819894652928
569651320736522240
569656858400694272
569657112109965312
569659878693695488
569661233923629056
569661321744134144
569666926294798338
569671454419079169
569674725623926784
569675481857064960
569676304154554368
569676317144133632
569676333766328320
569676336635236352
569676387113672704
569676404893163520
569676450552537088
569679254495100928
569679759250038784
569681019185573889
569681774307123200
569682277111889920
569687056542244864
569688317412970496
569689324595376128
569689826221363201
569691389958553600
569691438784647168
569691489179021312
569691521454223361
569691533101780992
569691574625415168
569691609404706817
569703417628770304
569706627667853312
569706638283833344
569710964712411136
569721575492194304
569721604315312129
569721721944735744
569721779645767680
569721804891271168
569721813220995072
569732355067244545
569736870927556608
569740409787658240
569747706047934464
569757773937770496
569757774395023360
569766956062134272
569766964895166465
569784699117137920
569813138910130176
567623209026334720
567696188602712064
567713338873118722
567726138223771649
567728481623359488
567728533771132928
567728679426326528
567729658276237312
567732427691683840
567745009890623488
567756085583302656
567756837320392705
567756838529208320
567758699574226944
567759608643452929
567768417038761987
567773933928476672
567777978327633920
567784773780013057
567788982974619649
567789001374183424
567803969235390464
567819066708226048
567835857929035776
567849376925618176
567860775752208385
567864395264573441
567864523585118208
567880908528832513
567883674462588929
567894706325188608
567898269961101313
567909745211879424
567924953976152064
567940050186604545
567985128422690816
567996668320346112
568016802191683586
568030511530172416
568042973688139777
568042975856619520
568045665185452032
568045766280933377
568050773910622209
568050777744379904
568071159285022720
568075902493593600
568075934609346560
568077199162658816
568084748020649984
568090851907207169
568090890549374976
568090924141703169
568091027774545920
568091794304401409
568094311159476224
568101609894342656
568105932917481472
568106054283882496
568108909480824832
568136286109888512
568144894964994048
568144896852299776
568146404784209920
568166390873653248
568166403246850050
568166478572204032
568166479327313920
568170564289867776
568173585484771328
568203785996263424
568211739059326976
568214100578324480
568218884060241920
568226940139782144
568228505160433665
568232723170484224
568241989453393920
568245558919503872
568258896038506496
568262925833515008
568272139075387392
568272244792631296
568274752864948224
568281546999754752
568298659537915904
568363838158065664
568388502431395840
568408074161160192
568423029371334656
568428263762214913
568433045805465600
568434301496381441
568437324587012096
568438142673555457
568438162369822720
568438257454682112
568438312177762304
568450407204139008
568453351479721986
568463244035289088
568468372524023808
568468409471492096
568483491819753472
568483559532568576
568483591623208961
568501242248499201
568513072819646464
568521376245501956
568542766860541952
568543965026390016
568545534056787968
568549060103135232
568558979841810432
568559061668507648
568560130117251072
568568690381168640
568568938960805888
568571203553599488
568574014505029632
568574059652489217
568574174677114880
568574188086296576
568574249553637377
568577243200376833
568580515013398528
568589127290998784
568600144406568962
568602156988657664
568604231026003968
568604311598469121
568604366690627584
568619425886121985
568621033273602048
568634467587264512
568634515884789761
568634603885502464
568638903097421824
568647206695120896
568649643187310593
568656014481846272
568740200479793153
568742080715104256
568757933502148608
568766741746225152
568770352635121664
568770442292551680
568779073117245441
568785504004497408
568785867743105024
568790903776636928
568792664931508225
568796187299606528
568805751386288128
568813302140284928
568815660815519744
568815686446788608
568815689684815873
568815766474244096
568818335200223232
568830757730422784
568830888089423872
568831166976884736
568832931382366209
568838717303074816
568845879307735040
568846033997803520
568860978231709697
568861022343307264
568875992128729088
568876016216600576
568891233386561537
568895842293309440
568921315069042688
568921407813521409
568929816797323265
568930822952103938
568950706008231936
568951462413209601
568951506042425346
568951532252585987
568951601777512448
568966649728114688
568967313598386176
568981931599237120
568982915956277249
568989460618203136
568996855566245889
569007580925677568
569025196230877184
569087442092826624
569114030268424192
569117696610185217
569147852217135104
569153793058672641
569162600237236224
569163008309657600
569164614921019392
569178197499256832
569178210325430272
569184999900995585
569186762947493888
569192549170032640
569208219072991233
569208236487745536
569208317408514048
569211675108179968
569213183455563776
569220232293720066
569222494952886272
569223447005433856
569223482791366656
569223492987723778
569228788481069057
569229796401684480
569235333050576898
569238439373234176
569238450794209280
569240866684071936
569243889011281920
569256471046823937
569259238989688833
569268751008436224
569274088289660928
569276854458310658
569283845985427457
569322657822285824
569329014826864640
569329041544749056
569332471193595904
569336246474022912
569363173817643009
569373743698591744
569374298168791040
569374522157207552
569456035930484737
569464902164856832
569480043853946881
569480220203474944
569495111337275392
569501080607813633
569512408420622336
569514168576974848
569520712379052032
569525270907981825
569525452081111041
569525480178769920
569533799815630848
569537571685924864
569540405676654592
569540460810620928
569541848877957120
569549401364029440
569554937744486400
569555517502300160
569556697603280897
569558713079443456
569562990250323968
569566514132717568
569570644632821760
569584379258900480
569584885108748290
569585747503611905
569585827019399168
569600780048560128
569600927394631680
569600985007558656
569600989055086592
569600990430806017
569603002278944768
569605521050898433
569610806196768768
569615983205347329
569616019708182529
569620873394696192
569621879633391616
569623889686482944
569630183747153920
569630987858132992
569631027385245696
569631041356320768
569631041603788800
569642766407483392
569645783974195202
569646144805953536
569646184005894144
569646230264885249
569646269221773312
569646280214847488
569646309159927808
569646538814824449
569650819894652928
569651320736522240
569656858400694272
569657112109965312
569659878693695488
569661233923629056
569661321744134144
569666926294798338
569671454419079169
569674725623926784
569675481857064960
569676304154554368
569676317144133632
569676333766328320
569676336635236352
569676387113672704
569676404893163520
569676450552537088
569679254495100928
569679759250038784
569681019185573889
569681774307123200
569682277111889920
569687056542244864
569688317412970496
569689324595376128
569689826221363201
569691389958553600
569691438784647168
569691489179021312
569691521454223361
569691533101780992
569691574625415168
569691609404706817
569703417628770304
569706627667853312
569706638283833344
569710964712411136
569721575492194304
569721604315312129
569721721944735744
569721779645767680
569721804891271168
569721813220995072
569732355067244545
569736870927556608
569740409787658240
569747706047934464
569757773937770496
569757774395023360
569766956062134272
569766964895166465
569784699117137920
569813138910130176
569821947049218048
569827329024913408
569841575737499648
569842452716236800
569842553966571520
567623209026334720
567696188602712064
567713338873118722
567726138223771649
567728481623359488
567728533771132928
567728679426326528
567729658276237312
567732427691683840
567745009890623488
567756085583302656
567756837320392705
567756838529208320
567758699574226944
567759608643452929
567768417038761987
567773933928476672
567777978327633920
567784773780013057
567788982974619649
567789001374183424
567803969235390464
567819066708226048
567835857929035776
567849376925618176
567860775752208385
567864395264573441
567864523585118208
567880908528832513
567883674462588929
567894706325188608
567898269961101313
567909745211879424
567924953976152064
567940050186604545
567985128422690816
567996668320346112
568016802191683586
568030511530172416
568042973688139777
568042975856619520
568045665185452032
568045766280933377
568050773910622209
568050777744379904
568071159285022720
568075902493593600
568075934609346560
568077199162658816
568084748020649984
568090851907207169
568090890549374976
568090924141703169
568091027774545920
568091794304401409
568094311159476224
568101609894342656
568105932917481472
568106054283882496
568108909480824832
568136286109888512
568144894964994048
568144896852299776
568146404784209920
568166390873653248
568166403246850050
568166478572204032
568166479327313920
568170564289867776
568173585484771328
568203785996263424
568211739059326976
568214100578324480
568218884060241920
568226940139782144
568228505160433665
568232723170484224
568241989453393920
568245558919503872
568258896038506496
568262925833515008
568272139075387392
568272244792631296
568274752864948224
568281546999754752
568298659537915904
568363838158065664
568388502431395840
568408074161160192
568423029371334656
568428263762214913
568433045805465600
568434301496381441
568437324587012096
568438142673555457
568438162369822720
568438257454682112
568438312177762304
568450407204139008
568453351479721986
568463244035289088
568468372524023808
568468409471492096
568483491819753472
568483559532568576
568483591623208961
568501242248499201
568513072819646464
568521376245501956
568542766860541952
568543965026390016
568545534056787968
568549060103135232
568558979841810432
568559061668507648
568560130117251072
568568690381168640
568568938960805888
568571203553599488
568574014505029632
568574059652489217
568574174677114880
568574188086296576
568574249553637377
568577243200376833
568580515013398528
568589127290998784
568600144406568962
568602156988657664
568604231026003968
568604311598469121
568604366690627584
568619425886121985
568621033273602048
568634467587264512
568634515884789761
568634603885502464
568638903097421824
568647206695120896
568649643187310593
568656014481846272
568740200479793153
568742080715104256
568757933502148608
568766741746225152
568770352635121664
568770442292551680
568779073117245441
568785504004497408
568785867743105024
568790903776636928
568792664931508225
568796187299606528
568805751386288128
568813302140284928
568815660815519744
568815686446788608
568815689684815873
568815766474244096
568818335200223232
568830757730422784
568830888089423872
568831166976884736
568832931382366209
568838717303074816
568845879307735040
568846033997803520
568860978231709697
568861022343307264
568875992128729088
568876016216600576
568891233386561537
568895842293309440
568921315069042688
568921407813521409
568929816797323265
568930822952103938
568950706008231936
568951462413209601
568951506042425346
568951532252585987
568951601777512448
568966649728114688
568967313598386176
568981931599237120
568982915956277249
568989460618203136
568996855566245889
569007580925677568
569025196230877184
569087442092826624
569114030268424192
569117696610185217
569147852217135104
569153793058672641
569162600237236224
569163008309657600
569164614921019392
569178197499256832
569178210325430272
569184999900995585
569186762947493888
569192549170032640
569208219072991233
569208236487745536
569208317408514048
569211675108179968
569213183455563776
569220232293720066
569222494952886272
569223447005433856
569223482791366656
569223492987723778
569228788481069057
569229796401684480
569235333050576898
569238439373234176
569238450794209280
569240866684071936
569243889011281920
569256471046823937
569259238989688833
569268751008436224
569274088289660928
569276854458310658
569283845985427457
569322657822285824
569329014826864640
569329041544749056
569332471193595904
569336246474022912
569363173817643009
569373743698591744
569374298168791040
569374522157207552
569456035930484737
569464902164856832
569480043853946881
569480220203474944
569495111337275392
569501080607813633
569512408420622336
569514168576974848
569520712379052032
569525270907981825
569525452081111041
569525480178769920
569533799815630848
569537571685924864
569540405676654592
569540460810620928
569541848877957120
569549401364029440
569554937744486400
569555517502300160
569556697603280897
569558713079443456
569562990250323968
569566514132717568
569570644632821760
569584379258900480
569584885108748290
569585747503611905
569585827019399168
569600780048560128
569600927394631680
569600985007558656
569600989055086592
569600990430806017
569603002278944768
569605521050898433
569610806196768768
569615983205347329
569616019708182529
569620873394696192
569621879633391616
569623889686482944
569630183747153920
569630987858132992
569631027385245696
569631041356320768
569631041603788800
569642766407483392
569645783974195202
569646144805953536
569646184005894144
569646230264885249
569646269221773312
569646280214847488
569646309159927808
569646538814824449
569650819894652928
569651320736522240
569656858400694272
569657112109965312
569659878693695488
569661233923629056
569661321744134144
569666926294798338
569671454419079169
569674725623926784
569675481857064960
569676304154554368
569676317144133632
569676333766328320
569676336635236352
569676387113672704
569676404893163520
569676450552537088
569679254495100928
569679759250038784
569681019185573889
569681774307123200
569682277111889920
569687056542244864
569688317412970496
569689324595376128
569689826221363201
569691389958553600
569691438784647168
569691489179021312
569691521454223361
569691533101780992
569691574625415168
569691609404706817
569703417628770304
569706627667853312
569706638283833344
569710964712411136
569721575492194304
569721604315312129
569721721944735744
569721779645767680
569721804891271168
569721813220995072
569732355067244545
569736870927556608
569740409787658240
569747706047934464
569757773937770496
569757774395023360
569766956062134272
569766964895166465
569784699117137920
569813138910130176
569821947049218048
569827329024913408
569841575737499648
569842452716236800
569842553966571520
569846356409339906
569857475098202113
569857504768757760
569857624549625856
569866490423349248
569872756302422017
569882596798132225
569887742479486976
569887773953527808
569887819297992704
569889139593646080
569889391633518592
569890651107491840
569895932394917888
569899709734752256
569910528279228416
569914808339836928
569917869296758784
569918026918727680
569918035097731072
569927644575182849
569933008217755648
569937457837273088
569940226984042496
569940980809342976
569946012988669954
569948119712063489
569948131397410816
569948212607393792
569948225278480384
569948241116016641
569962873209937920
569963395652280320
569964888870793216
569967909155446785
569967910417866752
569968411561701378
569977974176378880
569978298765344769
569978312157589504
569978315072610304
569983511609757696
569986029463011328
569986782567071744
569986783024431105
569989551051177984
569991566087073792
569993393767460864
569993437690245120
569993444342534144
569993494715977728
569997350493663233
569997351412228097
570008612426289153
570008661885526016
570008684413104128
570013961808187393
570015470570639360
570017987349995521
570022265343123456
570023602793238528
570033341250056193
570038694817767425
570038882294607873
570039630973829120
570040888321318912
570048188830216192
570049195446444033
570049697924009984
570051488875020288
570053838499143680
570053912214024193
570053952856854528
570068976778153984
570074864708669440
570080397628825600
570083989601411072
570083998380232704
570084122636365825
570084200235335680
570087950156898305
570095499287506946
570106573395087362
570114273021534209
570114300888678401
570121673099190272
570165459783450624
570167726972538880
570174713072369664
570174794425098241
570184083692658688
570187100710002689
570204900375687168
570204930520190978
570204972589002752
570215793511825408
570219877006503936
570219942961922048
570219953741279232
570219969717219328
570220053142097920
570225101104226304
570234946700357632
570234996562112512
570235195934117889
570239952975482881
570240452588380161
570250053710819328
570250236402094080
570250252382416896
570262096094498816
570265280674459648
570265300685488129
570270651996463104
570276439829774336
570276440874323968
570278202897276928
570280378193330180
570280436796166144
570287513874669568
570289777184002048
570295405818335236
570295459631263746
570295576446808065
570296572375900160
570309156290367488
570310600460525568
567623209026334720
567696188602712064
567713338873118722
567726138223771649
567728481623359488
567728533771132928
567728679426326528
567729658276237312
567732427691683840
567745009890623488
567756085583302656
567756837320392705
567756838529208320
567758699574226944
567759608643452929
567768417038761987
567773933928476672
567777978327633920
567784773780013057
567788982974619649
567789001374183424
567803969235390464
567819066708226048
567835857929035776
567849376925618176
567860775752208385
567864395264573441
567864523585118208
567880908528832513
567883674462588929
567894706325188608
567898269961101313
567909745211879424
567924953976152064
567940050186604545
567985128422690816
567996668320346112
568016802191683586
568030511530172416
568042973688139777
568042975856619520
568045665185452032
568045766280933377
568050773910622209
568050777744379904
568071159285022720
568075902493593600
568075934609346560
568077199162658816
568084748020649984
568090851907207169
568090890549374976
568090924141703169
568091027774545920
568091794304401409
568094311159476224
568101609894342656
568105932917481472
568106054283882496
568108909480824832
568136286109888512
568144894964994048
568144896852299776
568146404784209920
568166390873653248
568166403246850050
568166478572204032
568166479327313920
568170564289867776
568173585484771328
568203785996263424
568211739059326976
568214100578324480
568218884060241920
568226940139782144
568228505160433665
568232723170484224
568241989453393920
568245558919503872
568258896038506496
568262925833515008
568272139075387392
568272244792631296
568274752864948224
568281546999754752
568298659537915904
568363838158065664
568388502431395840
568408074161160192
568423029371334656
568428263762214913
568433045805465600
568434301496381441
568437324587012096
568438142673555457
568438162369822720
568438257454682112
568438312177762304
568450407204139008
568453351479721986
568463244035289088
568468372524023808
568468409471492096
568483491819753472
568483559532568576
568483591623208961
568501242248499201
568513072819646464
568521376245501956
568542766860541952
568543965026390016
568545534056787968
568549060103135232
568558979841810432
568559061668507648
568560130117251072
568568690381168640
568568938960805888
568571203553599488
568574014505029632
568574059652489217
568574174677114880
568574188086296576
568574249553637377
568577243200376833
568580515013398528
568589127290998784
568600144406568962
568602156988657664
568604231026003968
568604311598469121
568604366690627584
568619425886121985
568621033273602048
568634467587264512
568634515884789761
568634603885502464
568638903097421824
568647206695120896
568649643187310593
568656014481846272
568740200479793153
568742080715104256
568757933502148608
568766741746225152
568770352635121664
568770442292551680
568779073117245441
568785504004497408
568785867743105024
568790903776636928
568792664931508225
568796187299606528
568805751386288128
568813302140284928
568815660815519744
568815686446788608
568815689684815873
568815766474244096
568818335200223232
568830757730422784
568830888089423872
568831166976884736
568832931382366209
568838717303074816
568845879307735040
568846033997803520
568860978231709697
568861022343307264
568875992128729088
568876016216600576
568891233386561537
568895842293309440
568921315069042688
568921407813521409
568929816797323265
568930822952103938
568950706008231936
568951462413209601
568951506042425346
568951532252585987
568951601777512448
568966649728114688
568967313598386176
568981931599237120
568982915956277249
568989460618203136
568996855566245889
569007580925677568
569025196230877184
569087442092826624
569114030268424192
569117696610185217
569147852217135104
569153793058672641
569162600237236224
569163008309657600
569164614921019392
569178197499256832
569178210325430272
569184999900995585
569186762947493888
569192549170032640
569208219072991233
569208236487745536
569208317408514048
569211675108179968
569213183455563776
569220232293720066
569222494952886272
569223447005433856
569223482791366656
569223492987723778
569228788481069057
569229796401684480
569235333050576898
569238439373234176
569238450794209280
569240866684071936
569243889011281920
569256471046823937
569259238989688833
569268751008436224
569274088289660928
569276854458310658
569283845985427457
569322657822285824
569329014826864640
569329041544749056
569332471193595904
569336246474022912
569363173817643009
569373743698591744
569374298168791040
569374522157207552
569456035930484737
569464902164856832
569480043853946881
569480220203474944
569495111337275392
569501080607813633
569512408420622336
569514168576974848
569520712379052032
569525270907981825
569525452081111041
569525480178769920
569533799815630848
569537571685924864
569540405676654592
569540460810620928
569541848877957120
569549401364029440
569554937744486400
569555517502300160
569556697603280897
569558713079443456
569562990250323968
569566514132717568
569570644632821760
569584379258900480
569584885108748290
569585747503611905
569585827019399168
569600780048560128
569600927394631680
569600985007558656
569600989055086592
569600990430806017
569603002278944768
569605521050898433
569610806196768768
569615983205347329
569616019708182529
569620873394696192
569621879633391616
569623889686482944
569630183747153920
569630987858132992
569631027385245696
569631041356320768
569631041603788800
569642766407483392
569645783974195202
569646144805953536
569646184005894144
569646230264885249
569646269221773312
569646280214847488
569646309159927808
569646538814824449
569650819894652928
569651320736522240
569656858400694272
569657112109965312
569659878693695488
569661233923629056
569661321744134144
569666926294798338
569671454419079169
569674725623926784
569675481857064960
569676304154554368
569676317144133632
569676333766328320
569676336635236352
569676387113672704
569676404893163520
569676450552537088
569679254495100928
569679759250038784
569681019185573889
569681774307123200
569682277111889920
569687056542244864
569688317412970496
569689324595376128
569689826221363201
569691389958553600
569691438784647168
569691489179021312
569691521454223361
569691533101780992
569691574625415168
569691609404706817
569703417628770304
569706627667853312
569706638283833344
569710964712411136
569721575492194304
569721604315312129
569721721944735744
569721779645767680
569721804891271168
569721813220995072
569732355067244545
569736870927556608
569740409787658240
569747706047934464
569757773937770496
569757774395023360
569766956062134272
569766964895166465
569784699117137920
569813138910130176
569821947049218048
569827329024913408
569841575737499648
569842452716236800
569842553966571520
569846356409339906
569857475098202113
569857504768757760
569857624549625856
569866490423349248
569872756302422017
569882596798132225
569887742479486976
569887773953527808
569887819297992704
569889139593646080
569889391633518592
569890651107491840
569895932394917888
569899709734752256
569910528279228416
569914808339836928
569917869296758784
569918026918727680
569918035097731072
569927644575182849
569933008217755648
569937457837273088
569940226984042496
569940980809342976
569946012988669954
569948119712063489
569948131397410816
569948212607393792
569948225278480384
569948241116016641
569962873209937920
569963395652280320
569964888870793216
569967909155446785
569967910417866752
569968411561701378
569977974176378880
569978298765344769
569978312157589504
569978315072610304
569983511609757696
569986029463011328
569986782567071744
569986783024431105
569989551051177984
569991566087073792
569993393767460864
569993437690245120
569993444342534144
569993494715977728
569997350493663233
569997351412228097
570008612426289153
570008661885526016
570008684413104128
570013961808187393
570015470570639360
570017987349995521
570022265343123456
570023602793238528
570033341250056193
570038694817767425
570038882294607873
570039630973829120
570040888321318912
570048188830216192
570049195446444033
570049697924009984
570051488875020288
570053838499143680
570053912214024193
570053952856854528
570068976778153984
570074864708669440
570080397628825600
570083989601411072
570083998380232704
570084122636365825
570084200235335680
570087950156898305
570095499287506946
570106573395087362
570114273021534209
570114300888678401
570121673099190272
570165459783450624
570167726972538880
570174713072369664
570174794425098241
570184083692658688
570187100710002689
570204900375687168
570204930520190978
570204972589002752
570215793511825408
570219877006503936
570219942961922048
570219953741279232
570219969717219328
570220053142097920
570225101104226304
570234946700357632
570234996562112512
570235195934117889
570239952975482881
570240452588380161
570250053710819328
570250236402094080
570250252382416896
570262096094498816
570265280674459648
570265300685488129
570270651996463104
570276439829774336
570276440874323968
570278202897276928
570280378193330180
570280436796166144
570287513874669568
570289777184002048
570295405818335236
570295459631263746
570295576446808065
570296572375900160
570309156290367488
570310600460525568
567623209026334720
567696188602712064
567713338873118722
567726138223771649
567728481623359488
567728533771132928
567728679426326528
567729658276237312
567732427691683840
567745009890623488
567756085583302656
567756837320392705
567756838529208320
567758699574226944
567759608643452929
567768417038761987
567773933928476672
567777978327633920
567784773780013057
567788982974619649
567789001374183424
567803969235390464
567819066708226048
567835857929035776
567849376925618176
567860775752208385
567864395264573441
567864523585118208
567880908528832513
567883674462588929
567894706325188608
567898269961101313
567909745211879424
567924953976152064
567940050186604545
567985128422690816
567996668320346112
568016802191683586
568030511530172416
568042973688139777
568042975856619520
568045665185452032
568045766280933377
568050773910622209
568050777744379904
568071159285022720
568075902493593600
568075934609346560
568077199162658816
568084748020649984
568090851907207169
568090890549374976
568090924141703169
568091027774545920
568091794304401409
568094311159476224
568101609894342656
568105932917481472
568106054283882496
568108909480824832
568136286109888512
568144894964994048
568144896852299776
568146404784209920
568166390873653248
568166403246850050
568166478572204032
568166479327313920
568170564289867776
568173585484771328
568203785996263424
568211739059326976
568214100578324480
568218884060241920
568226940139782144
568228505160433665
568232723170484224
568241989453393920
568245558919503872
568258896038506496
568262925833515008
568272139075387392
568272244792631296
568274752864948224
568281546999754752
568298659537915904
568363838158065664
568388502431395840
568408074161160192
568423029371334656
568428263762214913
568433045805465600
568434301496381441
568437324587012096
568438142673555457
568438162369822720
568438257454682112
568438312177762304
568450407204139008
568453351479721986
568463244035289088
568468372524023808
568468409471492096
568483491819753472
568483559532568576
568483591623208961
568501242248499201
568513072819646464
568521376245501956
568542766860541952
568543965026390016
568545534056787968
568549060103135232
568558979841810432
568559061668507648
568560130117251072
568568690381168640
568568938960805888
568571203553599488
568574014505029632
568574059652489217
568574174677114880
568574188086296576
568574249553637377
568577243200376833
568580515013398528
568589127290998784
568600144406568962
568602156988657664
568604231026003968
568604311598469121
568604366690627584
568619425886121985
568621033273602048
568634467587264512
568634515884789761
568634603885502464
568638903097421824
568647206695120896
568649643187310593
568656014481846272
568740200479793153
568742080715104256
568757933502148608
568766741746225152
568770352635121664
568770442292551680
568779073117245441
568785504004497408
568785867743105024
568790903776636928
568792664931508225
568796187299606528
568805751386288128
568813302140284928
568815660815519744
568815686446788608
568815689684815873
568815766474244096
568818335200223232
568830757730422784
568830888089423872
568831166976884736
568832931382366209
568838717303074816
568845879307735040
568846033997803520
568860978231709697
568861022343307264
568875992128729088
568876016216600576
568891233386561537
568895842293309440
568921315069042688
568921407813521409
568929816797323265
568930822952103938
568950706008231936
568951462413209601
568951506042425346
568951532252585987
568951601777512448
568966649728114688
568967313598386176
568981931599237120
568982915956277249
568989460618203136
568996855566245889
569007580925677568
569025196230877184
569087442092826624
569114030268424192
569117696610185217
569147852217135104
569153793058672641
569162600237236224
569163008309657600
569164614921019392
569178197499256832
569178210325430272
569184999900995585
569186762947493888
569192549170032640
569208219072991233
569208236487745536
569208317408514048
569211675108179968
569213183455563776
569220232293720066
569222494952886272
569223447005433856
569223482791366656
569223492987723778
569228788481069057
569229796401684480
569235333050576898
569238439373234176
569238450794209280
569240866684071936
569243889011281920
569256471046823937
569259238989688833
569268751008436224
569274088289660928
569276854458310658
569283845985427457
569322657822285824
569329014826864640
569329041544749056
569332471193595904
569336246474022912
569363173817643009
569373743698591744
569374298168791040
569374522157207552
569456035930484737
569464902164856832
569480043853946881
569480220203474944
569495111337275392
569501080607813633
569512408420622336
569514168576974848
569520712379052032
569525270907981825
569525452081111041
569525480178769920
569533799815630848
569537571685924864
569540405676654592
569540460810620928
569541848877957120
569549401364029440
569554937744486400
569555517502300160
569556697603280897
569558713079443456
569562990250323968
569566514132717568
569570644632821760
569584379258900480
569584885108748290
569585747503611905
569585827019399168
569600780048560128
569600927394631680
569600985007558656
569600989055086592
569600990430806017
569603002278944768
569605521050898433
569610806196768768
569615983205347329
569616019708182529
569620873394696192
569621879633391616
569623889686482944
569630183747153920
569630987858132992
569631027385245696
569631041356320768
569631041603788800
569642766407483392
569645783974195202
569646144805953536
569646184005894144
569646230264885249
569646269221773312
569646280214847488
569646309159927808
569646538814824449
569650819894652928
569651320736522240
569656858400694272
569657112109965312
569659878693695488
569661233923629056
569661321744134144
569666926294798338
569671454419079169
569674725623926784
569675481857064960
569676304154554368
569676317144133632
569676333766328320
569676336635236352
569676387113672704
569676404893163520
569676450552537088
569679254495100928
569679759250038784
569681019185573889
569681774307123200
569682277111889920
569687056542244864
569688317412970496
569689324595376128
569689826221363201
569691389958553600
569691438784647168
569691489179021312
569691521454223361
569691533101780992
569691574625415168
569691609404706817
569703417628770304
569706627667853312
569706638283833344
569710964712411136
569721575492194304
569721604315312129
569721721944735744
569721779645767680
569721804891271168
569721813220995072
569732355067244545
569736870927556608
569740409787658240
569747706047934464
569757773937770496
569757774395023360
569766956062134272
569766964895166465
569784699117137920
569813138910130176
569821947049218048
569827329024913408
569841575737499648
569842452716236800
569842553966571520
569846356409339906
569857475098202113
569857504768757760
569857624549625856
569866490423349248
569872756302422017
569882596798132225
569887742479486976
569887773953527808
569887819297992704
569889139593646080
569889391633518592
569890651107491840
569895932394917888
569899709734752256
569910528279228416
569914808339836928
569917869296758784
569918026918727680
569918035097731072
569927644575182849
569933008217755648
569937457837273088
569940226984042496
569940980809342976
569946012988669954
569948119712063489
569948131397410816
569948212607393792
569948225278480384
569948241116016641
569962873209937920
569963395652280320
569964888870793216
569967909155446785
569967910417866752
569968411561701378
569977974176378880
569978298765344769
569978312157589504
569978315072610304
569983511609757696
569986029463011328
569986782567071744
569986783024431105
569989551051177984
569991566087073792
569993393767460864
569993437690245120
569993444342534144
569993494715977728
569997350493663233
569997351412228097
570008612426289153
570008661885526016
570008684413104128
570013961808187393
570015470570639360
570017987349995521
570022265343123456
570023602793238528
570033341250056193
570038694817767425
570038882294607873
570039630973829120
570040888321318912
570048188830216192
570049195446444033
570049697924009984
570051488875020288
570053838499143680
570053912214024193
570053952856854528
570068976778153984
570074864708669440
570080397628825600
570083989601411072
570083998380232704
570084122636365825
570084200235335680
570087950156898305
570095499287506946
570106573395087362
570114273021534209
570114300888678401
570121673099190272
570165459783450624
570167726972538880
570174713072369664
570174794425098241
570184083692658688
570187100710002689
570204900375687168
570204930520190978
570204972589002752
570215793511825408
570219877006503936
570219942961922048
570219953741279232
570219969717219328
570220053142097920
570225101104226304
570234946700357632
570234996562112512
570235195934117889
570239952975482881
570240452588380161
570250053710819328
570250236402094080
570250252382416896
570262096094498816
570265280674459648
570265300685488129
570270651996463104
570276439829774336
570276440874323968
570278202897276928
570280378193330180
570280436796166144
570287513874669568
570289777184002048
570295405818335236
570295459631263746
570295576446808065
570296572375900160
570309156290367488
570310600460525568
567623209026334720
567696188602712064
567713338873118722
567726138223771649
567728481623359488
567728533771132928
567728679426326528
567729658276237312
567732427691683840
567745009890623488
567756085583302656
567756837320392705
567756838529208320
567758699574226944
567759608643452929
567768417038761987
567773933928476672
567777978327633920
567784773780013057
567788982974619649
567789001374183424
567803969235390464
567819066708226048
567835857929035776
567849376925618176
567860775752208385
567864395264573441
567864523585118208
567880908528832513
567883674462588929
567894706325188608
567898269961101313
567909745211879424
567924953976152064
567940050186604545
567985128422690816
567996668320346112
568016802191683586
568030511530172416
568042973688139777
568042975856619520
568045665185452032
568045766280933377
568050773910622209
568050777744379904
568071159285022720
568075902493593600
568075934609346560
568077199162658816
568084748020649984
568090851907207169
568090890549374976
568090924141703169
568091027774545920
568091794304401409
568094311159476224
568101609894342656
568105932917481472
568106054283882496
568108909480824832
568136286109888512
568144894964994048
568144896852299776
568146404784209920
568166390873653248
568166403246850050
568166478572204032
568166479327313920
568170564289867776
568173585484771328
568203785996263424
568211739059326976
568214100578324480
568218884060241920
568226940139782144
568228505160433665
568232723170484224
568241989453393920
568245558919503872
568258896038506496
568262925833515008
568272139075387392
568272244792631296
568274752864948224
568281546999754752
568298659537915904
568363838158065664
568388502431395840
568408074161160192
568423029371334656
568428263762214913
568433045805465600
568434301496381441
568437324587012096
568438142673555457
568438162369822720
568438257454682112
568438312177762304
568450407204139008
568453351479721986
568463244035289088
568468372524023808
568468409471492096
568483491819753472
568483559532568576
568483591623208961
568501242248499201
568513072819646464
568521376245501956
568542766860541952
568543965026390016
568545534056787968
568549060103135232
568558979841810432
568559061668507648
568560130117251072
568568690381168640
568568938960805888
568571203553599488
568574014505029632
568574059652489217
568574174677114880
568574188086296576
568574249553637377
568577243200376833
568580515013398528
568589127290998784
568600144406568962
568602156988657664
568604231026003968
568604311598469121
568604366690627584
568619425886121985
568621033273602048
568634467587264512
568634515884789761
568634603885502464
568638903097421824
568647206695120896
568649643187310593
568656014481846272
568740200479793153
568742080715104256
568757933502148608
568766741746225152
568770352635121664
568770442292551680
568779073117245441
568785504004497408
568785867743105024
568790903776636928
568792664931508225
568796187299606528
568805751386288128
568813302140284928
568815660815519744
568815686446788608
568815689684815873
568815766474244096
568818335200223232
568830757730422784
568830888089423872
568831166976884736
568832931382366209
568838717303074816
568845879307735040
568846033997803520
568860978231709697
568861022343307264
568875992128729088
568876016216600576
568891233386561537
568895842293309440
568921315069042688
568921407813521409
568929816797323265
568930822952103938
568950706008231936
568951462413209601
568951506042425346
568951532252585987
568951601777512448
568966649728114688
568967313598386176
568981931599237120
568982915956277249
568989460618203136
568996855566245889
569007580925677568
569025196230877184
569087442092826624
569114030268424192
569117696610185217
569147852217135104
569153793058672641
569162600237236224
569163008309657600
569164614921019392
569178197499256832
569178210325430272
569184999900995585
569186762947493888
569192549170032640
569208219072991233
569208236487745536
569208317408514048
569211675108179968
569213183455563776
569220232293720066
569222494952886272
569223447005433856
569223482791366656
569223492987723778
569228788481069057
569229796401684480
569235333050576898
569238439373234176
569238450794209280
569240866684071936
569243889011281920
569256471046823937
569259238989688833
569268751008436224
569274088289660928
569276854458310658
569283845985427457
569322657822285824
569329014826864640
569329041544749056
569332471193595904
569336246474022912
569363173817643009
569373743698591744
569374298168791040
569374522157207552
569456035930484737
569464902164856832
569480043853946881
569480220203474944
569495111337275392
569501080607813633
569512408420622336
569514168576974848
569520712379052032
569525270907981825
569525452081111041
569525480178769920
569533799815630848
569537571685924864
569540405676654592
569540460810620928
569541848877957120
569549401364029440
569554937744486400
569555517502300160
569556697603280897
569558713079443456
569562990250323968
569566514132717568
569570644632821760
569584379258900480
569584885108748290
569585747503611905
569585827019399168
569600780048560128
569600927394631680
569600985007558656
569600989055086592
569600990430806017
569603002278944768
569605521050898433
569610806196768768
569615983205347329
569616019708182529
569620873394696192
569621879633391616
569623889686482944
569630183747153920
569630987858132992
569631027385245696
569631041356320768
569631041603788800
569642766407483392
569645783974195202
569646144805953536
569646184005894144
569646230264885249
569646269221773312
569646280214847488
569646309159927808
569646538814824449
569650819894652928
569651320736522240
569656858400694272
569657112109965312
569659878693695488
569661233923629056
569661321744134144
569666926294798338
569671454419079169
569674725623926784
569675481857064960
569676304154554368
569676317144133632
569676333766328320
569676336635236352
569676387113672704
569676404893163520
569676450552537088
569679254495100928
569679759250038784
569681019185573889
569681774307123200
569682277111889920
569687056542244864
569688317412970496
569689324595376128
569689826221363201
569691389958553600
569691438784647168
569691489179021312
569691521454223361
569691533101780992
569691574625415168
569691609404706817
569703417628770304
569706627667853312
569706638283833344
569710964712411136
569721575492194304
569721604315312129
569721721944735744
569721779645767680
569721804891271168
569721813220995072
569732355067244545
569736870927556608
569740409787658240
569747706047934464
569757773937770496
569757774395023360
569766956062134272
569766964895166465
569784699117137920
569813138910130176
569821947049218048
569827329024913408
569841575737499648
569842452716236800
569842553966571520
569846356409339906
569857475098202113
569857504768757760
569857624549625856
569866490423349248
569872756302422017
569882596798132225
569887742479486976
569887773953527808
569887819297992704
569889139593646080
569889391633518592
569890651107491840
569895932394917888
569899709734752256
569910528279228416
569914808339836928
569917869296758784
569918026918727680
569918035097731072
569927644575182849
569933008217755648
569937457837273088
569940226984042496
569940980809342976
569946012988669954
569948119712063489
569948131397410816
569948212607393792
569948225278480384
569948241116016641
569962873209937920
569963395652280320
569964888870793216
569967909155446785
569967910417866752
569968411561701378
569977974176378880
569978298765344769
569978312157589504
569978315072610304
569983511609757696
569986029463011328
569986782567071744
569986783024431105
569989551051177984
569991566087073792
569993393767460864
569993437690245120
569993444342534144
569993494715977728
569997350493663233
569997351412228097
570008612426289153
570008661885526016
570008684413104128
570013961808187393
570015470570639360
570017987349995521
570022265343123456
570023602793238528
570033341250056193
570038694817767425
570038882294607873
570039630973829120
570040888321318912
570048188830216192
570049195446444033
570049697924009984
570051488875020288
570053838499143680
570053912214024193
570053952856854528
570068976778153984
570074864708669440
570080397628825600
570083989601411072
570083998380232704
570084122636365825
570084200235335680
570087950156898305
570095499287506946
570106573395087362
570114273021534209
570114300888678401
570121673099190272
570165459783450624
570167726972538880
570174713072369664
570174794425098241
570184083692658688
570187100710002689
570204900375687168
570204930520190978
570204972589002752
570215793511825408
570219877006503936
570219942961922048
570219953741279232
570219969717219328
570220053142097920
570225101104226304
570234946700357632
570234996562112512
570235195934117889
570239952975482881
570240452588380161
570250053710819328
570250236402094080
570250252382416896
570262096094498816
570265280674459648
570265300685488129
570270651996463104
570276439829774336
570276440874323968
570278202897276928
570280378193330180
570280436796166144
570287513874669568
570289777184002048
570295405818335236
570295459631263746
570295576446808065
570296572375900160
570309156290367488
570310600460525568
567623209026334720
567696188602712064
567713338873118722
567726138223771649
567728481623359488
567728533771132928
567728679426326528
567729658276237312
567732427691683840
567745009890623488
567756085583302656
567756837320392705
567756838529208320
567758699574226944
567759608643452929
567768417038761987
567773933928476672
567777978327633920
567784773780013057
567788982974619649
567789001374183424
567803969235390464
567819066708226048
567835857929035776
567849376925618176
567860775752208385
567864395264573441
567864523585118208
567880908528832513
567883674462588929
567894706325188608
567898269961101313
567909745211879424
567924953976152064
567940050186604545
567985128422690816
567996668320346112
568016802191683586
568030511530172416
568042973688139777
568042975856619520
568045665185452032
568045766280933377
568050773910622209
568050777744379904
568071159285022720
568075902493593600
568075934609346560
568077199162658816
568084748020649984
568090851907207169
568090890549374976
568090924141703169
568091027774545920
568091794304401409
568094311159476224
568101609894342656
568105932917481472
568106054283882496
568108909480824832
568136286109888512
568144894964994048
568144896852299776
568146404784209920
568166390873653248
568166403246850050
568166478572204032
568166479327313920
568170564289867776
568173585484771328
568203785996263424
568211739059326976
568214100578324480
568218884060241920
568226940139782144
568228505160433665
568232723170484224
568241989453393920
568245558919503872
568258896038506496
568262925833515008
568272139075387392
568272244792631296
568274752864948224
568281546999754752
568298659537915904
568363838158065664
568388502431395840
568408074161160192
568423029371334656
568428263762214913
568433045805465600
568434301496381441
568437324587012096
568438142673555457
568438162369822720
568438257454682112
568438312177762304
568450407204139008
568453351479721986
568463244035289088
568468372524023808
568468409471492096
568483491819753472
568483559532568576
568483591623208961
568501242248499201
568513072819646464
568521376245501956
568542766860541952
568543965026390016
568545534056787968
568549060103135232
568558979841810432
568559061668507648
568560130117251072
568568690381168640
568568938960805888
568571203553599488
568574014505029632
568574059652489217
568574174677114880
568574188086296576
568574249553637377
568577243200376833
568580515013398528
568589127290998784
568600144406568962
568602156988657664
568604231026003968
568604311598469121
568604366690627584
568619425886121985
568621033273602048
568634467587264512
568634515884789761
568634603885502464
568638903097421824
568647206695120896
568649643187310593
568656014481846272
568740200479793153
568742080715104256
568757933502148608
568766741746225152
568770352635121664
568770442292551680
568779073117245441
568785504004497408
568785867743105024
568790903776636928
568792664931508225
568796187299606528
568805751386288128
568813302140284928
568815660815519744
568815686446788608
568815689684815873
568815766474244096
568818335200223232
568830757730422784
568830888089423872
568831166976884736
568832931382366209
568838717303074816
568845879307735040
568846033997803520
568860978231709697
568861022343307264
568875992128729088
568876016216600576
568891233386561537
568895842293309440
568921315069042688
568921407813521409
568929816797323265
568930822952103938
568950706008231936
568951462413209601
568951506042425346
568951532252585987
568951601777512448
568966649728114688
568967313598386176
568981931599237120
568982915956277249
568989460618203136
568996855566245889
569007580925677568
569025196230877184
569087442092826624
569114030268424192
569117696610185217
569147852217135104
569153793058672641
569162600237236224
569163008309657600
569164614921019392
569178197499256832
569178210325430272
569184999900995585
569186762947493888
569192549170032640
569208219072991233
569208236487745536
569208317408514048
569211675108179968
569213183455563776
569220232293720066
569222494952886272
569223447005433856
569223482791366656
569223492987723778
569228788481069057
569229796401684480
569235333050576898
569238439373234176
569238450794209280
569240866684071936
569243889011281920
569256471046823937
569259238989688833
569268751008436224
569274088289660928
569276854458310658
569283845985427457
569322657822285824
569329014826864640
569329041544749056
569332471193595904
569336246474022912
569363173817643009
569373743698591744
569374298168791040
569374522157207552
569456035930484737
569464902164856832
569480043853946881
569480220203474944
569495111337275392
569501080607813633
569512408420622336
569514168576974848
569520712379052032
569525270907981825
569525452081111041
569525480178769920
569533799815630848
569537571685924864
569540405676654592
569540460810620928
569541848877957120
569549401364029440
569554937744486400
569555517502300160
569556697603280897
569558713079443456
569562990250323968
569566514132717568
569570644632821760
569584379258900480
569584885108748290
569585747503611905
569585827019399168
569600780048560128
569600927394631680
569600985007558656
569600989055086592
569600990430806017
569603002278944768
569605521050898433
569610806196768768
569615983205347329
569616019708182529
569620873394696192
569621879633391616
569623889686482944
569630183747153920
569630987858132992
569631027385245696
569631041356320768
569631041603788800
569642766407483392
569645783974195202
569646144805953536
569646184005894144
569646230264885249
569646269221773312
569646280214847488
569646309159927808
569646538814824449
569650819894652928
569651320736522240
569656858400694272
569657112109965312
569659878693695488
569661233923629056
569661321744134144
569666926294798338
569671454419079169
569674725623926784
569675481857064960
569676304154554368
569676317144133632
569676333766328320
569676336635236352
569676387113672704
569676404893163520
569676450552537088
569679254495100928
569679759250038784
569681019185573889
569681774307123200
569682277111889920
569687056542244864
569688317412970496
569689324595376128
569689826221363201
569691389958553600
569691438784647168
569691489179021312
569691521454223361
569691533101780992
569691574625415168
569691609404706817
569703417628770304
569706627667853312
569706638283833344
569710964712411136
569721575492194304
569721604315312129
569721721944735744
569721779645767680
569721804891271168
569721813220995072
569732355067244545
569736870927556608
569740409787658240
569747706047934464
569757773937770496
569757774395023360
569766956062134272
569766964895166465
569784699117137920
569813138910130176
569821947049218048
569827329024913408
569841575737499648
569842452716236800
569842553966571520
569846356409339906
569857475098202113
569857504768757760
569857624549625856
569866490423349248
569872756302422017
569882596798132225
569887742479486976
569887773953527808
569887819297992704
569889139593646080
569889391633518592
569890651107491840
569895932394917888
569899709734752256
569910528279228416
569914808339836928
569917869296758784
569918026918727680
569918035097731072
569927644575182849
569933008217755648
569937457837273088
569940226984042496
569940980809342976
569946012988669954
569948119712063489
569948131397410816
569948212607393792
569948225278480384
569948241116016641
569962873209937920
569963395652280320
569964888870793216
569967909155446785
569967910417866752
569968411561701378
569977974176378880
569978298765344769
569978312157589504
569978315072610304
569983511609757696
569986029463011328
569986782567071744
569986783024431105
569989551051177984
569991566087073792
569993393767460864
569993437690245120
569993444342534144
569993494715977728
569997350493663233
569997351412228097
570008612426289153
570008661885526016
570008684413104128
570013961808187393
570015470570639360
570017987349995521
570022265343123456
570023602793238528
570033341250056193
570038694817767425
570038882294607873
570039630973829120
570040888321318912
570048188830216192
570049195446444033
570049697924009984
570051488875020288
570053838499143680
570053912214024193
570053952856854528
570068976778153984
570074864708669440
570080397628825600
570083989601411072
570083998380232704
570084122636365825
570084200235335680
570087950156898305
570095499287506946
570106573395087362
570114273021534209
570114300888678401
570121673099190272
570165459783450624
570167726972538880
570174713072369664
570174794425098241
570184083692658688
570187100710002689
570204900375687168
570204930520190978
570204972589002752
570215793511825408
570219877006503936
570219942961922048
570219953741279232
570219969717219328
570220053142097920
570225101104226304
570234946700357632
570234996562112512
570235195934117889
570239952975482881
570240452588380161
570250053710819328
570250236402094080
570250252382416896
570262096094498816
570265280674459648
570265300685488129
570270651996463104
570276439829774336
570276440874323968
570278202897276928
570280378193330180
570280436796166144
570287513874669568
570289777184002048
570295405818335236
570295459631263746
570295576446808065
570296572375900160
570309156290367488
570310600460525568
567623209026334720
567696188602712064
567713338873118722
567726138223771649
567728481623359488
567728533771132928
567728679426326528
567729658276237312
567732427691683840
567745009890623488
567756085583302656
567756837320392705
567756838529208320
567758699574226944
567759608643452929
567768417038761987
567773933928476672
567777978327633920
567784773780013057
567788982974619649
567789001374183424
567803969235390464
567819066708226048
567835857929035776
567849376925618176
567860775752208385
567864395264573441
567864523585118208
567880908528832513
567883674462588929
567894706325188608
567898269961101313
567909745211879424
567924953976152064
567940050186604545
567985128422690816
567996668320346112
568016802191683586
568030511530172416
568042973688139777
568042975856619520
568045665185452032
568045766280933377
568050773910622209
568050777744379904
568071159285022720
568075902493593600
568075934609346560
568077199162658816
568084748020649984
568090851907207169
568090890549374976
568090924141703169
568091027774545920
568091794304401409
568094311159476224
568101609894342656
568105932917481472
568106054283882496
568108909480824832
568136286109888512
568144894964994048
568144896852299776
568146404784209920
568166390873653248
568166403246850050
568166478572204032
568166479327313920
568170564289867776
568173585484771328
568203785996263424
568211739059326976
568214100578324480
568218884060241920
568226940139782144
568228505160433665
568232723170484224
568241989453393920
568245558919503872
568258896038506496
568262925833515008
568272139075387392
568272244792631296
568274752864948224
568281546999754752
568298659537915904
568363838158065664
568388502431395840
568408074161160192
568423029371334656
568428263762214913
568433045805465600
568434301496381441
568437324587012096
568438142673555457
568438162369822720
568438257454682112
568438312177762304
568450407204139008
568453351479721986
568463244035289088
568468372524023808
568468409471492096
568483491819753472
568483559532568576
568483591623208961
568501242248499201
568513072819646464
568521376245501956
568542766860541952
568543965026390016
568545534056787968
568549060103135232
568558979841810432
568559061668507648
568560130117251072
568568690381168640
568568938960805888
568571203553599488
568574014505029632
568574059652489217
568574174677114880
568574188086296576
568574249553637377
568577243200376833
568580515013398528
568589127290998784
568600144406568962
568602156988657664
568604231026003968
568604311598469121
568604366690627584
568619425886121985
568621033273602048
568634467587264512
568634515884789761
568634603885502464
568638903097421824
568647206695120896
568649643187310593
568656014481846272
568740200479793153
568742080715104256
568757933502148608
568766741746225152
568770352635121664
568770442292551680
568779073117245441
568785504004497408
568785867743105024
568790903776636928
568792664931508225
568796187299606528
568805751386288128
568813302140284928
568815660815519744
568815686446788608
568815689684815873
568815766474244096
568818335200223232
568830757730422784
568830888089423872
568831166976884736
568832931382366209
568838717303074816
568845879307735040
568846033997803520
568860978231709697
568861022343307264
568875992128729088
568876016216600576
568891233386561537
568895842293309440
568921315069042688
568921407813521409
568929816797323265
568930822952103938
568950706008231936
568951462413209601
568951506042425346
568951532252585987
568951601777512448
568966649728114688
568967313598386176
568981931599237120
568982915956277249
568989460618203136
568996855566245889
569007580925677568
569025196230877184
569087442092826624
569114030268424192
569117696610185217
569147852217135104
569153793058672641
569162600237236224
569163008309657600
569164614921019392
569178197499256832
569178210325430272
569184999900995585
569186762947493888
569192549170032640
569208219072991233
569208236487745536
569208317408514048
569211675108179968
569213183455563776
569220232293720066
569222494952886272
569223447005433856
569223482791366656
569223492987723778
569228788481069057
569229796401684480
569235333050576898
569238439373234176
569238450794209280
569240866684071936
569243889011281920
569256471046823937
569259238989688833
569268751008436224
569274088289660928
569276854458310658
569283845985427457
569322657822285824
569329014826864640
569329041544749056
569332471193595904
569336246474022912
569363173817643009
569373743698591744
569374298168791040
569374522157207552
569456035930484737
569464902164856832
569480043853946881
569480220203474944
569495111337275392
569501080607813633
569512408420622336
569514168576974848
569520712379052032
569525270907981825
569525452081111041
569525480178769920
569533799815630848
569537571685924864
569540405676654592
569540460810620928
569541848877957120
569549401364029440
569554937744486400
569555517502300160
569556697603280897
569558713079443456
569562990250323968
569566514132717568
569570644632821760
569584379258900480
569584885108748290
569585747503611905
569585827019399168
569600780048560128
569600927394631680
569600985007558656
569600989055086592
569600990430806017
569603002278944768
569605521050898433
569610806196768768
569615983205347329
569616019708182529
569620873394696192
569621879633391616
569623889686482944
569630183747153920
569630987858132992
569631027385245696
569631041356320768
569631041603788800
569642766407483392
569645783974195202
569646144805953536
569646184005894144
569646230264885249
569646269221773312
569646280214847488
569646309159927808
569646538814824449
569650819894652928
569651320736522240
569656858400694272
569657112109965312
569659878693695488
569661233923629056
569661321744134144
569666926294798338
569671454419079169
569674725623926784
569675481857064960
569676304154554368
569676317144133632
569676333766328320
569676336635236352
569676387113672704
569676404893163520
569676450552537088
569679254495100928
569679759250038784
569681019185573889
569681774307123200
569682277111889920
569687056542244864
569688317412970496
569689324595376128
569689826221363201
569691389958553600
569691438784647168
569691489179021312
569691521454223361
569691533101780992
569691574625415168
569691609404706817
569703417628770304
569706627667853312
569706638283833344
569710964712411136
569721575492194304
569721604315312129
569721721944735744
569721779645767680
569721804891271168
569721813220995072
569732355067244545
569736870927556608
569740409787658240
569747706047934464
569757773937770496
569757774395023360
569766956062134272
569766964895166465
569784699117137920
569813138910130176
569821947049218048
569827329024913408
569841575737499648
569842452716236800
569842553966571520
569846356409339906
569857475098202113
569857504768757760
569857624549625856
569866490423349248
569872756302422017
569882596798132225
569887742479486976
569887773953527808
569887819297992704
569889139593646080
569889391633518592
569890651107491840
569895932394917888
569899709734752256
569910528279228416
569914808339836928
569917869296758784
569918026918727680
569918035097731072
569927644575182849
569933008217755648
569937457837273088
569940226984042496
569940980809342976
569946012988669954
569948119712063489
569948131397410816
569948212607393792
569948225278480384
569948241116016641
569962873209937920
569963395652280320
569964888870793216
569967909155446785
569967910417866752
569968411561701378
569977974176378880
569978298765344769
569978312157589504
569978315072610304
569983511609757696
569986029463011328
569986782567071744
569986783024431105
569989551051177984
569991566087073792
569993393767460864
569993437690245120
569993444342534144
569993494715977728
569997350493663233
569997351412228097
570008612426289153
570008661885526016
570008684413104128
570013961808187393
570015470570639360
570017987349995521
570022265343123456
570023602793238528
570033341250056193
570038694817767425
570038882294607873
570039630973829120
570040888321318912
570048188830216192
570049195446444033
570049697924009984
570051488875020288
570053838499143680
570053912214024193
570053952856854528
570068976778153984
570074864708669440
570080397628825600
570083989601411072
570083998380232704
570084122636365825
570084200235335680
570087950156898305
570095499287506946
570106573395087362
570114273021534209
570114300888678401
570121673099190272
570165459783450624
570167726972538880
570174713072369664
570174794425098241
570184083692658688
570187100710002689
570204900375687168
570204930520190978
570204972589002752
570215793511825408
570219877006503936
570219942961922048
570219953741279232
570219969717219328
570220053142097920
570225101104226304
570234946700357632
570234996562112512
570235195934117889
570239952975482881
570240452588380161
570250053710819328
570250236402094080
570250252382416896
570262096094498816
570265280674459648
570265300685488129
570270651996463104
570276439829774336
570276440874323968
570278202897276928
570280378193330180
570280436796166144
570287513874669568
570289777184002048
570295405818335236
570295459631263746
570295576446808065
570296572375900160
570309156290367488
570310600460525568
