568911315026063361
569076717689524224
569408340616351744
569508469088387072
569553741222952960
569674812781694976
569715552702345216
568911315026063361
569076717689524224
569408340616351744
569508469088387072
569553741222952960
569674812781694976
569715552702345216
568911315026063361
569076717689524224
569408340616351744
569508469088387072
569553741222952960
569674812781694976
569715552702345216
569972804822704128
570087222663229440
570097596913623040
568911315026063361
569076717689524224
569408340616351744
569508469088387072
569553741222952960
569674812781694976
569715552702345216
569972804822704128
570087222663229440
570097596913623040
568911315026063361
569076717689524224
569408340616351744
569508469088387072
569553741222952960
569674812781694976
569715552702345216
569972804822704128
570087222663229440
570097596913623040
568911315026063361
569076717689524224
569408340616351744
569508469088387072
569553741222952960
569674812781694976
569715552702345216
569972804822704128
570087222663229440
570097596913623040
568911315026063361
569076717689524224
569408340616351744
569508469088387072
569553741222952960
569674812781694976
569715552702345216
569972804822704128
570087222663229440
570097596913623040
568911315026063361
569076717689524224
569408340616351744
569508469088387072
569553741222952960
569674812781694976
569715552702345216
569972804822704128
570087222663229440
570097596913623040
