568604311598469121
568631243228762112
568766741746225152
569618538924789760
568604311598469121
568631243228762112
568766741746225152
569618538924789760
568604311598469121
568631243228762112
568766741746225152
569618538924789760
568604311598469121
568631243228762112
568766741746225152
569618538924789760
568604311598469121
568631243228762112
568766741746225152
569618538924789760
568604311598469121
568631243228762112
568766741746225152
569618538924789760
568604311598469121
568631243228762112
568766741746225152
569618538924789760
568604311598469121
568631243228762112
568766741746225152
569618538924789760
