567867168429182976
568197789655515136
568462402875863041
568648777315147777
569307978798645248
569702549491752960
569765076980215809
567867168429182976
568197789655515136
568462402875863041
568648777315147777
569307978798645248
569702549491752960
569765076980215809
567867168429182976
568197789655515136
568462402875863041
568648777315147777
569307978798645248
569702549491752960
569765076980215809
570123386925539329
570159741441335296
567867168429182976
568197789655515136
568462402875863041
568648777315147777
569307978798645248
569702549491752960
569765076980215809
570123386925539329
570159741441335296
567867168429182976
568197789655515136
568462402875863041
568648777315147777
569307978798645248
569702549491752960
569765076980215809
570123386925539329
570159741441335296
567867168429182976
568197789655515136
568462402875863041
568648777315147777
569307978798645248
569702549491752960
569765076980215809
570123386925539329
570159741441335296
567867168429182976
568197789655515136
568462402875863041
568648777315147777
569307978798645248
569702549491752960
569765076980215809
570123386925539329
570159741441335296
567867168429182976
568197789655515136
568462402875863041
568648777315147777
569307978798645248
569702549491752960
569765076980215809
570123386925539329
570159741441335296
