567721764285726720
567747041976410112
567752396097351681
567766130907832322
567783187901915136
567802723127803905
567812841081688064
567818783616954369
567822117237170178
567830916950822912
567842015418978304
567842370533867520
567870895383015424
567897182545686528
567969159927205888
568052354525696000
568066161922977792
568087744078954497
568088989820792832
568192038040006656
568222514956013568
568237684277141504
568256563829293056
568308464985903104
568417968230694912
568451040397422593
568456844429160448
568474442210283520
568484677868265473
568492240273874944
568497542100586497
568562631616942080
568562849447948288
568614750508036096
568644260129419264
568672467889176577
568715209944244224
568770442292551680
568796018348724226
568826225621405696
568916807815438336
568951601777512448
568974681115459584
568984515298922496
568985883589906432
569031663520489472
569083604216623104
569086687336222720
569145957721505792
569151367702401025
569164183473762304
569186762947493888
569238252676378627
569366218429337600
569366383458275329
569463954155700224
569470441573609473
569470776576880640
569471541554978817
569481676893622272
569514501730643968
569517721764786176
569524026294571008
569531018643955712
569557964991930368
569562007671853056
569574646229684224
569592830307508224
569603326947364864
569609680961572866
569620440613826561
569620850820956160
569633287204773888
569652313813430273
569654988877668354
569659620517662721
569669795559432192
569677513539981313
569690742169292802
569691079471050752
569720605383241728
569724254473850880
569728483384930304
569747702981853185
569765076980215809
569774273851568128
569804677472251904
567721764285726720
567747041976410112
567752396097351681
567766130907832322
567783187901915136
567802723127803905
567812841081688064
567818783616954369
567822117237170178
567830916950822912
567842015418978304
567842370533867520
567870895383015424
567897182545686528
567969159927205888
568052354525696000
568066161922977792
568087744078954497
568088989820792832
568192038040006656
568222514956013568
568237684277141504
568256563829293056
568308464985903104
568417968230694912
568451040397422593
568456844429160448
568474442210283520
568484677868265473
568492240273874944
568497542100586497
568562631616942080
568562849447948288
568614750508036096
568644260129419264
568672467889176577
568715209944244224
568770442292551680
568796018348724226
568826225621405696
568916807815438336
568951601777512448
568974681115459584
568984515298922496
568985883589906432
569031663520489472
569083604216623104
569086687336222720
569145957721505792
569151367702401025
569164183473762304
569186762947493888
569238252676378627
569366218429337600
569366383458275329
569463954155700224
569470441573609473
569470776576880640
569471541554978817
569481676893622272
569514501730643968
569517721764786176
569524026294571008
569531018643955712
569557964991930368
569562007671853056
569574646229684224
569592830307508224
569603326947364864
569609680961572866
569620440613826561
569620850820956160
569633287204773888
569652313813430273
569654988877668354
569659620517662721
569669795559432192
569677513539981313
569690742169292802
569691079471050752
569720605383241728
569724254473850880
569728483384930304
569747702981853185
569765076980215809
569774273851568128
569804677472251904
569832363527708674
567721764285726720
567747041976410112
567752396097351681
567766130907832322
567783187901915136
567802723127803905
567812841081688064
567818783616954369
567822117237170178
567830916950822912
567842015418978304
567842370533867520
567870895383015424
567897182545686528
567969159927205888
568052354525696000
568066161922977792
568087744078954497
568088989820792832
568192038040006656
568222514956013568
568237684277141504
568256563829293056
568308464985903104
568417968230694912
568451040397422593
568456844429160448
568474442210283520
568484677868265473
568492240273874944
568497542100586497
568562631616942080
568562849447948288
568614750508036096
568644260129419264
568672467889176577
568715209944244224
568770442292551680
568796018348724226
568826225621405696
568916807815438336
568951601777512448
568974681115459584
568984515298922496
568985883589906432
569031663520489472
569083604216623104
569086687336222720
569145957721505792
569151367702401025
569164183473762304
569186762947493888
569238252676378627
569366218429337600
569366383458275329
569463954155700224
569470441573609473
569470776576880640
569471541554978817
569481676893622272
569514501730643968
569517721764786176
569524026294571008
569531018643955712
569557964991930368
569562007671853056
569574646229684224
569592830307508224
569603326947364864
569609680961572866
569620440613826561
569620850820956160
569633287204773888
569652313813430273
569654988877668354
569659620517662721
569669795559432192
569677513539981313
569690742169292802
569691079471050752
569720605383241728
569724254473850880
569728483384930304
569747702981853185
569765076980215809
569774273851568128
569804677472251904
569832363527708674
569853327359516672
569853714149867521
569879528891416577
569884951207813122
569905124723675136
569920484856475649
569923221341908992
569938470824574976
569942226224050176
569950215513497601
569958642411122688
570033259842801664
570034025148108800
570044516318748672
570096448571731968
570115452568891392
570188684881821696
570195970610348032
570196530566701056
570206113783795713
570227814575804416
570246963901427713
570269103648350208
