567750428595871745
567807269707206657
567812799767003136
568126682336534529
568176390325075968
568177882620661760
568181761114546176
568182544124014592
568184134666981376
568186002759671808
568199579201605632
568220131819720705
568375354982842368
568380957012525057
568473140654788609
568480653819453440
568494749247778816
568502210268692480
568547007003955200
568615812594077696
568810539939459072
569219080080658432
569241776617160704
569243807331409920
569244701875769345
569556860652675072
569604425238454273
569604466757865472
569604674715693057
569609970007674881
569651129136459776
569651366018166784
569733015896592385
567750428595871745
567807269707206657
567812799767003136
568126682336534529
568176390325075968
568177882620661760
568181761114546176
568182544124014592
568184134666981376
568186002759671808
568199579201605632
568220131819720705
568375354982842368
568380957012525057
568473140654788609
568480653819453440
568494749247778816
568502210268692480
568547007003955200
568615812594077696
568810539939459072
569219080080658432
569241776617160704
569243807331409920
569244701875769345
569556860652675072
569604425238454273
569604466757865472
569604674715693057
569609970007674881
569651129136459776
569651366018166784
569733015896592385
569836232999612417
567750428595871745
567807269707206657
567812799767003136
568126682336534529
568176390325075968
568177882620661760
568181761114546176
568182544124014592
568184134666981376
568186002759671808
568199579201605632
568220131819720705
568375354982842368
568380957012525057
568473140654788609
568480653819453440
568494749247778816
568502210268692480
568547007003955200
568615812594077696
568810539939459072
569219080080658432
569241776617160704
569243807331409920
569244701875769345
569556860652675072
569604425238454273
569604466757865472
569604674715693057
569609970007674881
569651129136459776
569651366018166784
569733015896592385
569836232999612417
569989416426434560
570009886198796288
570097189617143808
570224962184867840
570227199766179840
570232487454113792
570287886135918593
567750428595871745
567807269707206657
567812799767003136
568126682336534529
568176390325075968
568177882620661760
568181761114546176
568182544124014592
568184134666981376
568186002759671808
568199579201605632
568220131819720705
568375354982842368
568380957012525057
568473140654788609
568480653819453440
568494749247778816
568502210268692480
568547007003955200
568615812594077696
568810539939459072
569219080080658432
569241776617160704
569243807331409920
569244701875769345
569556860652675072
569604425238454273
569604466757865472
569604674715693057
569609970007674881
569651129136459776
569651366018166784
569733015896592385
569836232999612417
569989416426434560
570009886198796288
570097189617143808
570224962184867840
570227199766179840
570232487454113792
570287886135918593
567750428595871745
567807269707206657
567812799767003136
568126682336534529
568176390325075968
568177882620661760
568181761114546176
568182544124014592
568184134666981376
568186002759671808
568199579201605632
568220131819720705
568375354982842368
568380957012525057
568473140654788609
568480653819453440
568494749247778816
568502210268692480
568547007003955200
568615812594077696
568810539939459072
569219080080658432
569241776617160704
569243807331409920
569244701875769345
569556860652675072
569604425238454273
569604466757865472
569604674715693057
569609970007674881
569651129136459776
569651366018166784
569733015896592385
569836232999612417
569989416426434560
570009886198796288
570097189617143808
570224962184867840
570227199766179840
570232487454113792
570287886135918593
567750428595871745
567807269707206657
567812799767003136
568126682336534529
568176390325075968
568177882620661760
568181761114546176
568182544124014592
568184134666981376
568186002759671808
568199579201605632
568220131819720705
568375354982842368
568380957012525057
568473140654788609
568480653819453440
568494749247778816
568502210268692480
568547007003955200
568615812594077696
568810539939459072
569219080080658432
569241776617160704
569243807331409920
569244701875769345
569556860652675072
569604425238454273
569604466757865472
569604674715693057
569609970007674881
569651129136459776
569651366018166784
569733015896592385
569836232999612417
569989416426434560
570009886198796288
570097189617143808
570224962184867840
570227199766179840
570232487454113792
570287886135918593
567750428595871745
567807269707206657
567812799767003136
568126682336534529
568176390325075968
568177882620661760
568181761114546176
568182544124014592
568184134666981376
568186002759671808
568199579201605632
568220131819720705
568375354982842368
568380957012525057
568473140654788609
568480653819453440
568494749247778816
568502210268692480
568547007003955200
568615812594077696
568810539939459072
569219080080658432
569241776617160704
569243807331409920
569244701875769345
569556860652675072
569604425238454273
569604466757865472
569604674715693057
569609970007674881
569651129136459776
569651366018166784
569733015896592385
569836232999612417
569989416426434560
570009886198796288
570097189617143808
570224962184867840
570227199766179840
570232487454113792
570287886135918593
567750428595871745
567807269707206657
567812799767003136
568126682336534529
568176390325075968
568177882620661760
568181761114546176
568182544124014592
568184134666981376
568186002759671808
568199579201605632
568220131819720705
568375354982842368
568380957012525057
568473140654788609
568480653819453440
568494749247778816
568502210268692480
568547007003955200
568615812594077696
568810539939459072
569219080080658432
569241776617160704
569243807331409920
569244701875769345
569556860652675072
569604425238454273
569604466757865472
569604674715693057
569609970007674881
569651129136459776
569651366018166784
569733015896592385
569836232999612417
569989416426434560
570009886198796288
570097189617143808
570224962184867840
570227199766179840
570232487454113792
570287886135918593
