569890103989903360
569890211301191680
569890333456117760
569891267666006016
569891377351233536
569890103989903360
569890211301191680
569890333456117760
569891267666006016
569891377351233536
569890103989903360
569890211301191680
569890333456117760
569891267666006016
569891377351233536
569890103989903360
569890211301191680
569890333456117760
569891267666006016
569891377351233536
569890103989903360
569890211301191680
569890333456117760
569891267666006016
569891377351233536
569890103989903360
569890211301191680
569890333456117760
569891267666006016
569891377351233536
