568749045528842240
569182336715243520
569497966660218882
569498738856755200
568749045528842240
569182336715243520
569497966660218882
569498738856755200
568749045528842240
569182336715243520
569497966660218882
569498738856755200
568749045528842240
569182336715243520
569497966660218882
569498738856755200
568749045528842240
569182336715243520
569497966660218882
569498738856755200
568749045528842240
569182336715243520
569497966660218882
569498738856755200
568749045528842240
569182336715243520
569497966660218882
569498738856755200
568749045528842240
569182336715243520
569497966660218882
569498738856755200
