567790133224681472
568157634999783424
568469807189790720
568567970450055170
568574174677114880
568796340714639360
568929935273930752
569114239996076032
569378165610524672
569380376709238784
569530599129501696
567790133224681472
568157634999783424
568469807189790720
568567970450055170
568574174677114880
568796340714639360
568929935273930752
569114239996076032
569378165610524672
569380376709238784
569530599129501696
567790133224681472
568157634999783424
568469807189790720
568567970450055170
568574174677114880
568796340714639360
568929935273930752
569114239996076032
569378165610524672
569380376709238784
569530599129501696
569944919894327297
570057521353764864
570227706140323840
