567728386014183424
569114772211437568
569263837448269826
569699694454001664
567728386014183424
569114772211437568
569263837448269826
569699694454001664
567728386014183424
569114772211437568
569263837448269826
569699694454001664
569912094272782337
567728386014183424
569114772211437568
569263837448269826
569699694454001664
569912094272782337
567728386014183424
569114772211437568
569263837448269826
569699694454001664
569912094272782337
567728386014183424
569114772211437568
569263837448269826
569699694454001664
569912094272782337
567728386014183424
569114772211437568
569263837448269826
569699694454001664
569912094272782337
567728386014183424
569114772211437568
569263837448269826
569699694454001664
569912094272782337
