567739036425805824
569219080080658432
569241682283081728
567739036425805824
569219080080658432
569241682283081728
567739036425805824
569219080080658432
569241682283081728
569944182011379712
567739036425805824
569219080080658432
569241682283081728
569944182011379712
567739036425805824
569219080080658432
569241682283081728
569944182011379712
567739036425805824
569219080080658432
569241682283081728
569944182011379712
567739036425805824
569219080080658432
569241682283081728
569944182011379712
567739036425805824
569219080080658432
569241682283081728
569944182011379712
