567688325276770306
567692251954827265
567715917983776772
567731598871642112
567732351774781440
567733609130233856
567734830800961537
567735337246806016
567736717352763394
567741157070086144
567752009806131200
567752230111936512
567753899939860480
567765690589790208
567766269810581505
567766410169954304
567769620648828929
567771662167179264
567773611591626752
567778453006655488
567781477761314816
567782895306412032
567786151370629121
567800930683609088
567813189334790144
567820647465803776
567827442657677313
567829834618904576
567846359631564800
567863121479536641
567867168429182976
567869009661665280
567869273109958656
567874261085454338
567900456460165120
567906937423073280
567908796917420032
567951376480907264
568010412798509056
568014567089029120
568056298937430016
568057671443750912
568062811856703489
568068468261519360
568084167390564353
568086068328681473
568086184888561664
568094199586938880
568100712309256192
568101609894342656
568105765442945024
568107407647207424
568107816923340800
568109598034554880
568109963509415936
568115928044404736
568141720556322816
568142922031501312
568152817656930305
568155440267161600
568156758025187329
568172398161354752
568174802059464705
568178946585579520
568179117851578369
568180799838801920
568182492055912449
568185092163678208
568187725834289152
568194427904069632
568195153464143872
568198057155641344
568199101981937665
568203709802532864
568204029517553665
568209150410248192
568220487500709889
568225650760413184
568233193738018817
568235890205532160
568245800788221953
568262694123339776
568267732556255232
568275380441726977
568284092707401728
568289529561518080
568382780251480064
568389266155438080
568391639158226944
568394676501217281
568397325820956672
568410282298621952
568412555045179393
568418629236219904
568423588077936640
568431125502144512
568432609866457088
568436966628261889
568437189694111744
568440587411726336
568454157478326272
568460278662193152
568470715009277952
568474960097878016
568476562376531969
568479680229208064
568480653819453440
568489786081714176
568491224946098176
568502279193681921
568527605063757824
568532050979893249
568536558279593985
568540843323338752
568546414604750848
568546837231042560
568551504505802752
568558478039625728
568560510896963584
568561938457690112
568563550475698177
568568900767653889
568581908075933696
568589551477886977
568611276026351618
568613837198340098
568623603496792064
568625613797511169
568626368373780481
568630779720417280
568630879246901248
568639461648502784
568643040073506816
568656507480481792
568656758027063296
568673332184240129
568682740020690945
568743141861228544
568748360599019520
568763087689379840
568770125114929152
568780964677201920
568784239841431552
568793782164062208
568793902267936769
568798264943902720
568799336097656836
568806618097455104
568815310016548865
568823143789416449
568823689422053376
568828240204333056
568833970143698944
568838781907935233
568841068348878848
568843464361713664
568852319762313216
568857278721478656
568858239372103680
568881291766034432
568888623787089920
568891505869344770
568894341243998208
568903193930764288
568905087608881152
568909776635236352
568925054089629696
568926999680569344
568932482323623937
568948971923742720
568951819969232896
568954934084788224
568955339607019521
568959416524886016
568962468766212097
568965883730776065
568969143581413376
568985883589906432
568992757169065984
568996536555851776
568999279936679937
569000361735761920
569015470025793536
569017052310056960
569017837576069120
569017927803932672
569026124484706304
569072664997801984
569076569983086592
569093984640995328
569102054922129409
569125947200413696
569169887689641984
569183099495383040
569183862493810690
569188266089381888
569188782492266496
569202179476754432
569208751972065280
569211645710495745
569212558952960000
569221440794271745
569224849144418304
569247029446119424
569248000456970240
569259056017178624
569259238989688833
569259515398504449
569259688887492608
569261128532041728
569261989735718914
569263677234388993
569269594386526209
569301951478935553
569302490421833729
569304030847090688
569308775435390976
569309296023998464
569310635986546688
569322078819766272
569322419036356608
569325844906115072
569336095411965952
569336871853170688
569337230935724032
569347118034501632
569364328857640961
569366479008862208
569374011131453441
569381891809214464
569385784685363201
569385862489776128
569386397683073024
569416650325303297
569444456660750337
569451362687143936
569456828511326208
569457148129779714
569460417954746368
569465622301552641
569475909226401792
569479008708120576
569485181633089536
569500360651509760
569504763957653504
569507649940799489
569514124490579969
569523635171405824
569525679823425536
569546406442209280
569552658010210305
569559847131164672
569564824939556864
569569639543541762
569570013964689410
569580197709783040
569583943772610560
569587157574135808
569590892085915649
569596778426855426
569602563261276160
569602897572450305
569603529888788480
569603875671396352
569609326253502465
569610871934205954
569613526328717313
569613601918492672
569616362223628289
569616634601717760
569616836884619264
569616883734974464
569618371148443649
569619171866222592
569620902742233088
569622447869304832
569623248205430785
569624009354170369
569626122578726913
569626951733932032
569629537400696832
569630160233873411
569630310779854848
569632519387099137
569634385823182852
569638381375909889
569643671198572544
569645522363011072
569645783974195202
569646184005894144
569647347547955200
569649277888106496
569649779090833408
569649975342333952
569650819894652928
569652313813430273
569652478020489216
569654709964836865
569658243871608832
569661069913821184
569662221099384832
569663701017624576
569663875836219392
569664087740715008
569664636179476480
569664668010225664
569666042672369665
569667313609404416
569669547210309632
569670286418841603
569671332092252160
569671871634935809
569672003403313154
569672099704508416
569672292919173120
569673275183386625
569673346864037888
569675527662874624
569676333766328320
569678456478404608
569679759250038784
569681184898162689
569681831039074306
569683734951170048
569684982366666752
569686000240345090
569690603547697152
569692064511692801
569692982955237377
569695553644322816
569697793801134080
569698856037789696
569698882797641728
569703480933408768
569704219315318784
569706809126055936
569709246150893568
569709452594524160
569709870729068544
569714230842302464
569718461217308673
569721972600528897
569722020776116224
569724119748636672
569730716692393984
569735732060753921
569744079027896320
569759259480600577
569769708569767936
569771711408644096
569792794711220224
569803373530128384
569811470797676544
569816326744776705
567688325276770306
567692251954827265
567715917983776772
567731598871642112
567732351774781440
567733609130233856
567734830800961537
567735337246806016
567736717352763394
567741157070086144
567752009806131200
567752230111936512
567753899939860480
567765690589790208
567766269810581505
567766410169954304
567769620648828929
567771662167179264
567773611591626752
567778453006655488
567781477761314816
567782895306412032
567786151370629121
567800930683609088
567813189334790144
567820647465803776
567827442657677313
567829834618904576
567846359631564800
567863121479536641
567867168429182976
567869009661665280
567869273109958656
567874261085454338
567900456460165120
567906937423073280
567908796917420032
567951376480907264
568010412798509056
568014567089029120
568056298937430016
568057671443750912
568062811856703489
568068468261519360
568084167390564353
568086068328681473
568086184888561664
568094199586938880
568100712309256192
568101609894342656
568105765442945024
568107407647207424
568107816923340800
568109598034554880
568109963509415936
568115928044404736
568141720556322816
568142922031501312
568152817656930305
568155440267161600
568156758025187329
568172398161354752
568174802059464705
568178946585579520
568179117851578369
568180799838801920
568182492055912449
568185092163678208
568187725834289152
568194427904069632
568195153464143872
568198057155641344
568199101981937665
568203709802532864
568204029517553665
568209150410248192
568220487500709889
568225650760413184
568233193738018817
568235890205532160
568245800788221953
568262694123339776
568267732556255232
568275380441726977
568284092707401728
568289529561518080
568382780251480064
568389266155438080
568391639158226944
568394676501217281
568397325820956672
568410282298621952
568412555045179393
568418629236219904
568423588077936640
568431125502144512
568432609866457088
568436966628261889
568437189694111744
568440587411726336
568454157478326272
568460278662193152
568470715009277952
568474960097878016
568476562376531969
568479680229208064
568480653819453440
568489786081714176
568491224946098176
568502279193681921
568527605063757824
568532050979893249
568536558279593985
568540843323338752
568546414604750848
568546837231042560
568551504505802752
568558478039625728
568560510896963584
568561938457690112
568563550475698177
568568900767653889
568581908075933696
568589551477886977
568611276026351618
568613837198340098
568623603496792064
568625613797511169
568626368373780481
568630779720417280
568630879246901248
568639461648502784
568643040073506816
568656507480481792
568656758027063296
568673332184240129
568682740020690945
568743141861228544
568748360599019520
568763087689379840
568770125114929152
568780964677201920
568784239841431552
568793782164062208
568793902267936769
568798264943902720
568799336097656836
568806618097455104
568815310016548865
568823143789416449
568823689422053376
568828240204333056
568833970143698944
568838781907935233
568841068348878848
568843464361713664
568852319762313216
568857278721478656
568858239372103680
568881291766034432
568888623787089920
568891505869344770
568894341243998208
568903193930764288
568905087608881152
568909776635236352
568925054089629696
568926999680569344
568932482323623937
568948971923742720
568951819969232896
568954934084788224
568955339607019521
568959416524886016
568962468766212097
568965883730776065
568969143581413376
568985883589906432
568992757169065984
568996536555851776
568999279936679937
569000361735761920
569015470025793536
569017052310056960
569017837576069120
569017927803932672
569026124484706304
569072664997801984
569076569983086592
569093984640995328
569102054922129409
569125947200413696
569169887689641984
569183099495383040
569183862493810690
569188266089381888
569188782492266496
569202179476754432
569208751972065280
569211645710495745
569212558952960000
569221440794271745
569224849144418304
569247029446119424
569248000456970240
569259056017178624
569259238989688833
569259515398504449
569259688887492608
569261128532041728
569261989735718914
569263677234388993
569269594386526209
569301951478935553
569302490421833729
569304030847090688
569308775435390976
569309296023998464
569310635986546688
569322078819766272
569322419036356608
569325844906115072
569336095411965952
569336871853170688
569337230935724032
569347118034501632
569364328857640961
569366479008862208
569374011131453441
569381891809214464
569385784685363201
569385862489776128
569386397683073024
569416650325303297
569444456660750337
569451362687143936
569456828511326208
569457148129779714
569460417954746368
569465622301552641
569475909226401792
569479008708120576
569485181633089536
569500360651509760
569504763957653504
569507649940799489
569514124490579969
569523635171405824
569525679823425536
569546406442209280
569552658010210305
569559847131164672
569564824939556864
569569639543541762
569570013964689410
569580197709783040
569583943772610560
569587157574135808
569590892085915649
569596778426855426
569602563261276160
569602897572450305
569603529888788480
569603875671396352
569609326253502465
569610871934205954
569613526328717313
569613601918492672
569616362223628289
569616634601717760
569616836884619264
569616883734974464
569618371148443649
569619171866222592
569620902742233088
569622447869304832
569623248205430785
569624009354170369
569626122578726913
569626951733932032
569629537400696832
569630160233873411
569630310779854848
569632519387099137
569634385823182852
569638381375909889
569643671198572544
569645522363011072
569645783974195202
569646184005894144
569647347547955200
569649277888106496
569649779090833408
569649975342333952
569650819894652928
569652313813430273
569652478020489216
569654709964836865
569658243871608832
569661069913821184
569662221099384832
569663701017624576
569663875836219392
569664087740715008
569664636179476480
569664668010225664
569666042672369665
569667313609404416
569669547210309632
569670286418841603
569671332092252160
569671871634935809
569672003403313154
569672099704508416
569672292919173120
569673275183386625
569673346864037888
569675527662874624
569676333766328320
569678456478404608
569679759250038784
569681184898162689
569681831039074306
569683734951170048
569684982366666752
569686000240345090
569690603547697152
569692064511692801
569692982955237377
569695553644322816
569697793801134080
569698856037789696
569698882797641728
569703480933408768
569704219315318784
569706809126055936
569709246150893568
569709452594524160
569709870729068544
569714230842302464
569718461217308673
569721972600528897
569722020776116224
569724119748636672
569730716692393984
569735732060753921
569744079027896320
569759259480600577
569769708569767936
569771711408644096
569792794711220224
569803373530128384
569811470797676544
569816326744776705
569824790200111104
569830322357084160
569832053241450496
569832733226110976
569838593423708160
567688325276770306
567692251954827265
567715917983776772
567731598871642112
567732351774781440
567733609130233856
567734830800961537
567735337246806016
567736717352763394
567741157070086144
567752009806131200
567752230111936512
567753899939860480
567765690589790208
567766269810581505
567766410169954304
567769620648828929
567771662167179264
567773611591626752
567778453006655488
567781477761314816
567782895306412032
567786151370629121
567800930683609088
567813189334790144
567820647465803776
567827442657677313
567829834618904576
567846359631564800
567863121479536641
567867168429182976
567869009661665280
567869273109958656
567874261085454338
567900456460165120
567906937423073280
567908796917420032
567951376480907264
568010412798509056
568014567089029120
568056298937430016
568057671443750912
568062811856703489
568068468261519360
568084167390564353
568086068328681473
568086184888561664
568094199586938880
568100712309256192
568101609894342656
568105765442945024
568107407647207424
568107816923340800
568109598034554880
568109963509415936
568115928044404736
568141720556322816
568142922031501312
568152817656930305
568155440267161600
568156758025187329
568172398161354752
568174802059464705
568178946585579520
568179117851578369
568180799838801920
568182492055912449
568185092163678208
568187725834289152
568194427904069632
568195153464143872
568198057155641344
568199101981937665
568203709802532864
568204029517553665
568209150410248192
568220487500709889
568225650760413184
568233193738018817
568235890205532160
568245800788221953
568262694123339776
568267732556255232
568275380441726977
568284092707401728
568289529561518080
568382780251480064
568389266155438080
568391639158226944
568394676501217281
568397325820956672
568410282298621952
568412555045179393
568418629236219904
568423588077936640
568431125502144512
568432609866457088
568436966628261889
568437189694111744
568440587411726336
568454157478326272
568460278662193152
568470715009277952
568474960097878016
568476562376531969
568479680229208064
568480653819453440
568489786081714176
568491224946098176
568502279193681921
568527605063757824
568532050979893249
568536558279593985
568540843323338752
568546414604750848
568546837231042560
568551504505802752
568558478039625728
568560510896963584
568561938457690112
568563550475698177
568568900767653889
568581908075933696
568589551477886977
568611276026351618
568613837198340098
568623603496792064
568625613797511169
568626368373780481
568630779720417280
568630879246901248
568639461648502784
568643040073506816
568656507480481792
568656758027063296
568673332184240129
568682740020690945
568743141861228544
568748360599019520
568763087689379840
568770125114929152
568780964677201920
568784239841431552
568793782164062208
568793902267936769
568798264943902720
568799336097656836
568806618097455104
568815310016548865
568823143789416449
568823689422053376
568828240204333056
568833970143698944
568838781907935233
568841068348878848
568843464361713664
568852319762313216
568857278721478656
568858239372103680
568881291766034432
568888623787089920
568891505869344770
568894341243998208
568903193930764288
568905087608881152
568909776635236352
568925054089629696
568926999680569344
568932482323623937
568948971923742720
568951819969232896
568954934084788224
568955339607019521
568959416524886016
568962468766212097
568965883730776065
568969143581413376
568985883589906432
568992757169065984
568996536555851776
568999279936679937
569000361735761920
569015470025793536
569017052310056960
569017837576069120
569017927803932672
569026124484706304
569072664997801984
569076569983086592
569093984640995328
569102054922129409
569125947200413696
569169887689641984
569183099495383040
569183862493810690
569188266089381888
569188782492266496
569202179476754432
569208751972065280
569211645710495745
569212558952960000
569221440794271745
569224849144418304
569247029446119424
569248000456970240
569259056017178624
569259238989688833
569259515398504449
569259688887492608
569261128532041728
569261989735718914
569263677234388993
569269594386526209
569301951478935553
569302490421833729
569304030847090688
569308775435390976
569309296023998464
569310635986546688
569322078819766272
569322419036356608
569325844906115072
569336095411965952
569336871853170688
569337230935724032
569347118034501632
569364328857640961
569366479008862208
569374011131453441
569381891809214464
569385784685363201
569385862489776128
569386397683073024
569416650325303297
569444456660750337
569451362687143936
569456828511326208
569457148129779714
569460417954746368
569465622301552641
569475909226401792
569479008708120576
569485181633089536
569500360651509760
569504763957653504
569507649940799489
569514124490579969
569523635171405824
569525679823425536
569546406442209280
569552658010210305
569559847131164672
569564824939556864
569569639543541762
569570013964689410
569580197709783040
569583943772610560
569587157574135808
569590892085915649
569596778426855426
569602563261276160
569602897572450305
569603529888788480
569603875671396352
569609326253502465
569610871934205954
569613526328717313
569613601918492672
569616362223628289
569616634601717760
569616836884619264
569616883734974464
569618371148443649
569619171866222592
569620902742233088
569622447869304832
569623248205430785
569624009354170369
569626122578726913
569626951733932032
569629537400696832
569630160233873411
569630310779854848
569632519387099137
569634385823182852
569638381375909889
569643671198572544
569645522363011072
569645783974195202
569646184005894144
569647347547955200
569649277888106496
569649779090833408
569649975342333952
569650819894652928
569652313813430273
569652478020489216
569654709964836865
569658243871608832
569661069913821184
569662221099384832
569663701017624576
569663875836219392
569664087740715008
569664636179476480
569664668010225664
569666042672369665
569667313609404416
569669547210309632
569670286418841603
569671332092252160
569671871634935809
569672003403313154
569672099704508416
569672292919173120
569673275183386625
569673346864037888
569675527662874624
569676333766328320
569678456478404608
569679759250038784
569681184898162689
569681831039074306
569683734951170048
569684982366666752
569686000240345090
569690603547697152
569692064511692801
569692982955237377
569695553644322816
569697793801134080
569698856037789696
569698882797641728
569703480933408768
569704219315318784
569706809126055936
569709246150893568
569709452594524160
569709870729068544
569714230842302464
569718461217308673
569721972600528897
569722020776116224
569724119748636672
569730716692393984
569735732060753921
569744079027896320
569759259480600577
569769708569767936
569771711408644096
569792794711220224
569803373530128384
569811470797676544
569816326744776705
569824790200111104
569830322357084160
569832053241450496
569832733226110976
569838593423708160
569847920192655361
569851178982338563
569852657327738880
569854492126146560
569857805483675648
569858278370516992
569862767236255744
569865011788693504
569867364390449152
569869374103793664
569869978217914368
569874098035142656
569875093360238592
569878631322755072
569884285659848704
569884462051418112
569884756684476416
569890152832749568
569893924942299136
569894963665707010
569896805611089920
569899709734752256
569911064105754624
569914848991010816
569915992777687041
569918774788419584
569920618843521024
569922214255919105
569930805688053761
569937891788505088
569938319024332801
569941344053018625
569945910546989057
569947414263701505
569950450352414720
569951321719091201
569951958552805376
569957053432639488
569959876706885632
569960024455454721
569963645402099712
569966745982791680
569967808446009345
569967910417866752
569968565513625600
569969447764566016
569970599377788928
569973352837853184
569974423903715328
569975294158901248
569975684476641280
569977887136342016
569983338880114688
569989034501500928
569993098023063552
569996412286582784
570000126636216320
570002150115254272
570009228867293185
570009252426883072
570012706704662528
570014884651380736
570015794387685376
570020255793352704
570021329065394176
570021599392329728
570025428095770624
570030761539182592
570033062202863616
570034025148108800
570034368086827008
570037969819545600
570042963021205504
570048726380765184
570051874537271296
570053952856854528
570070044547403777
570073396152676352
570079676204347394
570080703171448832
570084122636365825
570087941277495296
570092530236149761
570092677196181507
570095219091361792
570099717314457600
570100035167379456
570100438487314432
570101817041747968
570102251563274242
570102669299351553
570123495180410881
570134947828080640
570139364178530304
570141242769559552
570165459783450624
570166071640133632
570194141612789760
570195089869447168
570201172985974784
570202730293100544
570202978650603520
570205088595058688
570210145239592960
570211313072238592
570220154363232256
570222998919225344
570232659282145280
570233869212856320
570234734942523393
570236014238699521
570238126347714560
570239272575315969
570239952975482881
570245656972894208
570251909447192577
570254322694557696
570257377460514816
570257563003920384
570260383862108160
570261193685749760
570261225520689152
570264556443824128
570265689589592064
570267915154538496
570271160363057154
570272235639828480
570274417546113025
570276878788861953
570277724385734656
570289584061480960
570290540274688001
570296212336865283
570297185704812545
570300767074181121
570300817074462722
570305603056349184
567688325276770306
567692251954827265
567715917983776772
567731598871642112
567732351774781440
567733609130233856
567734830800961537
567735337246806016
567736717352763394
567741157070086144
567752009806131200
567752230111936512
567753899939860480
567765690589790208
567766269810581505
567766410169954304
567769620648828929
567771662167179264
567773611591626752
567778453006655488
567781477761314816
567782895306412032
567786151370629121
567800930683609088
567813189334790144
567820647465803776
567827442657677313
567829834618904576
567846359631564800
567863121479536641
567867168429182976
567869009661665280
567869273109958656
567874261085454338
567900456460165120
567906937423073280
567908796917420032
567951376480907264
568010412798509056
568014567089029120
568056298937430016
568057671443750912
568062811856703489
568068468261519360
568084167390564353
568086068328681473
568086184888561664
568094199586938880
568100712309256192
568101609894342656
568105765442945024
568107407647207424
568107816923340800
568109598034554880
568109963509415936
568115928044404736
568141720556322816
568142922031501312
568152817656930305
568155440267161600
568156758025187329
568172398161354752
568174802059464705
568178946585579520
568179117851578369
568180799838801920
568182492055912449
568185092163678208
568187725834289152
568194427904069632
568195153464143872
568198057155641344
568199101981937665
568203709802532864
568204029517553665
568209150410248192
568220487500709889
568225650760413184
568233193738018817
568235890205532160
568245800788221953
568262694123339776
568267732556255232
568275380441726977
568284092707401728
568289529561518080
568382780251480064
568389266155438080
568391639158226944
568394676501217281
568397325820956672
568410282298621952
568412555045179393
568418629236219904
568423588077936640
568431125502144512
568432609866457088
568436966628261889
568437189694111744
568440587411726336
568454157478326272
568460278662193152
568470715009277952
568474960097878016
568476562376531969
568479680229208064
568480653819453440
568489786081714176
568491224946098176
568502279193681921
568527605063757824
568532050979893249
568536558279593985
568540843323338752
568546414604750848
568546837231042560
568551504505802752
568558478039625728
568560510896963584
568561938457690112
568563550475698177
568568900767653889
568581908075933696
568589551477886977
568611276026351618
568613837198340098
568623603496792064
568625613797511169
568626368373780481
568630779720417280
568630879246901248
568639461648502784
568643040073506816
568656507480481792
568656758027063296
568673332184240129
568682740020690945
568743141861228544
568748360599019520
568763087689379840
568770125114929152
568780964677201920
568784239841431552
568793782164062208
568793902267936769
568798264943902720
568799336097656836
568806618097455104
568815310016548865
568823143789416449
568823689422053376
568828240204333056
568833970143698944
568838781907935233
568841068348878848
568843464361713664
568852319762313216
568857278721478656
568858239372103680
568881291766034432
568888623787089920
568891505869344770
568894341243998208
568903193930764288
568905087608881152
568909776635236352
568925054089629696
568926999680569344
568932482323623937
568948971923742720
568951819969232896
568954934084788224
568955339607019521
568959416524886016
568962468766212097
568965883730776065
568969143581413376
568985883589906432
568992757169065984
568996536555851776
568999279936679937
569000361735761920
569015470025793536
569017052310056960
569017837576069120
569017927803932672
569026124484706304
569072664997801984
569076569983086592
569093984640995328
569102054922129409
569125947200413696
569169887689641984
569183099495383040
569183862493810690
569188266089381888
569188782492266496
569202179476754432
569208751972065280
569211645710495745
569212558952960000
569221440794271745
569224849144418304
569247029446119424
569248000456970240
569259056017178624
569259238989688833
569259515398504449
569259688887492608
569261128532041728
569261989735718914
569263677234388993
569269594386526209
569301951478935553
569302490421833729
569304030847090688
569308775435390976
569309296023998464
569310635986546688
569322078819766272
569322419036356608
569325844906115072
569336095411965952
569336871853170688
569337230935724032
569347118034501632
569364328857640961
569366479008862208
569374011131453441
569381891809214464
569385784685363201
569385862489776128
569386397683073024
569416650325303297
569444456660750337
569451362687143936
569456828511326208
569457148129779714
569460417954746368
569465622301552641
569475909226401792
569479008708120576
569485181633089536
569500360651509760
569504763957653504
569507649940799489
569514124490579969
569523635171405824
569525679823425536
569546406442209280
569552658010210305
569559847131164672
569564824939556864
569569639543541762
569570013964689410
569580197709783040
569583943772610560
569587157574135808
569590892085915649
569596778426855426
569602563261276160
569602897572450305
569603529888788480
569603875671396352
569609326253502465
569610871934205954
569613526328717313
569613601918492672
569616362223628289
569616634601717760
569616836884619264
569616883734974464
569618371148443649
569619171866222592
569620902742233088
569622447869304832
569623248205430785
569624009354170369
569626122578726913
569626951733932032
569629537400696832
569630160233873411
569630310779854848
569632519387099137
569634385823182852
569638381375909889
569643671198572544
569645522363011072
569645783974195202
569646184005894144
569647347547955200
569649277888106496
569649779090833408
569649975342333952
569650819894652928
569652313813430273
569652478020489216
569654709964836865
569658243871608832
569661069913821184
569662221099384832
569663701017624576
569663875836219392
569664087740715008
569664636179476480
569664668010225664
569666042672369665
569667313609404416
569669547210309632
569670286418841603
569671332092252160
569671871634935809
569672003403313154
569672099704508416
569672292919173120
569673275183386625
569673346864037888
569675527662874624
569676333766328320
569678456478404608
569679759250038784
569681184898162689
569681831039074306
569683734951170048
569684982366666752
569686000240345090
569690603547697152
569692064511692801
569692982955237377
569695553644322816
569697793801134080
569698856037789696
569698882797641728
569703480933408768
569704219315318784
569706809126055936
569709246150893568
569709452594524160
569709870729068544
569714230842302464
569718461217308673
569721972600528897
569722020776116224
569724119748636672
569730716692393984
569735732060753921
569744079027896320
569759259480600577
569769708569767936
569771711408644096
569792794711220224
569803373530128384
569811470797676544
569816326744776705
569824790200111104
569830322357084160
569832053241450496
569832733226110976
569838593423708160
569847920192655361
569851178982338563
569852657327738880
569854492126146560
569857805483675648
569858278370516992
569862767236255744
569865011788693504
569867364390449152
569869374103793664
569869978217914368
569874098035142656
569875093360238592
569878631322755072
569884285659848704
569884462051418112
569884756684476416
569890152832749568
569893924942299136
569894963665707010
569896805611089920
569899709734752256
569911064105754624
569914848991010816
569915992777687041
569918774788419584
569920618843521024
569922214255919105
569930805688053761
569937891788505088
569938319024332801
569941344053018625
569945910546989057
569947414263701505
569950450352414720
569951321719091201
569951958552805376
569957053432639488
569959876706885632
569960024455454721
569963645402099712
569966745982791680
569967808446009345
569967910417866752
569968565513625600
569969447764566016
569970599377788928
569973352837853184
569974423903715328
569975294158901248
569975684476641280
569977887136342016
569983338880114688
569989034501500928
569993098023063552
569996412286582784
570000126636216320
570002150115254272
570009228867293185
570009252426883072
570012706704662528
570014884651380736
570015794387685376
570020255793352704
570021329065394176
570021599392329728
570025428095770624
570030761539182592
570033062202863616
570034025148108800
570034368086827008
570037969819545600
570042963021205504
570048726380765184
570051874537271296
570053952856854528
570070044547403777
570073396152676352
570079676204347394
570080703171448832
570084122636365825
570087941277495296
570092530236149761
570092677196181507
570095219091361792
570099717314457600
570100035167379456
570100438487314432
570101817041747968
570102251563274242
570102669299351553
570123495180410881
570134947828080640
570139364178530304
570141242769559552
570165459783450624
570166071640133632
570194141612789760
570195089869447168
570201172985974784
570202730293100544
570202978650603520
570205088595058688
570210145239592960
570211313072238592
570220154363232256
570222998919225344
570232659282145280
570233869212856320
570234734942523393
570236014238699521
570238126347714560
570239272575315969
570239952975482881
570245656972894208
570251909447192577
570254322694557696
570257377460514816
570257563003920384
570260383862108160
570261193685749760
570261225520689152
570264556443824128
570265689589592064
570267915154538496
570271160363057154
570272235639828480
570274417546113025
570276878788861953
570277724385734656
570289584061480960
570290540274688001
570296212336865283
570297185704812545
570300767074181121
570300817074462722
570305603056349184
567688325276770306
567692251954827265
567715917983776772
567731598871642112
567732351774781440
567733609130233856
567734830800961537
567735337246806016
567736717352763394
567741157070086144
567752009806131200
567752230111936512
567753899939860480
567765690589790208
567766269810581505
567766410169954304
567769620648828929
567771662167179264
567773611591626752
567778453006655488
567781477761314816
567782895306412032
567786151370629121
567800930683609088
567813189334790144
567820647465803776
567827442657677313
567829834618904576
567846359631564800
567863121479536641
567867168429182976
567869009661665280
567869273109958656
567874261085454338
567900456460165120
567906937423073280
567908796917420032
567951376480907264
568010412798509056
568014567089029120
568056298937430016
568057671443750912
568062811856703489
568068468261519360
568084167390564353
568086068328681473
568086184888561664
568094199586938880
568100712309256192
568101609894342656
568105765442945024
568107407647207424
568107816923340800
568109598034554880
568109963509415936
568115928044404736
568141720556322816
568142922031501312
568152817656930305
568155440267161600
568156758025187329
568172398161354752
568174802059464705
568178946585579520
568179117851578369
568180799838801920
568182492055912449
568185092163678208
568187725834289152
568194427904069632
568195153464143872
568198057155641344
568199101981937665
568203709802532864
568204029517553665
568209150410248192
568220487500709889
568225650760413184
568233193738018817
568235890205532160
568245800788221953
568262694123339776
568267732556255232
568275380441726977
568284092707401728
568289529561518080
568382780251480064
568389266155438080
568391639158226944
568394676501217281
568397325820956672
568410282298621952
568412555045179393
568418629236219904
568423588077936640
568431125502144512
568432609866457088
568436966628261889
568437189694111744
568440587411726336
568454157478326272
568460278662193152
568470715009277952
568474960097878016
568476562376531969
568479680229208064
568480653819453440
568489786081714176
568491224946098176
568502279193681921
568527605063757824
568532050979893249
568536558279593985
568540843323338752
568546414604750848
568546837231042560
568551504505802752
568558478039625728
568560510896963584
568561938457690112
568563550475698177
568568900767653889
568581908075933696
568589551477886977
568611276026351618
568613837198340098
568623603496792064
568625613797511169
568626368373780481
568630779720417280
568630879246901248
568639461648502784
568643040073506816
568656507480481792
568656758027063296
568673332184240129
568682740020690945
568743141861228544
568748360599019520
568763087689379840
568770125114929152
568780964677201920
568784239841431552
568793782164062208
568793902267936769
568798264943902720
568799336097656836
568806618097455104
568815310016548865
568823143789416449
568823689422053376
568828240204333056
568833970143698944
568838781907935233
568841068348878848
568843464361713664
568852319762313216
568857278721478656
568858239372103680
568881291766034432
568888623787089920
568891505869344770
568894341243998208
568903193930764288
568905087608881152
568909776635236352
568925054089629696
568926999680569344
568932482323623937
568948971923742720
568951819969232896
568954934084788224
568955339607019521
568959416524886016
568962468766212097
568965883730776065
568969143581413376
568985883589906432
568992757169065984
568996536555851776
568999279936679937
569000361735761920
569015470025793536
569017052310056960
569017837576069120
569017927803932672
569026124484706304
569072664997801984
569076569983086592
569093984640995328
569102054922129409
569125947200413696
569169887689641984
569183099495383040
569183862493810690
569188266089381888
569188782492266496
569202179476754432
569208751972065280
569211645710495745
569212558952960000
569221440794271745
569224849144418304
569247029446119424
569248000456970240
569259056017178624
569259238989688833
569259515398504449
569259688887492608
569261128532041728
569261989735718914
569263677234388993
569269594386526209
569301951478935553
569302490421833729
569304030847090688
569308775435390976
569309296023998464
569310635986546688
569322078819766272
569322419036356608
569325844906115072
569336095411965952
569336871853170688
569337230935724032
569347118034501632
569364328857640961
569366479008862208
569374011131453441
569381891809214464
569385784685363201
569385862489776128
569386397683073024
569416650325303297
569444456660750337
569451362687143936
569456828511326208
569457148129779714
569460417954746368
569465622301552641
569475909226401792
569479008708120576
569485181633089536
569500360651509760
569504763957653504
569507649940799489
569514124490579969
569523635171405824
569525679823425536
569546406442209280
569552658010210305
569559847131164672
569564824939556864
569569639543541762
569570013964689410
569580197709783040
569583943772610560
569587157574135808
569590892085915649
569596778426855426
569602563261276160
569602897572450305
569603529888788480
569603875671396352
569609326253502465
569610871934205954
569613526328717313
569613601918492672
569616362223628289
569616634601717760
569616836884619264
569616883734974464
569618371148443649
569619171866222592
569620902742233088
569622447869304832
569623248205430785
569624009354170369
569626122578726913
569626951733932032
569629537400696832
569630160233873411
569630310779854848
569632519387099137
569634385823182852
569638381375909889
569643671198572544
569645522363011072
569645783974195202
569646184005894144
569647347547955200
569649277888106496
569649779090833408
569649975342333952
569650819894652928
569652313813430273
569652478020489216
569654709964836865
569658243871608832
569661069913821184
569662221099384832
569663701017624576
569663875836219392
569664087740715008
569664636179476480
569664668010225664
569666042672369665
569667313609404416
569669547210309632
569670286418841603
569671332092252160
569671871634935809
569672003403313154
569672099704508416
569672292919173120
569673275183386625
569673346864037888
569675527662874624
569676333766328320
569678456478404608
569679759250038784
569681184898162689
569681831039074306
569683734951170048
569684982366666752
569686000240345090
569690603547697152
569692064511692801
569692982955237377
569695553644322816
569697793801134080
569698856037789696
569698882797641728
569703480933408768
569704219315318784
569706809126055936
569709246150893568
569709452594524160
569709870729068544
569714230842302464
569718461217308673
569721972600528897
569722020776116224
569724119748636672
569730716692393984
569735732060753921
569744079027896320
569759259480600577
569769708569767936
569771711408644096
569792794711220224
569803373530128384
569811470797676544
569816326744776705
569824790200111104
569830322357084160
569832053241450496
569832733226110976
569838593423708160
569847920192655361
569851178982338563
569852657327738880
569854492126146560
569857805483675648
569858278370516992
569862767236255744
569865011788693504
569867364390449152
569869374103793664
569869978217914368
569874098035142656
569875093360238592
569878631322755072
569884285659848704
569884462051418112
569884756684476416
569890152832749568
569893924942299136
569894963665707010
569896805611089920
569899709734752256
569911064105754624
569914848991010816
569915992777687041
569918774788419584
569920618843521024
569922214255919105
569930805688053761
569937891788505088
569938319024332801
569941344053018625
569945910546989057
569947414263701505
569950450352414720
569951321719091201
569951958552805376
569957053432639488
569959876706885632
569960024455454721
569963645402099712
569966745982791680
569967808446009345
569967910417866752
569968565513625600
569969447764566016
569970599377788928
569973352837853184
569974423903715328
569975294158901248
569975684476641280
569977887136342016
569983338880114688
569989034501500928
569993098023063552
569996412286582784
570000126636216320
570002150115254272
570009228867293185
570009252426883072
570012706704662528
570014884651380736
570015794387685376
570020255793352704
570021329065394176
570021599392329728
570025428095770624
570030761539182592
570033062202863616
570034025148108800
570034368086827008
570037969819545600
570042963021205504
570048726380765184
570051874537271296
570053952856854528
570070044547403777
570073396152676352
570079676204347394
570080703171448832
570084122636365825
570087941277495296
570092530236149761
570092677196181507
570095219091361792
570099717314457600
570100035167379456
570100438487314432
570101817041747968
570102251563274242
570102669299351553
570123495180410881
570134947828080640
570139364178530304
570141242769559552
570165459783450624
570166071640133632
570194141612789760
570195089869447168
570201172985974784
570202730293100544
570202978650603520
570205088595058688
570210145239592960
570211313072238592
570220154363232256
570222998919225344
570232659282145280
570233869212856320
570234734942523393
570236014238699521
570238126347714560
570239272575315969
570239952975482881
570245656972894208
570251909447192577
570254322694557696
570257377460514816
570257563003920384
570260383862108160
570261193685749760
570261225520689152
570264556443824128
570265689589592064
570267915154538496
570271160363057154
570272235639828480
570274417546113025
570276878788861953
570277724385734656
570289584061480960
570290540274688001
570296212336865283
570297185704812545
570300767074181121
570300817074462722
570305603056349184
567688325276770306
567692251954827265
567715917983776772
567731598871642112
567732351774781440
567733609130233856
567734830800961537
567735337246806016
567736717352763394
567741157070086144
567752009806131200
567752230111936512
567753899939860480
567765690589790208
567766269810581505
567766410169954304
567769620648828929
567771662167179264
567773611591626752
567778453006655488
567781477761314816
567782895306412032
567786151370629121
567800930683609088
567813189334790144
567820647465803776
567827442657677313
567829834618904576
567846359631564800
567863121479536641
567867168429182976
567869009661665280
567869273109958656
567874261085454338
567900456460165120
567906937423073280
567908796917420032
567951376480907264
568010412798509056
568014567089029120
568056298937430016
568057671443750912
568062811856703489
568068468261519360
568084167390564353
568086068328681473
568086184888561664
568094199586938880
568100712309256192
568101609894342656
568105765442945024
568107407647207424
568107816923340800
568109598034554880
568109963509415936
568115928044404736
568141720556322816
568142922031501312
568152817656930305
568155440267161600
568156758025187329
568172398161354752
568174802059464705
568178946585579520
568179117851578369
568180799838801920
568182492055912449
568185092163678208
568187725834289152
568194427904069632
568195153464143872
568198057155641344
568199101981937665
568203709802532864
568204029517553665
568209150410248192
568220487500709889
568225650760413184
568233193738018817
568235890205532160
568245800788221953
568262694123339776
568267732556255232
568275380441726977
568284092707401728
568289529561518080
568382780251480064
568389266155438080
568391639158226944
568394676501217281
568397325820956672
568410282298621952
568412555045179393
568418629236219904
568423588077936640
568431125502144512
568432609866457088
568436966628261889
568437189694111744
568440587411726336
568454157478326272
568460278662193152
568470715009277952
568474960097878016
568476562376531969
568479680229208064
568480653819453440
568489786081714176
568491224946098176
568502279193681921
568527605063757824
568532050979893249
568536558279593985
568540843323338752
568546414604750848
568546837231042560
568551504505802752
568558478039625728
568560510896963584
568561938457690112
568563550475698177
568568900767653889
568581908075933696
568589551477886977
568611276026351618
568613837198340098
568623603496792064
568625613797511169
568626368373780481
568630779720417280
568630879246901248
568639461648502784
568643040073506816
568656507480481792
568656758027063296
568673332184240129
568682740020690945
568743141861228544
568748360599019520
568763087689379840
568770125114929152
568780964677201920
568784239841431552
568793782164062208
568793902267936769
568798264943902720
568799336097656836
568806618097455104
568815310016548865
568823143789416449
568823689422053376
568828240204333056
568833970143698944
568838781907935233
568841068348878848
568843464361713664
568852319762313216
568857278721478656
568858239372103680
568881291766034432
568888623787089920
568891505869344770
568894341243998208
568903193930764288
568905087608881152
568909776635236352
568925054089629696
568926999680569344
568932482323623937
568948971923742720
568951819969232896
568954934084788224
568955339607019521
568959416524886016
568962468766212097
568965883730776065
568969143581413376
568985883589906432
568992757169065984
568996536555851776
568999279936679937
569000361735761920
569015470025793536
569017052310056960
569017837576069120
569017927803932672
569026124484706304
569072664997801984
569076569983086592
569093984640995328
569102054922129409
569125947200413696
569169887689641984
569183099495383040
569183862493810690
569188266089381888
569188782492266496
569202179476754432
569208751972065280
569211645710495745
569212558952960000
569221440794271745
569224849144418304
569247029446119424
569248000456970240
569259056017178624
569259238989688833
569259515398504449
569259688887492608
569261128532041728
569261989735718914
569263677234388993
569269594386526209
569301951478935553
569302490421833729
569304030847090688
569308775435390976
569309296023998464
569310635986546688
569322078819766272
569322419036356608
569325844906115072
569336095411965952
569336871853170688
569337230935724032
569347118034501632
569364328857640961
569366479008862208
569374011131453441
569381891809214464
569385784685363201
569385862489776128
569386397683073024
569416650325303297
569444456660750337
569451362687143936
569456828511326208
569457148129779714
569460417954746368
569465622301552641
569475909226401792
569479008708120576
569485181633089536
569500360651509760
569504763957653504
569507649940799489
569514124490579969
569523635171405824
569525679823425536
569546406442209280
569552658010210305
569559847131164672
569564824939556864
569569639543541762
569570013964689410
569580197709783040
569583943772610560
569587157574135808
569590892085915649
569596778426855426
569602563261276160
569602897572450305
569603529888788480
569603875671396352
569609326253502465
569610871934205954
569613526328717313
569613601918492672
569616362223628289
569616634601717760
569616836884619264
569616883734974464
569618371148443649
569619171866222592
569620902742233088
569622447869304832
569623248205430785
569624009354170369
569626122578726913
569626951733932032
569629537400696832
569630160233873411
569630310779854848
569632519387099137
569634385823182852
569638381375909889
569643671198572544
569645522363011072
569645783974195202
569646184005894144
569647347547955200
569649277888106496
569649779090833408
569649975342333952
569650819894652928
569652313813430273
569652478020489216
569654709964836865
569658243871608832
569661069913821184
569662221099384832
569663701017624576
569663875836219392
569664087740715008
569664636179476480
569664668010225664
569666042672369665
569667313609404416
569669547210309632
569670286418841603
569671332092252160
569671871634935809
569672003403313154
569672099704508416
569672292919173120
569673275183386625
569673346864037888
569675527662874624
569676333766328320
569678456478404608
569679759250038784
569681184898162689
569681831039074306
569683734951170048
569684982366666752
569686000240345090
569690603547697152
569692064511692801
569692982955237377
569695553644322816
569697793801134080
569698856037789696
569698882797641728
569703480933408768
569704219315318784
569706809126055936
569709246150893568
569709452594524160
569709870729068544
569714230842302464
569718461217308673
569721972600528897
569722020776116224
569724119748636672
569730716692393984
569735732060753921
569744079027896320
569759259480600577
569769708569767936
569771711408644096
569792794711220224
569803373530128384
569811470797676544
569816326744776705
569824790200111104
569830322357084160
569832053241450496
569832733226110976
569838593423708160
569847920192655361
569851178982338563
569852657327738880
569854492126146560
569857805483675648
569858278370516992
569862767236255744
569865011788693504
569867364390449152
569869374103793664
569869978217914368
569874098035142656
569875093360238592
569878631322755072
569884285659848704
569884462051418112
569884756684476416
569890152832749568
569893924942299136
569894963665707010
569896805611089920
569899709734752256
569911064105754624
569914848991010816
569915992777687041
569918774788419584
569920618843521024
569922214255919105
569930805688053761
569937891788505088
569938319024332801
569941344053018625
569945910546989057
569947414263701505
569950450352414720
569951321719091201
569951958552805376
569957053432639488
569959876706885632
569960024455454721
569963645402099712
569966745982791680
569967808446009345
569967910417866752
569968565513625600
569969447764566016
569970599377788928
569973352837853184
569974423903715328
569975294158901248
569975684476641280
569977887136342016
569983338880114688
569989034501500928
569993098023063552
569996412286582784
570000126636216320
570002150115254272
570009228867293185
570009252426883072
570012706704662528
570014884651380736
570015794387685376
570020255793352704
570021329065394176
570021599392329728
570025428095770624
570030761539182592
570033062202863616
570034025148108800
570034368086827008
570037969819545600
570042963021205504
570048726380765184
570051874537271296
570053952856854528
570070044547403777
570073396152676352
570079676204347394
570080703171448832
570084122636365825
570087941277495296
570092530236149761
570092677196181507
570095219091361792
570099717314457600
570100035167379456
570100438487314432
570101817041747968
570102251563274242
570102669299351553
570123495180410881
570134947828080640
570139364178530304
570141242769559552
570165459783450624
570166071640133632
570194141612789760
570195089869447168
570201172985974784
570202730293100544
570202978650603520
570205088595058688
570210145239592960
570211313072238592
570220154363232256
570222998919225344
570232659282145280
570233869212856320
570234734942523393
570236014238699521
570238126347714560
570239272575315969
570239952975482881
570245656972894208
570251909447192577
570254322694557696
570257377460514816
570257563003920384
570260383862108160
570261193685749760
570261225520689152
570264556443824128
570265689589592064
570267915154538496
570271160363057154
570272235639828480
570274417546113025
570276878788861953
570277724385734656
570289584061480960
570290540274688001
570296212336865283
570297185704812545
570300767074181121
570300817074462722
570305603056349184
567688325276770306
567692251954827265
567715917983776772
567731598871642112
567732351774781440
567733609130233856
567734830800961537
567735337246806016
567736717352763394
567741157070086144
567752009806131200
567752230111936512
567753899939860480
567765690589790208
567766269810581505
567766410169954304
567769620648828929
567771662167179264
567773611591626752
567778453006655488
567781477761314816
567782895306412032
567786151370629121
567800930683609088
567813189334790144
567820647465803776
567827442657677313
567829834618904576
567846359631564800
567863121479536641
567867168429182976
567869009661665280
567869273109958656
567874261085454338
567900456460165120
567906937423073280
567908796917420032
567951376480907264
568010412798509056
568014567089029120
568056298937430016
568057671443750912
568062811856703489
568068468261519360
568084167390564353
568086068328681473
568086184888561664
568094199586938880
568100712309256192
568101609894342656
568105765442945024
568107407647207424
568107816923340800
568109598034554880
568109963509415936
568115928044404736
568141720556322816
568142922031501312
568152817656930305
568155440267161600
568156758025187329
568172398161354752
568174802059464705
568178946585579520
568179117851578369
568180799838801920
568182492055912449
568185092163678208
568187725834289152
568194427904069632
568195153464143872
568198057155641344
568199101981937665
568203709802532864
568204029517553665
568209150410248192
568220487500709889
568225650760413184
568233193738018817
568235890205532160
568245800788221953
568262694123339776
568267732556255232
568275380441726977
568284092707401728
568289529561518080
568382780251480064
568389266155438080
568391639158226944
568394676501217281
568397325820956672
568410282298621952
568412555045179393
568418629236219904
568423588077936640
568431125502144512
568432609866457088
568436966628261889
568437189694111744
568440587411726336
568454157478326272
568460278662193152
568470715009277952
568474960097878016
568476562376531969
568479680229208064
568480653819453440
568489786081714176
568491224946098176
568502279193681921
568527605063757824
568532050979893249
568536558279593985
568540843323338752
568546414604750848
568546837231042560
568551504505802752
568558478039625728
568560510896963584
568561938457690112
568563550475698177
568568900767653889
568581908075933696
568589551477886977
568611276026351618
568613837198340098
568623603496792064
568625613797511169
568626368373780481
568630779720417280
568630879246901248
568639461648502784
568643040073506816
568656507480481792
568656758027063296
568673332184240129
568682740020690945
568743141861228544
568748360599019520
568763087689379840
568770125114929152
568780964677201920
568784239841431552
568793782164062208
568793902267936769
568798264943902720
568799336097656836
568806618097455104
568815310016548865
568823143789416449
568823689422053376
568828240204333056
568833970143698944
568838781907935233
568841068348878848
568843464361713664
568852319762313216
568857278721478656
568858239372103680
568881291766034432
568888623787089920
568891505869344770
568894341243998208
568903193930764288
568905087608881152
568909776635236352
568925054089629696
568926999680569344
568932482323623937
568948971923742720
568951819969232896
568954934084788224
568955339607019521
568959416524886016
568962468766212097
568965883730776065
568969143581413376
568985883589906432
568992757169065984
568996536555851776
568999279936679937
569000361735761920
569015470025793536
569017052310056960
569017837576069120
569017927803932672
569026124484706304
569072664997801984
569076569983086592
569093984640995328
569102054922129409
569125947200413696
569169887689641984
569183099495383040
569183862493810690
569188266089381888
569188782492266496
569202179476754432
569208751972065280
569211645710495745
569212558952960000
569221440794271745
569224849144418304
569247029446119424
569248000456970240
569259056017178624
569259238989688833
569259515398504449
569259688887492608
569261128532041728
569261989735718914
569263677234388993
569269594386526209
569301951478935553
569302490421833729
569304030847090688
569308775435390976
569309296023998464
569310635986546688
569322078819766272
569322419036356608
569325844906115072
569336095411965952
569336871853170688
569337230935724032
569347118034501632
569364328857640961
569366479008862208
569374011131453441
569381891809214464
569385784685363201
569385862489776128
569386397683073024
569416650325303297
569444456660750337
569451362687143936
569456828511326208
569457148129779714
569460417954746368
569465622301552641
569475909226401792
569479008708120576
569485181633089536
569500360651509760
569504763957653504
569507649940799489
569514124490579969
569523635171405824
569525679823425536
569546406442209280
569552658010210305
569559847131164672
569564824939556864
569569639543541762
569570013964689410
569580197709783040
569583943772610560
569587157574135808
569590892085915649
569596778426855426
569602563261276160
569602897572450305
569603529888788480
569603875671396352
569609326253502465
569610871934205954
569613526328717313
569613601918492672
569616362223628289
569616634601717760
569616836884619264
569616883734974464
569618371148443649
569619171866222592
569620902742233088
569622447869304832
569623248205430785
569624009354170369
569626122578726913
569626951733932032
569629537400696832
569630160233873411
569630310779854848
569632519387099137
569634385823182852
569638381375909889
569643671198572544
569645522363011072
569645783974195202
569646184005894144
569647347547955200
569649277888106496
569649779090833408
569649975342333952
569650819894652928
569652313813430273
569652478020489216
569654709964836865
569658243871608832
569661069913821184
569662221099384832
569663701017624576
569663875836219392
569664087740715008
569664636179476480
569664668010225664
569666042672369665
569667313609404416
569669547210309632
569670286418841603
569671332092252160
569671871634935809
569672003403313154
569672099704508416
569672292919173120
569673275183386625
569673346864037888
569675527662874624
569676333766328320
569678456478404608
569679759250038784
569681184898162689
569681831039074306
569683734951170048
569684982366666752
569686000240345090
569690603547697152
569692064511692801
569692982955237377
569695553644322816
569697793801134080
569698856037789696
569698882797641728
569703480933408768
569704219315318784
569706809126055936
569709246150893568
569709452594524160
569709870729068544
569714230842302464
569718461217308673
569721972600528897
569722020776116224
569724119748636672
569730716692393984
569735732060753921
569744079027896320
569759259480600577
569769708569767936
569771711408644096
569792794711220224
569803373530128384
569811470797676544
569816326744776705
569824790200111104
569830322357084160
569832053241450496
569832733226110976
569838593423708160
569847920192655361
569851178982338563
569852657327738880
569854492126146560
569857805483675648
569858278370516992
569862767236255744
569865011788693504
569867364390449152
569869374103793664
569869978217914368
569874098035142656
569875093360238592
569878631322755072
569884285659848704
569884462051418112
569884756684476416
569890152832749568
569893924942299136
569894963665707010
569896805611089920
569899709734752256
569911064105754624
569914848991010816
569915992777687041
569918774788419584
569920618843521024
569922214255919105
569930805688053761
569937891788505088
569938319024332801
569941344053018625
569945910546989057
569947414263701505
569950450352414720
569951321719091201
569951958552805376
569957053432639488
569959876706885632
569960024455454721
569963645402099712
569966745982791680
569967808446009345
569967910417866752
569968565513625600
569969447764566016
569970599377788928
569973352837853184
569974423903715328
569975294158901248
569975684476641280
569977887136342016
569983338880114688
569989034501500928
569993098023063552
569996412286582784
570000126636216320
570002150115254272
570009228867293185
570009252426883072
570012706704662528
570014884651380736
570015794387685376
570020255793352704
570021329065394176
570021599392329728
570025428095770624
570030761539182592
570033062202863616
570034025148108800
570034368086827008
570037969819545600
570042963021205504
570048726380765184
570051874537271296
570053952856854528
570070044547403777
570073396152676352
570079676204347394
570080703171448832
570084122636365825
570087941277495296
570092530236149761
570092677196181507
570095219091361792
570099717314457600
570100035167379456
570100438487314432
570101817041747968
570102251563274242
570102669299351553
570123495180410881
570134947828080640
570139364178530304
570141242769559552
570165459783450624
570166071640133632
570194141612789760
570195089869447168
570201172985974784
570202730293100544
570202978650603520
570205088595058688
570210145239592960
570211313072238592
570220154363232256
570222998919225344
570232659282145280
570233869212856320
570234734942523393
570236014238699521
570238126347714560
570239272575315969
570239952975482881
570245656972894208
570251909447192577
570254322694557696
570257377460514816
570257563003920384
570260383862108160
570261193685749760
570261225520689152
570264556443824128
570265689589592064
570267915154538496
570271160363057154
570272235639828480
570274417546113025
570276878788861953
570277724385734656
570289584061480960
570290540274688001
570296212336865283
570297185704812545
570300767074181121
570300817074462722
570305603056349184
567688325276770306
567692251954827265
567715917983776772
567731598871642112
567732351774781440
567733609130233856
567734830800961537
567735337246806016
567736717352763394
567741157070086144
567752009806131200
567752230111936512
567753899939860480
567765690589790208
567766269810581505
567766410169954304
567769620648828929
567771662167179264
567773611591626752
567778453006655488
567781477761314816
567782895306412032
567786151370629121
567800930683609088
567813189334790144
567820647465803776
567827442657677313
567829834618904576
567846359631564800
567863121479536641
567867168429182976
567869009661665280
567869273109958656
567874261085454338
567900456460165120
567906937423073280
567908796917420032
567951376480907264
568010412798509056
568014567089029120
568056298937430016
568057671443750912
568062811856703489
568068468261519360
568084167390564353
568086068328681473
568086184888561664
568094199586938880
568100712309256192
568101609894342656
568105765442945024
568107407647207424
568107816923340800
568109598034554880
568109963509415936
568115928044404736
568141720556322816
568142922031501312
568152817656930305
568155440267161600
568156758025187329
568172398161354752
568174802059464705
568178946585579520
568179117851578369
568180799838801920
568182492055912449
568185092163678208
568187725834289152
568194427904069632
568195153464143872
568198057155641344
568199101981937665
568203709802532864
568204029517553665
568209150410248192
568220487500709889
568225650760413184
568233193738018817
568235890205532160
568245800788221953
568262694123339776
568267732556255232
568275380441726977
568284092707401728
568289529561518080
568382780251480064
568389266155438080
568391639158226944
568394676501217281
568397325820956672
568410282298621952
568412555045179393
568418629236219904
568423588077936640
568431125502144512
568432609866457088
568436966628261889
568437189694111744
568440587411726336
568454157478326272
568460278662193152
568470715009277952
568474960097878016
568476562376531969
568479680229208064
568480653819453440
568489786081714176
568491224946098176
568502279193681921
568527605063757824
568532050979893249
568536558279593985
568540843323338752
568546414604750848
568546837231042560
568551504505802752
568558478039625728
568560510896963584
568561938457690112
568563550475698177
568568900767653889
568581908075933696
568589551477886977
568611276026351618
568613837198340098
568623603496792064
568625613797511169
568626368373780481
568630779720417280
568630879246901248
568639461648502784
568643040073506816
568656507480481792
568656758027063296
568673332184240129
568682740020690945
568743141861228544
568748360599019520
568763087689379840
568770125114929152
568780964677201920
568784239841431552
568793782164062208
568793902267936769
568798264943902720
568799336097656836
568806618097455104
568815310016548865
568823143789416449
568823689422053376
568828240204333056
568833970143698944
568838781907935233
568841068348878848
568843464361713664
568852319762313216
568857278721478656
568858239372103680
568881291766034432
568888623787089920
568891505869344770
568894341243998208
568903193930764288
568905087608881152
568909776635236352
568925054089629696
568926999680569344
568932482323623937
568948971923742720
568951819969232896
568954934084788224
568955339607019521
568959416524886016
568962468766212097
568965883730776065
568969143581413376
568985883589906432
568992757169065984
568996536555851776
568999279936679937
569000361735761920
569015470025793536
569017052310056960
569017837576069120
569017927803932672
569026124484706304
569072664997801984
569076569983086592
569093984640995328
569102054922129409
569125947200413696
569169887689641984
569183099495383040
569183862493810690
569188266089381888
569188782492266496
569202179476754432
569208751972065280
569211645710495745
569212558952960000
569221440794271745
569224849144418304
569247029446119424
569248000456970240
569259056017178624
569259238989688833
569259515398504449
569259688887492608
569261128532041728
569261989735718914
569263677234388993
569269594386526209
569301951478935553
569302490421833729
569304030847090688
569308775435390976
569309296023998464
569310635986546688
569322078819766272
569322419036356608
569325844906115072
569336095411965952
569336871853170688
569337230935724032
569347118034501632
569364328857640961
569366479008862208
569374011131453441
569381891809214464
569385784685363201
569385862489776128
569386397683073024
569416650325303297
569444456660750337
569451362687143936
569456828511326208
569457148129779714
569460417954746368
569465622301552641
569475909226401792
569479008708120576
569485181633089536
569500360651509760
569504763957653504
569507649940799489
569514124490579969
569523635171405824
569525679823425536
569546406442209280
569552658010210305
569559847131164672
569564824939556864
569569639543541762
569570013964689410
569580197709783040
569583943772610560
569587157574135808
569590892085915649
569596778426855426
569602563261276160
569602897572450305
569603529888788480
569603875671396352
569609326253502465
569610871934205954
569613526328717313
569613601918492672
569616362223628289
569616634601717760
569616836884619264
569616883734974464
569618371148443649
569619171866222592
569620902742233088
569622447869304832
569623248205430785
569624009354170369
569626122578726913
569626951733932032
569629537400696832
569630160233873411
569630310779854848
569632519387099137
569634385823182852
569638381375909889
569643671198572544
569645522363011072
569645783974195202
569646184005894144
569647347547955200
569649277888106496
569649779090833408
569649975342333952
569650819894652928
569652313813430273
569652478020489216
569654709964836865
569658243871608832
569661069913821184
569662221099384832
569663701017624576
569663875836219392
569664087740715008
569664636179476480
569664668010225664
569666042672369665
569667313609404416
569669547210309632
569670286418841603
569671332092252160
569671871634935809
569672003403313154
569672099704508416
569672292919173120
569673275183386625
569673346864037888
569675527662874624
569676333766328320
569678456478404608
569679759250038784
569681184898162689
569681831039074306
569683734951170048
569684982366666752
569686000240345090
569690603547697152
569692064511692801
569692982955237377
569695553644322816
569697793801134080
569698856037789696
569698882797641728
569703480933408768
569704219315318784
569706809126055936
569709246150893568
569709452594524160
569709870729068544
569714230842302464
569718461217308673
569721972600528897
569722020776116224
569724119748636672
569730716692393984
569735732060753921
569744079027896320
569759259480600577
569769708569767936
569771711408644096
569792794711220224
569803373530128384
569811470797676544
569816326744776705
569824790200111104
569830322357084160
569832053241450496
569832733226110976
569838593423708160
569847920192655361
569851178982338563
569852657327738880
569854492126146560
569857805483675648
569858278370516992
569862767236255744
569865011788693504
569867364390449152
569869374103793664
569869978217914368
569874098035142656
569875093360238592
569878631322755072
569884285659848704
569884462051418112
569884756684476416
569890152832749568
569893924942299136
569894963665707010
569896805611089920
569899709734752256
569911064105754624
569914848991010816
569915992777687041
569918774788419584
569920618843521024
569922214255919105
569930805688053761
569937891788505088
569938319024332801
569941344053018625
569945910546989057
569947414263701505
569950450352414720
569951321719091201
569951958552805376
569957053432639488
569959876706885632
569960024455454721
569963645402099712
569966745982791680
569967808446009345
569967910417866752
569968565513625600
569969447764566016
569970599377788928
569973352837853184
569974423903715328
569975294158901248
569975684476641280
569977887136342016
569983338880114688
569989034501500928
569993098023063552
569996412286582784
570000126636216320
570002150115254272
570009228867293185
570009252426883072
570012706704662528
570014884651380736
570015794387685376
570020255793352704
570021329065394176
570021599392329728
570025428095770624
570030761539182592
570033062202863616
570034025148108800
570034368086827008
570037969819545600
570042963021205504
570048726380765184
570051874537271296
570053952856854528
570070044547403777
570073396152676352
570079676204347394
570080703171448832
570084122636365825
570087941277495296
570092530236149761
570092677196181507
570095219091361792
570099717314457600
570100035167379456
570100438487314432
570101817041747968
570102251563274242
570102669299351553
570123495180410881
570134947828080640
570139364178530304
570141242769559552
570165459783450624
570166071640133632
570194141612789760
570195089869447168
570201172985974784
570202730293100544
570202978650603520
570205088595058688
570210145239592960
570211313072238592
570220154363232256
570222998919225344
570232659282145280
570233869212856320
570234734942523393
570236014238699521
570238126347714560
570239272575315969
570239952975482881
570245656972894208
570251909447192577
570254322694557696
570257377460514816
570257563003920384
570260383862108160
570261193685749760
570261225520689152
570264556443824128
570265689589592064
570267915154538496
570271160363057154
570272235639828480
570274417546113025
570276878788861953
570277724385734656
570289584061480960
570290540274688001
570296212336865283
570297185704812545
570300767074181121
570300817074462722
570305603056349184
