567747420650754048
568170198433460224
568236763128463361
568255102567518208
568481998257430530
568845552114405376
569337969233887232
569368286128771072
569418351295926273
569525690950815745
569535647704354816
569622447869304832
569662145886957568
569686415665025024
569688335788036096
569688822486847488
567747420650754048
568170198433460224
568236763128463361
568255102567518208
568481998257430530
568845552114405376
569337969233887232
569368286128771072
569418351295926273
569525690950815745
569535647704354816
569622447869304832
569662145886957568
569686415665025024
569688335788036096
569688822486847488
567747420650754048
568170198433460224
568236763128463361
568255102567518208
568481998257430530
568845552114405376
569337969233887232
569368286128771072
569418351295926273
569525690950815745
569535647704354816
569622447869304832
569662145886957568
569686415665025024
569688335788036096
569688822486847488
569895385851760640
569947048574758912
569964335038124033
569970287493705728
570073705507725313
570179344833708033
570239546673238017
567747420650754048
568170198433460224
568236763128463361
568255102567518208
568481998257430530
568845552114405376
569337969233887232
569368286128771072
569418351295926273
569525690950815745
569535647704354816
569622447869304832
569662145886957568
569686415665025024
569688335788036096
569688822486847488
569895385851760640
569947048574758912
569964335038124033
569970287493705728
570073705507725313
570179344833708033
570239546673238017
567747420650754048
568170198433460224
568236763128463361
568255102567518208
568481998257430530
568845552114405376
569337969233887232
569368286128771072
569418351295926273
569525690950815745
569535647704354816
569622447869304832
569662145886957568
569686415665025024
569688335788036096
569688822486847488
569895385851760640
569947048574758912
569964335038124033
569970287493705728
570073705507725313
570179344833708033
570239546673238017
567747420650754048
568170198433460224
568236763128463361
568255102567518208
568481998257430530
568845552114405376
569337969233887232
569368286128771072
569418351295926273
569525690950815745
569535647704354816
569622447869304832
569662145886957568
569686415665025024
569688335788036096
569688822486847488
569895385851760640
569947048574758912
569964335038124033
569970287493705728
570073705507725313
570179344833708033
570239546673238017
567747420650754048
568170198433460224
568236763128463361
568255102567518208
568481998257430530
568845552114405376
569337969233887232
569368286128771072
569418351295926273
569525690950815745
569535647704354816
569622447869304832
569662145886957568
569686415665025024
569688335788036096
569688822486847488
569895385851760640
569947048574758912
569964335038124033
569970287493705728
570073705507725313
570179344833708033
570239546673238017
567747420650754048
568170198433460224
568236763128463361
568255102567518208
568481998257430530
568845552114405376
569337969233887232
569368286128771072
569418351295926273
569525690950815745
569535647704354816
569622447869304832
569662145886957568
569686415665025024
569688335788036096
569688822486847488
569895385851760640
569947048574758912
569964335038124033
569970287493705728
570073705507725313
570179344833708033
570239546673238017
