567735943424397312
567744948934426625
567773236734074880
567779798782595072
567783113309585409
567800329824399360
567830505414103040
567843309349036032
568034773156933632
568053134439788546
568061931761864704
568064178478571520
568098115988918273
568105106647838720
568156672365092864
568157491927896064
568205117368836096
568284538914385920
568440278853525504
568456334581981184
568481515899908096
568491668858662914
568502021390786561
568514293441757184
568520773444308992
568646087361355776
568768156841308160
568787210188812289
568821402389893120
568853321659736064
568857976733376512
568881593395208192
568898792755470336
568900079962075137
568973830086995968
569059097632337920
569164183473762304
569208067243401217
569235333050576898
569237252154372097
569248702092541952
569288008144330752
569313760864632832
569322478847135744
569604469324967938
569640141989552128
569658769686339584
569675799122591746
569680818228084736
569701004188508161
569741783896367104
569753041420865536
569754108321607680
569759291839803392
569762940816990208
569767266075742208
569786249508048896
567735943424397312
567744948934426625
567773236734074880
567779798782595072
567783113309585409
567800329824399360
567830505414103040
567843309349036032
568034773156933632
568053134439788546
568061931761864704
568064178478571520
568098115988918273
568105106647838720
568156672365092864
568157491927896064
568205117368836096
568284538914385920
568440278853525504
568456334581981184
568481515899908096
568491668858662914
568502021390786561
568514293441757184
568520773444308992
568646087361355776
568768156841308160
568787210188812289
568821402389893120
568853321659736064
568857976733376512
568881593395208192
568898792755470336
568900079962075137
568973830086995968
569059097632337920
569164183473762304
569208067243401217
569235333050576898
569237252154372097
569248702092541952
569288008144330752
569313760864632832
569322478847135744
569604469324967938
569640141989552128
569658769686339584
569675799122591746
569680818228084736
569701004188508161
569741783896367104
569753041420865536
569754108321607680
569759291839803392
569762940816990208
569767266075742208
569786249508048896
569841476240166912
567735943424397312
567744948934426625
567773236734074880
567779798782595072
567783113309585409
567800329824399360
567830505414103040
567843309349036032
568034773156933632
568053134439788546
568061931761864704
568064178478571520
568098115988918273
568105106647838720
568156672365092864
568157491927896064
568205117368836096
568284538914385920
568440278853525504
568456334581981184
568481515899908096
568491668858662914
568502021390786561
568514293441757184
568520773444308992
568646087361355776
568768156841308160
568787210188812289
568821402389893120
568853321659736064
568857976733376512
568881593395208192
568898792755470336
568900079962075137
568973830086995968
569059097632337920
569164183473762304
569208067243401217
569235333050576898
569237252154372097
569248702092541952
569288008144330752
569313760864632832
569322478847135744
569604469324967938
569640141989552128
569658769686339584
569675799122591746
569680818228084736
569701004188508161
569741783896367104
569753041420865536
569754108321607680
569759291839803392
569762940816990208
569767266075742208
569786249508048896
569841476240166912
569857624549625856
569860904814301184
569865823415902208
569887584861749250
569894407001939968
569900784965554176
569901925358968832
569909224521641984
569913339427434496
569945380198203392
569946219826548736
569948966873370625
569970729237782528
569971775011999744
570040903735373825
570068397544710144
570072252026376192
570075101326024704
570114021854212096
570219953741279232
570232487454113792
570264682541522944
