567807967706488832
567845681768968192
568105106647838720
568139693574848513
568140221994250240
568185092163678208
568801442770743296
568868928732028928
568873459901702145
569233434423353344
569258900228190208
569262065988308993
569543771181981697
569602897572450305
569786249508048896
567807967706488832
567845681768968192
568105106647838720
568139693574848513
568140221994250240
568185092163678208
568801442770743296
568868928732028928
568873459901702145
569233434423353344
569258900228190208
569262065988308993
569543771181981697
569602897572450305
569786249508048896
567807967706488832
567845681768968192
568105106647838720
568139693574848513
568140221994250240
568185092163678208
568801442770743296
568868928732028928
568873459901702145
569233434423353344
569258900228190208
569262065988308993
569543771181981697
569602897572450305
569786249508048896
569880288702173184
570025482344898560
570244762785210368
570271367519604737
570301130888122368
