567623209026334720
567729904788054017
567731712004595714
568132204712370178
568434482270707712
568453042816868352
568584029106266113
568760613792579584
568912677994696706
568972394297077760
569126397161054208
569332152065593345
569562147279253504
567623209026334720
567729904788054017
567731712004595714
568132204712370178
568434482270707712
568453042816868352
568584029106266113
568760613792579584
568912677994696706
568972394297077760
569126397161054208
569332152065593345
569562147279253504
567623209026334720
567729904788054017
567731712004595714
568132204712370178
568434482270707712
568453042816868352
568584029106266113
568760613792579584
568912677994696706
568972394297077760
569126397161054208
569332152065593345
569562147279253504
569849550032101377
569912094272782337
569926998824394752
569989034501500928
570250945281589248
