567814001212809216
567831549539966976
568057887223894016
568058084846911488
568109878754934784
568160511264571392
568165395279929344
568174745293709313
568434014672916480
568489124098924546
568506797805318144
568778374451220480
568819697438871553
569125947200413696
569134333166002177
569212318283771904
569261077877248000
569525679823425536
569535503827017730
569596793941401601
569616699604934656
569620782566875136
569705813142409217
567814001212809216
567831549539966976
568057887223894016
568058084846911488
568109878754934784
568160511264571392
568165395279929344
568174745293709313
568434014672916480
568489124098924546
568506797805318144
568778374451220480
568819697438871553
569125947200413696
569134333166002177
569212318283771904
569261077877248000
569525679823425536
569535503827017730
569596793941401601
569616699604934656
569620782566875136
569705813142409217
567814001212809216
567831549539966976
568057887223894016
568058084846911488
568109878754934784
568160511264571392
568165395279929344
568174745293709313
568434014672916480
568489124098924546
568506797805318144
568778374451220480
568819697438871553
569125947200413696
569134333166002177
569212318283771904
569261077877248000
569525679823425536
569535503827017730
569596793941401601
569616699604934656
569620782566875136
569705813142409217
569851952282112000
569881463233097728
569885859954229248
569890084893413376
569890109803220993
569895538046296064
569964162979221504
569967841727942657
569967938607972352
569967965346664448
569968023592943616
569989661713666049
570008684413104128
570010979074834432
570143200935063552
570192751830171648
570247839563034624
570274057729519617
570277418642120704
570280852791422976
570298770136674304
567814001212809216
567831549539966976
568057887223894016
568058084846911488
568109878754934784
568160511264571392
568165395279929344
568174745293709313
568434014672916480
568489124098924546
568506797805318144
568778374451220480
568819697438871553
569125947200413696
569134333166002177
569212318283771904
569261077877248000
569525679823425536
569535503827017730
569596793941401601
569616699604934656
569620782566875136
569705813142409217
569851952282112000
569881463233097728
569885859954229248
569890084893413376
569890109803220993
569895538046296064
569964162979221504
569967841727942657
569967938607972352
569967965346664448
569968023592943616
569989661713666049
570008684413104128
570010979074834432
570143200935063552
570192751830171648
570247839563034624
570274057729519617
570277418642120704
570280852791422976
570298770136674304
567814001212809216
567831549539966976
568057887223894016
568058084846911488
568109878754934784
568160511264571392
568165395279929344
568174745293709313
568434014672916480
568489124098924546
568506797805318144
568778374451220480
568819697438871553
569125947200413696
569134333166002177
569212318283771904
569261077877248000
569525679823425536
569535503827017730
569596793941401601
569616699604934656
569620782566875136
569705813142409217
569851952282112000
569881463233097728
569885859954229248
569890084893413376
569890109803220993
569895538046296064
569964162979221504
569967841727942657
569967938607972352
569967965346664448
569968023592943616
569989661713666049
570008684413104128
570010979074834432
570143200935063552
570192751830171648
570247839563034624
570274057729519617
570277418642120704
570280852791422976
570298770136674304
567814001212809216
567831549539966976
568057887223894016
568058084846911488
568109878754934784
568160511264571392
568165395279929344
568174745293709313
568434014672916480
568489124098924546
568506797805318144
568778374451220480
568819697438871553
569125947200413696
569134333166002177
569212318283771904
569261077877248000
569525679823425536
569535503827017730
569596793941401601
569616699604934656
569620782566875136
569705813142409217
569851952282112000
569881463233097728
569885859954229248
569890084893413376
569890109803220993
569895538046296064
569964162979221504
569967841727942657
569967938607972352
569967965346664448
569968023592943616
569989661713666049
570008684413104128
570010979074834432
570143200935063552
570192751830171648
570247839563034624
570274057729519617
570277418642120704
570280852791422976
570298770136674304
567814001212809216
567831549539966976
568057887223894016
568058084846911488
568109878754934784
568160511264571392
568165395279929344
568174745293709313
568434014672916480
568489124098924546
568506797805318144
568778374451220480
568819697438871553
569125947200413696
569134333166002177
569212318283771904
569261077877248000
569525679823425536
569535503827017730
569596793941401601
569616699604934656
569620782566875136
569705813142409217
569851952282112000
569881463233097728
569885859954229248
569890084893413376
569890109803220993
569895538046296064
569964162979221504
569967841727942657
569967938607972352
569967965346664448
569968023592943616
569989661713666049
570008684413104128
570010979074834432
570143200935063552
570192751830171648
570247839563034624
570274057729519617
570277418642120704
570280852791422976
570298770136674304
567814001212809216
567831549539966976
568057887223894016
568058084846911488
568109878754934784
568160511264571392
568165395279929344
568174745293709313
568434014672916480
568489124098924546
568506797805318144
568778374451220480
568819697438871553
569125947200413696
569134333166002177
569212318283771904
569261077877248000
569525679823425536
569535503827017730
569596793941401601
569616699604934656
569620782566875136
569705813142409217
569851952282112000
569881463233097728
569885859954229248
569890084893413376
569890109803220993
569895538046296064
569964162979221504
569967841727942657
569967938607972352
569967965346664448
569968023592943616
569989661713666049
570008684413104128
570010979074834432
570143200935063552
570192751830171648
570247839563034624
570274057729519617
570277418642120704
570280852791422976
570298770136674304
