568129947752992768
568203839242764288
568516490405679104
569528105557053442
568129947752992768
568203839242764288
568516490405679104
569528105557053442
568129947752992768
568203839242764288
568516490405679104
569528105557053442
569971998572589057
568129947752992768
568203839242764288
568516490405679104
569528105557053442
569971998572589057
568129947752992768
568203839242764288
568516490405679104
569528105557053442
569971998572589057
568129947752992768
568203839242764288
568516490405679104
569528105557053442
569971998572589057
568129947752992768
568203839242764288
568516490405679104
569528105557053442
569971998572589057
568129947752992768
568203839242764288
568516490405679104
569528105557053442
569971998572589057
