567634106058821632
567686758708817921
567692251954827265
567704339448209409
567721806040031232
567726186038837248
567727292739092480
567727883993358336
567731546661326848
567732284959113216
567737962541375490
567738375755415552
567739149818413056
567759874403344384
567761790357209088
567763529277923329
567767439493300224
567774320170119168
567777625344593920
567780624531222528
567781477761314816
567781675514343424
567784912011689984
567787873778278400
567788514952368129
567789749013086208
567797955202416641
567804951288901634
567813060027772928
567818690096541696
567820647465803776
567821292797186048
567822377473728513
567823707160354816
567841818357964800
567841954484068353
567842647739654144
567843014300692480
567845500205936640
567856598762156032
567858076285452288
567864832235405313
567865703765798912
567871783107452930
567875130824658946
567875729045590017
567882458357714944
567883722948763648
567900433542488064
567905220828606466
567916726668644352
567918173992910848
567919283419742210
567969619849265153
568002085888897025
568018287302447104
568022411783888896
568031706944540672
568055279839023105
568066161922977792
568069363280035840
568082656413552640
568083224146149376
568083251866152960
568098115988918273
568126621611372545
568127152450871296
568127477555441664
568128069845848064
568129909408841728
568138663864852481
568144896852299776
568145983931969536
568154816414789632
568169732895051777
568173388663013377
568194265022648320
568196466503770112
568211517398786048
568231529823891456
568256563829293056
568258075431477248
568260044896243712
568287936820572160
568288672627318784
568332024802447361
568375354982842368
568411504497856512
568413096940666881
568420497563598848
568432677789011968
568438257454682112
568440431454736384
568444029257584640
568446906524950528
568457761366781952
568468724048646145
568474442210283520
568478881063276545
568484677868265473
568502210268692480
568506804096917504
568515696197439489
568526349565972480
568535405361913857
568536634058084352
568558728263254017
568562718854111233
568568197147799552
568572666178883584
568574014505029632
568582374549807104
568586882600161280
568591059602829314
568592809344819200
568594646168948736
568606485716078592
568611024837849088
568616034384498688
568619699212140544
568633911959363586
568637070207422464
568637541513089024
568648917551697920
568654569976123392
568724832898162688
568752061682208768
568764059732058112
568768864793681921
568780030538420225
568787660266823680
568819406207356928
568823143789416449
568826215089475584
568826499597524992
568840215089041409
568847512372514816
568850600261226496
568863304975839233
568869609622904832
568884848632279041
568889146179072000
568903193930764288
568905470502670336
568930588868141056
568948170060746752
568949545972961280
568951922734055424
568989687353729024
568995213529759745
569007890029129728
569017631602139137
569021768788090881
569024126641311744
569072664997801984
569114030268424192
569115097198690305
569138500626292736
569161748286083073
569168884798005248
569189652080533504
569191875271372801
569196231546830848
569197921150902272
569206566035042305
569209084144005120
569211350985134081
569218838190907393
569220243123544065
569221828025167872
569225489329598464
569225573773369344
569225585181880320
569228870177591298
569232748663214080
569234264153174017
569248000456970240
569253414971899905
569270187725160449
569273409252827137
569273733334077440
569274088289660928
569277512892551168
569277733416513536
569280157678071808
569286897404669953
569288268530917376
569292068981510144
569292859909672960
569294326259253248
569296585697464320
569301951478935553
569305409925873664
569307047285690369
569310202174025729
569316342769291264
569323082701275138
569327066887401473
569330683623186433
569330919020093442
569331021163814912
569333637382053889
569338605057015808
569342220534288384
569343738331275264
569351147930169344
569355332113309696
569358956549681152
569360552272769024
569363188120207360
569368523178270721
569368532242145280
569369331173363712
569373336922230784
569384007550394369
569392471966388224
569392880911036416
569393942296432640
569394918675783681
569404245142855680
569416236171456513
569453233044885504
569463954155700224
569480220203474944
569485297639149568
569489114707431424
569491456173477889
569491817600655360
569496169652428800
569499434633048065
569504786879528962
569510774957170690
569513811285311488
569521081125629953
569524026294571008
569528351364292608
569528523418775552
569531969110974464
569532793530785792
569540460810620928
569542699222573056
569546319666110464
569549401364029440
569551863260913664
569552552297041920
569565598772043776
569566514132717568
569567028136296450
569579153604743171
569581400850096128
569587663692554242
569589959088173056
569596034059358208
569598155999674368
569598671420919808
569602861467885568
569604286369431552
569604904689340416
569606901325017090
569608307184242688
569609621834301440
569613601918492672
569615004489494528
569615736387325952
569616699604934656
569617083194933248
569618317440208896
569620017840398337
569621173811736576
569623606684209154
569623852403306496
569624021605740545
569626613664653312
569627374674964480
569628591475924994
569630106940895233
569632379326869504
569632550873915392
569633166031511552
569633545737490433
569635479383085056
569639780276953088
569641841454239744
569651459152859137
569651579307069440
569657725304610816
569658769686339584
569660864653099009
569666926294798338
569667082499035137
569671981852798976
569673939183493120
569681019185573889
569682192332234752
569683456990580736
569684433218875392
569684626949718017
569685606202093570
569686624721707009
569687606901940226
569688201222160385
569691680661762049
569692610543005697
569693042040418304
569695998894673920
569697267856187392
569700277244141568
569700635152494592
569710876682366977
569713111537717248
569714651489050624
569716270184173568
569717188468334593
569724245963444224
569733882007801857
569734821091487744
569734991862607872
569735732060753921
569741306190172161
569742876793372672
569743079491547137
569747702981853185
569750540302680064
569751515461603328
569753797704024065
569758821310017536
569759558777892864
569760118591467520
569792794711220224
569805521638662144
567634106058821632
567686758708817921
567692251954827265
567704339448209409
567721806040031232
567726186038837248
567727292739092480
567727883993358336
567731546661326848
567732284959113216
567737962541375490
567738375755415552
567739149818413056
567759874403344384
567761790357209088
567763529277923329
567767439493300224
567774320170119168
567777625344593920
567780624531222528
567781477761314816
567781675514343424
567784912011689984
567787873778278400
567788514952368129
567789749013086208
567797955202416641
567804951288901634
567813060027772928
567818690096541696
567820647465803776
567821292797186048
567822377473728513
567823707160354816
567841818357964800
567841954484068353
567842647739654144
567843014300692480
567845500205936640
567856598762156032
567858076285452288
567864832235405313
567865703765798912
567871783107452930
567875130824658946
567875729045590017
567882458357714944
567883722948763648
567900433542488064
567905220828606466
567916726668644352
567918173992910848
567919283419742210
567969619849265153
568002085888897025
568018287302447104
568022411783888896
568031706944540672
568055279839023105
568066161922977792
568069363280035840
568082656413552640
568083224146149376
568083251866152960
568098115988918273
568126621611372545
568127152450871296
568127477555441664
568128069845848064
568129909408841728
568138663864852481
568144896852299776
568145983931969536
568154816414789632
568169732895051777
568173388663013377
568194265022648320
568196466503770112
568211517398786048
568231529823891456
568256563829293056
568258075431477248
568260044896243712
568287936820572160
568288672627318784
568332024802447361
568375354982842368
568411504497856512
568413096940666881
568420497563598848
568432677789011968
568438257454682112
568440431454736384
568444029257584640
568446906524950528
568457761366781952
568468724048646145
568474442210283520
568478881063276545
568484677868265473
568502210268692480
568506804096917504
568515696197439489
568526349565972480
568535405361913857
568536634058084352
568558728263254017
568562718854111233
568568197147799552
568572666178883584
568574014505029632
568582374549807104
568586882600161280
568591059602829314
568592809344819200
568594646168948736
568606485716078592
568611024837849088
568616034384498688
568619699212140544
568633911959363586
568637070207422464
568637541513089024
568648917551697920
568654569976123392
568724832898162688
568752061682208768
568764059732058112
568768864793681921
568780030538420225
568787660266823680
568819406207356928
568823143789416449
568826215089475584
568826499597524992
568840215089041409
568847512372514816
568850600261226496
568863304975839233
568869609622904832
568884848632279041
568889146179072000
568903193930764288
568905470502670336
568930588868141056
568948170060746752
568949545972961280
568951922734055424
568989687353729024
568995213529759745
569007890029129728
569017631602139137
569021768788090881
569024126641311744
569072664997801984
569114030268424192
569115097198690305
569138500626292736
569161748286083073
569168884798005248
569189652080533504
569191875271372801
569196231546830848
569197921150902272
569206566035042305
569209084144005120
569211350985134081
569218838190907393
569220243123544065
569221828025167872
569225489329598464
569225573773369344
569225585181880320
569228870177591298
569232748663214080
569234264153174017
569248000456970240
569253414971899905
569270187725160449
569273409252827137
569273733334077440
569274088289660928
569277512892551168
569277733416513536
569280157678071808
569286897404669953
569288268530917376
569292068981510144
569292859909672960
569294326259253248
569296585697464320
569301951478935553
569305409925873664
569307047285690369
569310202174025729
569316342769291264
569323082701275138
569327066887401473
569330683623186433
569330919020093442
569331021163814912
569333637382053889
569338605057015808
569342220534288384
569343738331275264
569351147930169344
569355332113309696
569358956549681152
569360552272769024
569363188120207360
569368523178270721
569368532242145280
569369331173363712
569373336922230784
569384007550394369
569392471966388224
569392880911036416
569393942296432640
569394918675783681
569404245142855680
569416236171456513
569453233044885504
569463954155700224
569480220203474944
569485297639149568
569489114707431424
569491456173477889
569491817600655360
569496169652428800
569499434633048065
569504786879528962
569510774957170690
569513811285311488
569521081125629953
569524026294571008
569528351364292608
569528523418775552
569531969110974464
569532793530785792
569540460810620928
569542699222573056
569546319666110464
569549401364029440
569551863260913664
569552552297041920
569565598772043776
569566514132717568
569567028136296450
569579153604743171
569581400850096128
569587663692554242
569589959088173056
569596034059358208
569598155999674368
569598671420919808
569602861467885568
569604286369431552
569604904689340416
569606901325017090
569608307184242688
569609621834301440
569613601918492672
569615004489494528
569615736387325952
569616699604934656
569617083194933248
569618317440208896
569620017840398337
569621173811736576
569623606684209154
569623852403306496
569624021605740545
569626613664653312
569627374674964480
569628591475924994
569630106940895233
569632379326869504
569632550873915392
569633166031511552
569633545737490433
569635479383085056
569639780276953088
569641841454239744
569651459152859137
569651579307069440
569657725304610816
569658769686339584
569660864653099009
569666926294798338
569667082499035137
569671981852798976
569673939183493120
569681019185573889
569682192332234752
569683456990580736
569684433218875392
569684626949718017
569685606202093570
569686624721707009
569687606901940226
569688201222160385
569691680661762049
569692610543005697
569693042040418304
569695998894673920
569697267856187392
569700277244141568
569700635152494592
569710876682366977
569713111537717248
569714651489050624
569716270184173568
569717188468334593
569724245963444224
569733882007801857
569734821091487744
569734991862607872
569735732060753921
569741306190172161
569742876793372672
569743079491547137
569747702981853185
569750540302680064
569751515461603328
569753797704024065
569758821310017536
569759558777892864
569760118591467520
569792794711220224
569805521638662144
569821862873726976
569827255653941248
569827602589835265
569836433931808768
569839559728439296
569842929860263936
569843485911560192
567634106058821632
567686758708817921
567692251954827265
567704339448209409
567721806040031232
567726186038837248
567727292739092480
567727883993358336
567731546661326848
567732284959113216
567737962541375490
567738375755415552
567739149818413056
567759874403344384
567761790357209088
567763529277923329
567767439493300224
567774320170119168
567777625344593920
567780624531222528
567781477761314816
567781675514343424
567784912011689984
567787873778278400
567788514952368129
567789749013086208
567797955202416641
567804951288901634
567813060027772928
567818690096541696
567820647465803776
567821292797186048
567822377473728513
567823707160354816
567841818357964800
567841954484068353
567842647739654144
567843014300692480
567845500205936640
567856598762156032
567858076285452288
567864832235405313
567865703765798912
567871783107452930
567875130824658946
567875729045590017
567882458357714944
567883722948763648
567900433542488064
567905220828606466
567916726668644352
567918173992910848
567919283419742210
567969619849265153
568002085888897025
568018287302447104
568022411783888896
568031706944540672
568055279839023105
568066161922977792
568069363280035840
568082656413552640
568083224146149376
568083251866152960
568098115988918273
568126621611372545
568127152450871296
568127477555441664
568128069845848064
568129909408841728
568138663864852481
568144896852299776
568145983931969536
568154816414789632
568169732895051777
568173388663013377
568194265022648320
568196466503770112
568211517398786048
568231529823891456
568256563829293056
568258075431477248
568260044896243712
568287936820572160
568288672627318784
568332024802447361
568375354982842368
568411504497856512
568413096940666881
568420497563598848
568432677789011968
568438257454682112
568440431454736384
568444029257584640
568446906524950528
568457761366781952
568468724048646145
568474442210283520
568478881063276545
568484677868265473
568502210268692480
568506804096917504
568515696197439489
568526349565972480
568535405361913857
568536634058084352
568558728263254017
568562718854111233
568568197147799552
568572666178883584
568574014505029632
568582374549807104
568586882600161280
568591059602829314
568592809344819200
568594646168948736
568606485716078592
568611024837849088
568616034384498688
568619699212140544
568633911959363586
568637070207422464
568637541513089024
568648917551697920
568654569976123392
568724832898162688
568752061682208768
568764059732058112
568768864793681921
568780030538420225
568787660266823680
568819406207356928
568823143789416449
568826215089475584
568826499597524992
568840215089041409
568847512372514816
568850600261226496
568863304975839233
568869609622904832
568884848632279041
568889146179072000
568903193930764288
568905470502670336
568930588868141056
568948170060746752
568949545972961280
568951922734055424
568989687353729024
568995213529759745
569007890029129728
569017631602139137
569021768788090881
569024126641311744
569072664997801984
569114030268424192
569115097198690305
569138500626292736
569161748286083073
569168884798005248
569189652080533504
569191875271372801
569196231546830848
569197921150902272
569206566035042305
569209084144005120
569211350985134081
569218838190907393
569220243123544065
569221828025167872
569225489329598464
569225573773369344
569225585181880320
569228870177591298
569232748663214080
569234264153174017
569248000456970240
569253414971899905
569270187725160449
569273409252827137
569273733334077440
569274088289660928
569277512892551168
569277733416513536
569280157678071808
569286897404669953
569288268530917376
569292068981510144
569292859909672960
569294326259253248
569296585697464320
569301951478935553
569305409925873664
569307047285690369
569310202174025729
569316342769291264
569323082701275138
569327066887401473
569330683623186433
569330919020093442
569331021163814912
569333637382053889
569338605057015808
569342220534288384
569343738331275264
569351147930169344
569355332113309696
569358956549681152
569360552272769024
569363188120207360
569368523178270721
569368532242145280
569369331173363712
569373336922230784
569384007550394369
569392471966388224
569392880911036416
569393942296432640
569394918675783681
569404245142855680
569416236171456513
569453233044885504
569463954155700224
569480220203474944
569485297639149568
569489114707431424
569491456173477889
569491817600655360
569496169652428800
569499434633048065
569504786879528962
569510774957170690
569513811285311488
569521081125629953
569524026294571008
569528351364292608
569528523418775552
569531969110974464
569532793530785792
569540460810620928
569542699222573056
569546319666110464
569549401364029440
569551863260913664
569552552297041920
569565598772043776
569566514132717568
569567028136296450
569579153604743171
569581400850096128
569587663692554242
569589959088173056
569596034059358208
569598155999674368
569598671420919808
569602861467885568
569604286369431552
569604904689340416
569606901325017090
569608307184242688
569609621834301440
569613601918492672
569615004489494528
569615736387325952
569616699604934656
569617083194933248
569618317440208896
569620017840398337
569621173811736576
569623606684209154
569623852403306496
569624021605740545
569626613664653312
569627374674964480
569628591475924994
569630106940895233
569632379326869504
569632550873915392
569633166031511552
569633545737490433
569635479383085056
569639780276953088
569641841454239744
569651459152859137
569651579307069440
569657725304610816
569658769686339584
569660864653099009
569666926294798338
569667082499035137
569671981852798976
569673939183493120
569681019185573889
569682192332234752
569683456990580736
569684433218875392
569684626949718017
569685606202093570
569686624721707009
569687606901940226
569688201222160385
569691680661762049
569692610543005697
569693042040418304
569695998894673920
569697267856187392
569700277244141568
569700635152494592
569710876682366977
569713111537717248
569714651489050624
569716270184173568
569717188468334593
569724245963444224
569733882007801857
569734821091487744
569734991862607872
569735732060753921
569741306190172161
569742876793372672
569743079491547137
569747702981853185
569750540302680064
569751515461603328
569753797704024065
569758821310017536
569759558777892864
569760118591467520
569792794711220224
569805521638662144
569821862873726976
569827255653941248
569827602589835265
569836433931808768
569839559728439296
569842929860263936
569843485911560192
569844251426729984
569845862366633984
569847223829307392
569854370726064132
569855409567207424
569858231759085571
569869960195006464
569876171875328000
569879100971753472
569879818063507457
569893554753040386
569895100526039040
569895406869483520
569895932394917888
569897060717105152
569897809731854337
569902322718871552
569910996824780801
569911674158731264
569917824078090242
569919793572261888
569921267601580032
569921385100750849
569925308368883713
569926412234326016
569926460036657152
569927965007417344
569928277613256704
569928419435286528
569928540004753409
569929653730840577
569933360564342784
569933901944066048
569944281512685570
569944807830736896
569944956132990976
569944997308407808
569948398545039360
569952984257294336
569954475433201665
569959406927945728
569959876706885632
569961503308189696
569963701794516992
569964335038124033
569966422744395776
569967305859293184
569970117154484224
569970829322260481
569971070394101763
569974423903715328
569975063094501376
569976092359917568
569979612865925120
569980771424976896
569983338880114688
569984380061351936
569992543875653633
569992712117747712
569996423074160640
569998120999759872
570000777768345600
570004771496714241
570006028864999424
570006830405046272
570006917927575552
570007297927221249
570010539499393025
570010703391825920
570013289188630529
570013961808187393
570024324666564610
570024703256956929
570038962561134594
570043607954137090
570045645714620417
570048188830216192
570052723409874947
570059565947101184
570060997907447810
570070364723814402
570073507465469952
570074976428158976
570075866748694528
570083397873373184
570087435759185920
570090452809949184
570092599316389888
570095219091361792
570102866754592768
570116329694310400
570126668922294272
570128633957736448
570141242769559552
570184535507210241
570195089869447168
570197979820224512
570202097041305600
570203037823836160
570204972589002752
570219942961922048
570220267462529024
570222481618948096
570229133445242880
570237762063831040
570244762785210368
570250989305004033
570260325611630592
570261328511643648
570265133638942720
570266460003508225
570272387985514497
570275010759102466
570275314036649984
570275726483542016
570277667519332353
570288667790594048
570289521113366531
570289777184002048
570295576446808065
570304440017788929
570309345281486848
567634106058821632
567686758708817921
567692251954827265
567704339448209409
567721806040031232
567726186038837248
567727292739092480
567727883993358336
567731546661326848
567732284959113216
567737962541375490
567738375755415552
567739149818413056
567759874403344384
567761790357209088
567763529277923329
567767439493300224
567774320170119168
567777625344593920
567780624531222528
567781477761314816
567781675514343424
567784912011689984
567787873778278400
567788514952368129
567789749013086208
567797955202416641
567804951288901634
567813060027772928
567818690096541696
567820647465803776
567821292797186048
567822377473728513
567823707160354816
567841818357964800
567841954484068353
567842647739654144
567843014300692480
567845500205936640
567856598762156032
567858076285452288
567864832235405313
567865703765798912
567871783107452930
567875130824658946
567875729045590017
567882458357714944
567883722948763648
567900433542488064
567905220828606466
567916726668644352
567918173992910848
567919283419742210
567969619849265153
568002085888897025
568018287302447104
568022411783888896
568031706944540672
568055279839023105
568066161922977792
568069363280035840
568082656413552640
568083224146149376
568083251866152960
568098115988918273
568126621611372545
568127152450871296
568127477555441664
568128069845848064
568129909408841728
568138663864852481
568144896852299776
568145983931969536
568154816414789632
568169732895051777
568173388663013377
568194265022648320
568196466503770112
568211517398786048
568231529823891456
568256563829293056
568258075431477248
568260044896243712
568287936820572160
568288672627318784
568332024802447361
568375354982842368
568411504497856512
568413096940666881
568420497563598848
568432677789011968
568438257454682112
568440431454736384
568444029257584640
568446906524950528
568457761366781952
568468724048646145
568474442210283520
568478881063276545
568484677868265473
568502210268692480
568506804096917504
568515696197439489
568526349565972480
568535405361913857
568536634058084352
568558728263254017
568562718854111233
568568197147799552
568572666178883584
568574014505029632
568582374549807104
568586882600161280
568591059602829314
568592809344819200
568594646168948736
568606485716078592
568611024837849088
568616034384498688
568619699212140544
568633911959363586
568637070207422464
568637541513089024
568648917551697920
568654569976123392
568724832898162688
568752061682208768
568764059732058112
568768864793681921
568780030538420225
568787660266823680
568819406207356928
568823143789416449
568826215089475584
568826499597524992
568840215089041409
568847512372514816
568850600261226496
568863304975839233
568869609622904832
568884848632279041
568889146179072000
568903193930764288
568905470502670336
568930588868141056
568948170060746752
568949545972961280
568951922734055424
568989687353729024
568995213529759745
569007890029129728
569017631602139137
569021768788090881
569024126641311744
569072664997801984
569114030268424192
569115097198690305
569138500626292736
569161748286083073
569168884798005248
569189652080533504
569191875271372801
569196231546830848
569197921150902272
569206566035042305
569209084144005120
569211350985134081
569218838190907393
569220243123544065
569221828025167872
569225489329598464
569225573773369344
569225585181880320
569228870177591298
569232748663214080
569234264153174017
569248000456970240
569253414971899905
569270187725160449
569273409252827137
569273733334077440
569274088289660928
569277512892551168
569277733416513536
569280157678071808
569286897404669953
569288268530917376
569292068981510144
569292859909672960
569294326259253248
569296585697464320
569301951478935553
569305409925873664
569307047285690369
569310202174025729
569316342769291264
569323082701275138
569327066887401473
569330683623186433
569330919020093442
569331021163814912
569333637382053889
569338605057015808
569342220534288384
569343738331275264
569351147930169344
569355332113309696
569358956549681152
569360552272769024
569363188120207360
569368523178270721
569368532242145280
569369331173363712
569373336922230784
569384007550394369
569392471966388224
569392880911036416
569393942296432640
569394918675783681
569404245142855680
569416236171456513
569453233044885504
569463954155700224
569480220203474944
569485297639149568
569489114707431424
569491456173477889
569491817600655360
569496169652428800
569499434633048065
569504786879528962
569510774957170690
569513811285311488
569521081125629953
569524026294571008
569528351364292608
569528523418775552
569531969110974464
569532793530785792
569540460810620928
569542699222573056
569546319666110464
569549401364029440
569551863260913664
569552552297041920
569565598772043776
569566514132717568
569567028136296450
569579153604743171
569581400850096128
569587663692554242
569589959088173056
569596034059358208
569598155999674368
569598671420919808
569602861467885568
569604286369431552
569604904689340416
569606901325017090
569608307184242688
569609621834301440
569613601918492672
569615004489494528
569615736387325952
569616699604934656
569617083194933248
569618317440208896
569620017840398337
569621173811736576
569623606684209154
569623852403306496
569624021605740545
569626613664653312
569627374674964480
569628591475924994
569630106940895233
569632379326869504
569632550873915392
569633166031511552
569633545737490433
569635479383085056
569639780276953088
569641841454239744
569651459152859137
569651579307069440
569657725304610816
569658769686339584
569660864653099009
569666926294798338
569667082499035137
569671981852798976
569673939183493120
569681019185573889
569682192332234752
569683456990580736
569684433218875392
569684626949718017
569685606202093570
569686624721707009
569687606901940226
569688201222160385
569691680661762049
569692610543005697
569693042040418304
569695998894673920
569697267856187392
569700277244141568
569700635152494592
569710876682366977
569713111537717248
569714651489050624
569716270184173568
569717188468334593
569724245963444224
569733882007801857
569734821091487744
569734991862607872
569735732060753921
569741306190172161
569742876793372672
569743079491547137
569747702981853185
569750540302680064
569751515461603328
569753797704024065
569758821310017536
569759558777892864
569760118591467520
569792794711220224
569805521638662144
569821862873726976
569827255653941248
569827602589835265
569836433931808768
569839559728439296
569842929860263936
569843485911560192
569844251426729984
569845862366633984
569847223829307392
569854370726064132
569855409567207424
569858231759085571
569869960195006464
569876171875328000
569879100971753472
569879818063507457
569893554753040386
569895100526039040
569895406869483520
569895932394917888
569897060717105152
569897809731854337
569902322718871552
569910996824780801
569911674158731264
569917824078090242
569919793572261888
569921267601580032
569921385100750849
569925308368883713
569926412234326016
569926460036657152
569927965007417344
569928277613256704
569928419435286528
569928540004753409
569929653730840577
569933360564342784
569933901944066048
569944281512685570
569944807830736896
569944956132990976
569944997308407808
569948398545039360
569952984257294336
569954475433201665
569959406927945728
569959876706885632
569961503308189696
569963701794516992
569964335038124033
569966422744395776
569967305859293184
569970117154484224
569970829322260481
569971070394101763
569974423903715328
569975063094501376
569976092359917568
569979612865925120
569980771424976896
569983338880114688
569984380061351936
569992543875653633
569992712117747712
569996423074160640
569998120999759872
570000777768345600
570004771496714241
570006028864999424
570006830405046272
570006917927575552
570007297927221249
570010539499393025
570010703391825920
570013289188630529
570013961808187393
570024324666564610
570024703256956929
570038962561134594
570043607954137090
570045645714620417
570048188830216192
570052723409874947
570059565947101184
570060997907447810
570070364723814402
570073507465469952
570074976428158976
570075866748694528
570083397873373184
570087435759185920
570090452809949184
570092599316389888
570095219091361792
570102866754592768
570116329694310400
570126668922294272
570128633957736448
570141242769559552
570184535507210241
570195089869447168
570197979820224512
570202097041305600
570203037823836160
570204972589002752
570219942961922048
570220267462529024
570222481618948096
570229133445242880
570237762063831040
570244762785210368
570250989305004033
570260325611630592
570261328511643648
570265133638942720
570266460003508225
570272387985514497
570275010759102466
570275314036649984
570275726483542016
570277667519332353
570288667790594048
570289521113366531
570289777184002048
570295576446808065
570304440017788929
570309345281486848
567634106058821632
567686758708817921
567692251954827265
567704339448209409
567721806040031232
567726186038837248
567727292739092480
567727883993358336
567731546661326848
567732284959113216
567737962541375490
567738375755415552
567739149818413056
567759874403344384
567761790357209088
567763529277923329
567767439493300224
567774320170119168
567777625344593920
567780624531222528
567781477761314816
567781675514343424
567784912011689984
567787873778278400
567788514952368129
567789749013086208
567797955202416641
567804951288901634
567813060027772928
567818690096541696
567820647465803776
567821292797186048
567822377473728513
567823707160354816
567841818357964800
567841954484068353
567842647739654144
567843014300692480
567845500205936640
567856598762156032
567858076285452288
567864832235405313
567865703765798912
567871783107452930
567875130824658946
567875729045590017
567882458357714944
567883722948763648
567900433542488064
567905220828606466
567916726668644352
567918173992910848
567919283419742210
567969619849265153
568002085888897025
568018287302447104
568022411783888896
568031706944540672
568055279839023105
568066161922977792
568069363280035840
568082656413552640
568083224146149376
568083251866152960
568098115988918273
568126621611372545
568127152450871296
568127477555441664
568128069845848064
568129909408841728
568138663864852481
568144896852299776
568145983931969536
568154816414789632
568169732895051777
568173388663013377
568194265022648320
568196466503770112
568211517398786048
568231529823891456
568256563829293056
568258075431477248
568260044896243712
568287936820572160
568288672627318784
568332024802447361
568375354982842368
568411504497856512
568413096940666881
568420497563598848
568432677789011968
568438257454682112
568440431454736384
568444029257584640
568446906524950528
568457761366781952
568468724048646145
568474442210283520
568478881063276545
568484677868265473
568502210268692480
568506804096917504
568515696197439489
568526349565972480
568535405361913857
568536634058084352
568558728263254017
568562718854111233
568568197147799552
568572666178883584
568574014505029632
568582374549807104
568586882600161280
568591059602829314
568592809344819200
568594646168948736
568606485716078592
568611024837849088
568616034384498688
568619699212140544
568633911959363586
568637070207422464
568637541513089024
568648917551697920
568654569976123392
568724832898162688
568752061682208768
568764059732058112
568768864793681921
568780030538420225
568787660266823680
568819406207356928
568823143789416449
568826215089475584
568826499597524992
568840215089041409
568847512372514816
568850600261226496
568863304975839233
568869609622904832
568884848632279041
568889146179072000
568903193930764288
568905470502670336
568930588868141056
568948170060746752
568949545972961280
568951922734055424
568989687353729024
568995213529759745
569007890029129728
569017631602139137
569021768788090881
569024126641311744
569072664997801984
569114030268424192
569115097198690305
569138500626292736
569161748286083073
569168884798005248
569189652080533504
569191875271372801
569196231546830848
569197921150902272
569206566035042305
569209084144005120
569211350985134081
569218838190907393
569220243123544065
569221828025167872
569225489329598464
569225573773369344
569225585181880320
569228870177591298
569232748663214080
569234264153174017
569248000456970240
569253414971899905
569270187725160449
569273409252827137
569273733334077440
569274088289660928
569277512892551168
569277733416513536
569280157678071808
569286897404669953
569288268530917376
569292068981510144
569292859909672960
569294326259253248
569296585697464320
569301951478935553
569305409925873664
569307047285690369
569310202174025729
569316342769291264
569323082701275138
569327066887401473
569330683623186433
569330919020093442
569331021163814912
569333637382053889
569338605057015808
569342220534288384
569343738331275264
569351147930169344
569355332113309696
569358956549681152
569360552272769024
569363188120207360
569368523178270721
569368532242145280
569369331173363712
569373336922230784
569384007550394369
569392471966388224
569392880911036416
569393942296432640
569394918675783681
569404245142855680
569416236171456513
569453233044885504
569463954155700224
569480220203474944
569485297639149568
569489114707431424
569491456173477889
569491817600655360
569496169652428800
569499434633048065
569504786879528962
569510774957170690
569513811285311488
569521081125629953
569524026294571008
569528351364292608
569528523418775552
569531969110974464
569532793530785792
569540460810620928
569542699222573056
569546319666110464
569549401364029440
569551863260913664
569552552297041920
569565598772043776
569566514132717568
569567028136296450
569579153604743171
569581400850096128
569587663692554242
569589959088173056
569596034059358208
569598155999674368
569598671420919808
569602861467885568
569604286369431552
569604904689340416
569606901325017090
569608307184242688
569609621834301440
569613601918492672
569615004489494528
569615736387325952
569616699604934656
569617083194933248
569618317440208896
569620017840398337
569621173811736576
569623606684209154
569623852403306496
569624021605740545
569626613664653312
569627374674964480
569628591475924994
569630106940895233
569632379326869504
569632550873915392
569633166031511552
569633545737490433
569635479383085056
569639780276953088
569641841454239744
569651459152859137
569651579307069440
569657725304610816
569658769686339584
569660864653099009
569666926294798338
569667082499035137
569671981852798976
569673939183493120
569681019185573889
569682192332234752
569683456990580736
569684433218875392
569684626949718017
569685606202093570
569686624721707009
569687606901940226
569688201222160385
569691680661762049
569692610543005697
569693042040418304
569695998894673920
569697267856187392
569700277244141568
569700635152494592
569710876682366977
569713111537717248
569714651489050624
569716270184173568
569717188468334593
569724245963444224
569733882007801857
569734821091487744
569734991862607872
569735732060753921
569741306190172161
569742876793372672
569743079491547137
569747702981853185
569750540302680064
569751515461603328
569753797704024065
569758821310017536
569759558777892864
569760118591467520
569792794711220224
569805521638662144
569821862873726976
569827255653941248
569827602589835265
569836433931808768
569839559728439296
569842929860263936
569843485911560192
569844251426729984
569845862366633984
569847223829307392
569854370726064132
569855409567207424
569858231759085571
569869960195006464
569876171875328000
569879100971753472
569879818063507457
569893554753040386
569895100526039040
569895406869483520
569895932394917888
569897060717105152
569897809731854337
569902322718871552
569910996824780801
569911674158731264
569917824078090242
569919793572261888
569921267601580032
569921385100750849
569925308368883713
569926412234326016
569926460036657152
569927965007417344
569928277613256704
569928419435286528
569928540004753409
569929653730840577
569933360564342784
569933901944066048
569944281512685570
569944807830736896
569944956132990976
569944997308407808
569948398545039360
569952984257294336
569954475433201665
569959406927945728
569959876706885632
569961503308189696
569963701794516992
569964335038124033
569966422744395776
569967305859293184
569970117154484224
569970829322260481
569971070394101763
569974423903715328
569975063094501376
569976092359917568
569979612865925120
569980771424976896
569983338880114688
569984380061351936
569992543875653633
569992712117747712
569996423074160640
569998120999759872
570000777768345600
570004771496714241
570006028864999424
570006830405046272
570006917927575552
570007297927221249
570010539499393025
570010703391825920
570013289188630529
570013961808187393
570024324666564610
570024703256956929
570038962561134594
570043607954137090
570045645714620417
570048188830216192
570052723409874947
570059565947101184
570060997907447810
570070364723814402
570073507465469952
570074976428158976
570075866748694528
570083397873373184
570087435759185920
570090452809949184
570092599316389888
570095219091361792
570102866754592768
570116329694310400
570126668922294272
570128633957736448
570141242769559552
570184535507210241
570195089869447168
570197979820224512
570202097041305600
570203037823836160
570204972589002752
570219942961922048
570220267462529024
570222481618948096
570229133445242880
570237762063831040
570244762785210368
570250989305004033
570260325611630592
570261328511643648
570265133638942720
570266460003508225
570272387985514497
570275010759102466
570275314036649984
570275726483542016
570277667519332353
570288667790594048
570289521113366531
570289777184002048
570295576446808065
570304440017788929
570309345281486848
567634106058821632
567686758708817921
567692251954827265
567704339448209409
567721806040031232
567726186038837248
567727292739092480
567727883993358336
567731546661326848
567732284959113216
567737962541375490
567738375755415552
567739149818413056
567759874403344384
567761790357209088
567763529277923329
567767439493300224
567774320170119168
567777625344593920
567780624531222528
567781477761314816
567781675514343424
567784912011689984
567787873778278400
567788514952368129
567789749013086208
567797955202416641
567804951288901634
567813060027772928
567818690096541696
567820647465803776
567821292797186048
567822377473728513
567823707160354816
567841818357964800
567841954484068353
567842647739654144
567843014300692480
567845500205936640
567856598762156032
567858076285452288
567864832235405313
567865703765798912
567871783107452930
567875130824658946
567875729045590017
567882458357714944
567883722948763648
567900433542488064
567905220828606466
567916726668644352
567918173992910848
567919283419742210
567969619849265153
568002085888897025
568018287302447104
568022411783888896
568031706944540672
568055279839023105
568066161922977792
568069363280035840
568082656413552640
568083224146149376
568083251866152960
568098115988918273
568126621611372545
568127152450871296
568127477555441664
568128069845848064
568129909408841728
568138663864852481
568144896852299776
568145983931969536
568154816414789632
568169732895051777
568173388663013377
568194265022648320
568196466503770112
568211517398786048
568231529823891456
568256563829293056
568258075431477248
568260044896243712
568287936820572160
568288672627318784
568332024802447361
568375354982842368
568411504497856512
568413096940666881
568420497563598848
568432677789011968
568438257454682112
568440431454736384
568444029257584640
568446906524950528
568457761366781952
568468724048646145
568474442210283520
568478881063276545
568484677868265473
568502210268692480
568506804096917504
568515696197439489
568526349565972480
568535405361913857
568536634058084352
568558728263254017
568562718854111233
568568197147799552
568572666178883584
568574014505029632
568582374549807104
568586882600161280
568591059602829314
568592809344819200
568594646168948736
568606485716078592
568611024837849088
568616034384498688
568619699212140544
568633911959363586
568637070207422464
568637541513089024
568648917551697920
568654569976123392
568724832898162688
568752061682208768
568764059732058112
568768864793681921
568780030538420225
568787660266823680
568819406207356928
568823143789416449
568826215089475584
568826499597524992
568840215089041409
568847512372514816
568850600261226496
568863304975839233
568869609622904832
568884848632279041
568889146179072000
568903193930764288
568905470502670336
568930588868141056
568948170060746752
568949545972961280
568951922734055424
568989687353729024
568995213529759745
569007890029129728
569017631602139137
569021768788090881
569024126641311744
569072664997801984
569114030268424192
569115097198690305
569138500626292736
569161748286083073
569168884798005248
569189652080533504
569191875271372801
569196231546830848
569197921150902272
569206566035042305
569209084144005120
569211350985134081
569218838190907393
569220243123544065
569221828025167872
569225489329598464
569225573773369344
569225585181880320
569228870177591298
569232748663214080
569234264153174017
569248000456970240
569253414971899905
569270187725160449
569273409252827137
569273733334077440
569274088289660928
569277512892551168
569277733416513536
569280157678071808
569286897404669953
569288268530917376
569292068981510144
569292859909672960
569294326259253248
569296585697464320
569301951478935553
569305409925873664
569307047285690369
569310202174025729
569316342769291264
569323082701275138
569327066887401473
569330683623186433
569330919020093442
569331021163814912
569333637382053889
569338605057015808
569342220534288384
569343738331275264
569351147930169344
569355332113309696
569358956549681152
569360552272769024
569363188120207360
569368523178270721
569368532242145280
569369331173363712
569373336922230784
569384007550394369
569392471966388224
569392880911036416
569393942296432640
569394918675783681
569404245142855680
569416236171456513
569453233044885504
569463954155700224
569480220203474944
569485297639149568
569489114707431424
569491456173477889
569491817600655360
569496169652428800
569499434633048065
569504786879528962
569510774957170690
569513811285311488
569521081125629953
569524026294571008
569528351364292608
569528523418775552
569531969110974464
569532793530785792
569540460810620928
569542699222573056
569546319666110464
569549401364029440
569551863260913664
569552552297041920
569565598772043776
569566514132717568
569567028136296450
569579153604743171
569581400850096128
569587663692554242
569589959088173056
569596034059358208
569598155999674368
569598671420919808
569602861467885568
569604286369431552
569604904689340416
569606901325017090
569608307184242688
569609621834301440
569613601918492672
569615004489494528
569615736387325952
569616699604934656
569617083194933248
569618317440208896
569620017840398337
569621173811736576
569623606684209154
569623852403306496
569624021605740545
569626613664653312
569627374674964480
569628591475924994
569630106940895233
569632379326869504
569632550873915392
569633166031511552
569633545737490433
569635479383085056
569639780276953088
569641841454239744
569651459152859137
569651579307069440
569657725304610816
569658769686339584
569660864653099009
569666926294798338
569667082499035137
569671981852798976
569673939183493120
569681019185573889
569682192332234752
569683456990580736
569684433218875392
569684626949718017
569685606202093570
569686624721707009
569687606901940226
569688201222160385
569691680661762049
569692610543005697
569693042040418304
569695998894673920
569697267856187392
569700277244141568
569700635152494592
569710876682366977
569713111537717248
569714651489050624
569716270184173568
569717188468334593
569724245963444224
569733882007801857
569734821091487744
569734991862607872
569735732060753921
569741306190172161
569742876793372672
569743079491547137
569747702981853185
569750540302680064
569751515461603328
569753797704024065
569758821310017536
569759558777892864
569760118591467520
569792794711220224
569805521638662144
569821862873726976
569827255653941248
569827602589835265
569836433931808768
569839559728439296
569842929860263936
569843485911560192
569844251426729984
569845862366633984
569847223829307392
569854370726064132
569855409567207424
569858231759085571
569869960195006464
569876171875328000
569879100971753472
569879818063507457
569893554753040386
569895100526039040
569895406869483520
569895932394917888
569897060717105152
569897809731854337
569902322718871552
569910996824780801
569911674158731264
569917824078090242
569919793572261888
569921267601580032
569921385100750849
569925308368883713
569926412234326016
569926460036657152
569927965007417344
569928277613256704
569928419435286528
569928540004753409
569929653730840577
569933360564342784
569933901944066048
569944281512685570
569944807830736896
569944956132990976
569944997308407808
569948398545039360
569952984257294336
569954475433201665
569959406927945728
569959876706885632
569961503308189696
569963701794516992
569964335038124033
569966422744395776
569967305859293184
569970117154484224
569970829322260481
569971070394101763
569974423903715328
569975063094501376
569976092359917568
569979612865925120
569980771424976896
569983338880114688
569984380061351936
569992543875653633
569992712117747712
569996423074160640
569998120999759872
570000777768345600
570004771496714241
570006028864999424
570006830405046272
570006917927575552
570007297927221249
570010539499393025
570010703391825920
570013289188630529
570013961808187393
570024324666564610
570024703256956929
570038962561134594
570043607954137090
570045645714620417
570048188830216192
570052723409874947
570059565947101184
570060997907447810
570070364723814402
570073507465469952
570074976428158976
570075866748694528
570083397873373184
570087435759185920
570090452809949184
570092599316389888
570095219091361792
570102866754592768
570116329694310400
570126668922294272
570128633957736448
570141242769559552
570184535507210241
570195089869447168
570197979820224512
570202097041305600
570203037823836160
570204972589002752
570219942961922048
570220267462529024
570222481618948096
570229133445242880
570237762063831040
570244762785210368
570250989305004033
570260325611630592
570261328511643648
570265133638942720
570266460003508225
570272387985514497
570275010759102466
570275314036649984
570275726483542016
570277667519332353
570288667790594048
570289521113366531
570289777184002048
570295576446808065
570304440017788929
570309345281486848
567634106058821632
567686758708817921
567692251954827265
567704339448209409
567721806040031232
567726186038837248
567727292739092480
567727883993358336
567731546661326848
567732284959113216
567737962541375490
567738375755415552
567739149818413056
567759874403344384
567761790357209088
567763529277923329
567767439493300224
567774320170119168
567777625344593920
567780624531222528
567781477761314816
567781675514343424
567784912011689984
567787873778278400
567788514952368129
567789749013086208
567797955202416641
567804951288901634
567813060027772928
567818690096541696
567820647465803776
567821292797186048
567822377473728513
567823707160354816
567841818357964800
567841954484068353
567842647739654144
567843014300692480
567845500205936640
567856598762156032
567858076285452288
567864832235405313
567865703765798912
567871783107452930
567875130824658946
567875729045590017
567882458357714944
567883722948763648
567900433542488064
567905220828606466
567916726668644352
567918173992910848
567919283419742210
567969619849265153
568002085888897025
568018287302447104
568022411783888896
568031706944540672
568055279839023105
568066161922977792
568069363280035840
568082656413552640
568083224146149376
568083251866152960
568098115988918273
568126621611372545
568127152450871296
568127477555441664
568128069845848064
568129909408841728
568138663864852481
568144896852299776
568145983931969536
568154816414789632
568169732895051777
568173388663013377
568194265022648320
568196466503770112
568211517398786048
568231529823891456
568256563829293056
568258075431477248
568260044896243712
568287936820572160
568288672627318784
568332024802447361
568375354982842368
568411504497856512
568413096940666881
568420497563598848
568432677789011968
568438257454682112
568440431454736384
568444029257584640
568446906524950528
568457761366781952
568468724048646145
568474442210283520
568478881063276545
568484677868265473
568502210268692480
568506804096917504
568515696197439489
568526349565972480
568535405361913857
568536634058084352
568558728263254017
568562718854111233
568568197147799552
568572666178883584
568574014505029632
568582374549807104
568586882600161280
568591059602829314
568592809344819200
568594646168948736
568606485716078592
568611024837849088
568616034384498688
568619699212140544
568633911959363586
568637070207422464
568637541513089024
568648917551697920
568654569976123392
568724832898162688
568752061682208768
568764059732058112
568768864793681921
568780030538420225
568787660266823680
568819406207356928
568823143789416449
568826215089475584
568826499597524992
568840215089041409
568847512372514816
568850600261226496
568863304975839233
568869609622904832
568884848632279041
568889146179072000
568903193930764288
568905470502670336
568930588868141056
568948170060746752
568949545972961280
568951922734055424
568989687353729024
568995213529759745
569007890029129728
569017631602139137
569021768788090881
569024126641311744
569072664997801984
569114030268424192
569115097198690305
569138500626292736
569161748286083073
569168884798005248
569189652080533504
569191875271372801
569196231546830848
569197921150902272
569206566035042305
569209084144005120
569211350985134081
569218838190907393
569220243123544065
569221828025167872
569225489329598464
569225573773369344
569225585181880320
569228870177591298
569232748663214080
569234264153174017
569248000456970240
569253414971899905
569270187725160449
569273409252827137
569273733334077440
569274088289660928
569277512892551168
569277733416513536
569280157678071808
569286897404669953
569288268530917376
569292068981510144
569292859909672960
569294326259253248
569296585697464320
569301951478935553
569305409925873664
569307047285690369
569310202174025729
569316342769291264
569323082701275138
569327066887401473
569330683623186433
569330919020093442
569331021163814912
569333637382053889
569338605057015808
569342220534288384
569343738331275264
569351147930169344
569355332113309696
569358956549681152
569360552272769024
569363188120207360
569368523178270721
569368532242145280
569369331173363712
569373336922230784
569384007550394369
569392471966388224
569392880911036416
569393942296432640
569394918675783681
569404245142855680
569416236171456513
569453233044885504
569463954155700224
569480220203474944
569485297639149568
569489114707431424
569491456173477889
569491817600655360
569496169652428800
569499434633048065
569504786879528962
569510774957170690
569513811285311488
569521081125629953
569524026294571008
569528351364292608
569528523418775552
569531969110974464
569532793530785792
569540460810620928
569542699222573056
569546319666110464
569549401364029440
569551863260913664
569552552297041920
569565598772043776
569566514132717568
569567028136296450
569579153604743171
569581400850096128
569587663692554242
569589959088173056
569596034059358208
569598155999674368
569598671420919808
569602861467885568
569604286369431552
569604904689340416
569606901325017090
569608307184242688
569609621834301440
569613601918492672
569615004489494528
569615736387325952
569616699604934656
569617083194933248
569618317440208896
569620017840398337
569621173811736576
569623606684209154
569623852403306496
569624021605740545
569626613664653312
569627374674964480
569628591475924994
569630106940895233
569632379326869504
569632550873915392
569633166031511552
569633545737490433
569635479383085056
569639780276953088
569641841454239744
569651459152859137
569651579307069440
569657725304610816
569658769686339584
569660864653099009
569666926294798338
569667082499035137
569671981852798976
569673939183493120
569681019185573889
569682192332234752
569683456990580736
569684433218875392
569684626949718017
569685606202093570
569686624721707009
569687606901940226
569688201222160385
569691680661762049
569692610543005697
569693042040418304
569695998894673920
569697267856187392
569700277244141568
569700635152494592
569710876682366977
569713111537717248
569714651489050624
569716270184173568
569717188468334593
569724245963444224
569733882007801857
569734821091487744
569734991862607872
569735732060753921
569741306190172161
569742876793372672
569743079491547137
569747702981853185
569750540302680064
569751515461603328
569753797704024065
569758821310017536
569759558777892864
569760118591467520
569792794711220224
569805521638662144
569821862873726976
569827255653941248
569827602589835265
569836433931808768
569839559728439296
569842929860263936
569843485911560192
569844251426729984
569845862366633984
569847223829307392
569854370726064132
569855409567207424
569858231759085571
569869960195006464
569876171875328000
569879100971753472
569879818063507457
569893554753040386
569895100526039040
569895406869483520
569895932394917888
569897060717105152
569897809731854337
569902322718871552
569910996824780801
569911674158731264
569917824078090242
569919793572261888
569921267601580032
569921385100750849
569925308368883713
569926412234326016
569926460036657152
569927965007417344
569928277613256704
569928419435286528
569928540004753409
569929653730840577
569933360564342784
569933901944066048
569944281512685570
569944807830736896
569944956132990976
569944997308407808
569948398545039360
569952984257294336
569954475433201665
569959406927945728
569959876706885632
569961503308189696
569963701794516992
569964335038124033
569966422744395776
569967305859293184
569970117154484224
569970829322260481
569971070394101763
569974423903715328
569975063094501376
569976092359917568
569979612865925120
569980771424976896
569983338880114688
569984380061351936
569992543875653633
569992712117747712
569996423074160640
569998120999759872
570000777768345600
570004771496714241
570006028864999424
570006830405046272
570006917927575552
570007297927221249
570010539499393025
570010703391825920
570013289188630529
570013961808187393
570024324666564610
570024703256956929
570038962561134594
570043607954137090
570045645714620417
570048188830216192
570052723409874947
570059565947101184
570060997907447810
570070364723814402
570073507465469952
570074976428158976
570075866748694528
570083397873373184
570087435759185920
570090452809949184
570092599316389888
570095219091361792
570102866754592768
570116329694310400
570126668922294272
570128633957736448
570141242769559552
570184535507210241
570195089869447168
570197979820224512
570202097041305600
570203037823836160
570204972589002752
570219942961922048
570220267462529024
570222481618948096
570229133445242880
570237762063831040
570244762785210368
570250989305004033
570260325611630592
570261328511643648
570265133638942720
570266460003508225
570272387985514497
570275010759102466
570275314036649984
570275726483542016
570277667519332353
570288667790594048
570289521113366531
570289777184002048
570295576446808065
570304440017788929
570309345281486848
567634106058821632
567686758708817921
567692251954827265
567704339448209409
567721806040031232
567726186038837248
567727292739092480
567727883993358336
567731546661326848
567732284959113216
567737962541375490
567738375755415552
567739149818413056
567759874403344384
567761790357209088
567763529277923329
567767439493300224
567774320170119168
567777625344593920
567780624531222528
567781477761314816
567781675514343424
567784912011689984
567787873778278400
567788514952368129
567789749013086208
567797955202416641
567804951288901634
567813060027772928
567818690096541696
567820647465803776
567821292797186048
567822377473728513
567823707160354816
567841818357964800
567841954484068353
567842647739654144
567843014300692480
567845500205936640
567856598762156032
567858076285452288
567864832235405313
567865703765798912
567871783107452930
567875130824658946
567875729045590017
567882458357714944
567883722948763648
567900433542488064
567905220828606466
567916726668644352
567918173992910848
567919283419742210
567969619849265153
568002085888897025
568018287302447104
568022411783888896
568031706944540672
568055279839023105
568066161922977792
568069363280035840
568082656413552640
568083224146149376
568083251866152960
568098115988918273
568126621611372545
568127152450871296
568127477555441664
568128069845848064
568129909408841728
568138663864852481
568144896852299776
568145983931969536
568154816414789632
568169732895051777
568173388663013377
568194265022648320
568196466503770112
568211517398786048
568231529823891456
568256563829293056
568258075431477248
568260044896243712
568287936820572160
568288672627318784
568332024802447361
568375354982842368
568411504497856512
568413096940666881
568420497563598848
568432677789011968
568438257454682112
568440431454736384
568444029257584640
568446906524950528
568457761366781952
568468724048646145
568474442210283520
568478881063276545
568484677868265473
568502210268692480
568506804096917504
568515696197439489
568526349565972480
568535405361913857
568536634058084352
568558728263254017
568562718854111233
568568197147799552
568572666178883584
568574014505029632
568582374549807104
568586882600161280
568591059602829314
568592809344819200
568594646168948736
568606485716078592
568611024837849088
568616034384498688
568619699212140544
568633911959363586
568637070207422464
568637541513089024
568648917551697920
568654569976123392
568724832898162688
568752061682208768
568764059732058112
568768864793681921
568780030538420225
568787660266823680
568819406207356928
568823143789416449
568826215089475584
568826499597524992
568840215089041409
568847512372514816
568850600261226496
568863304975839233
568869609622904832
568884848632279041
568889146179072000
568903193930764288
568905470502670336
568930588868141056
568948170060746752
568949545972961280
568951922734055424
568989687353729024
568995213529759745
569007890029129728
569017631602139137
569021768788090881
569024126641311744
569072664997801984
569114030268424192
569115097198690305
569138500626292736
569161748286083073
569168884798005248
569189652080533504
569191875271372801
569196231546830848
569197921150902272
569206566035042305
569209084144005120
569211350985134081
569218838190907393
569220243123544065
569221828025167872
569225489329598464
569225573773369344
569225585181880320
569228870177591298
569232748663214080
569234264153174017
569248000456970240
569253414971899905
569270187725160449
569273409252827137
569273733334077440
569274088289660928
569277512892551168
569277733416513536
569280157678071808
569286897404669953
569288268530917376
569292068981510144
569292859909672960
569294326259253248
569296585697464320
569301951478935553
569305409925873664
569307047285690369
569310202174025729
569316342769291264
569323082701275138
569327066887401473
569330683623186433
569330919020093442
569331021163814912
569333637382053889
569338605057015808
569342220534288384
569343738331275264
569351147930169344
569355332113309696
569358956549681152
569360552272769024
569363188120207360
569368523178270721
569368532242145280
569369331173363712
569373336922230784
569384007550394369
569392471966388224
569392880911036416
569393942296432640
569394918675783681
569404245142855680
569416236171456513
569453233044885504
569463954155700224
569480220203474944
569485297639149568
569489114707431424
569491456173477889
569491817600655360
569496169652428800
569499434633048065
569504786879528962
569510774957170690
569513811285311488
569521081125629953
569524026294571008
569528351364292608
569528523418775552
569531969110974464
569532793530785792
569540460810620928
569542699222573056
569546319666110464
569549401364029440
569551863260913664
569552552297041920
569565598772043776
569566514132717568
569567028136296450
569579153604743171
569581400850096128
569587663692554242
569589959088173056
569596034059358208
569598155999674368
569598671420919808
569602861467885568
569604286369431552
569604904689340416
569606901325017090
569608307184242688
569609621834301440
569613601918492672
569615004489494528
569615736387325952
569616699604934656
569617083194933248
569618317440208896
569620017840398337
569621173811736576
569623606684209154
569623852403306496
569624021605740545
569626613664653312
569627374674964480
569628591475924994
569630106940895233
569632379326869504
569632550873915392
569633166031511552
569633545737490433
569635479383085056
569639780276953088
569641841454239744
569651459152859137
569651579307069440
569657725304610816
569658769686339584
569660864653099009
569666926294798338
569667082499035137
569671981852798976
569673939183493120
569681019185573889
569682192332234752
569683456990580736
569684433218875392
569684626949718017
569685606202093570
569686624721707009
569687606901940226
569688201222160385
569691680661762049
569692610543005697
569693042040418304
569695998894673920
569697267856187392
569700277244141568
569700635152494592
569710876682366977
569713111537717248
569714651489050624
569716270184173568
569717188468334593
569724245963444224
569733882007801857
569734821091487744
569734991862607872
569735732060753921
569741306190172161
569742876793372672
569743079491547137
569747702981853185
569750540302680064
569751515461603328
569753797704024065
569758821310017536
569759558777892864
569760118591467520
569792794711220224
569805521638662144
569821862873726976
569827255653941248
569827602589835265
569836433931808768
569839559728439296
569842929860263936
569843485911560192
569844251426729984
569845862366633984
569847223829307392
569854370726064132
569855409567207424
569858231759085571
569869960195006464
569876171875328000
569879100971753472
569879818063507457
569893554753040386
569895100526039040
569895406869483520
569895932394917888
569897060717105152
569897809731854337
569902322718871552
569910996824780801
569911674158731264
569917824078090242
569919793572261888
569921267601580032
569921385100750849
569925308368883713
569926412234326016
569926460036657152
569927965007417344
569928277613256704
569928419435286528
569928540004753409
569929653730840577
569933360564342784
569933901944066048
569944281512685570
569944807830736896
569944956132990976
569944997308407808
569948398545039360
569952984257294336
569954475433201665
569959406927945728
569959876706885632
569961503308189696
569963701794516992
569964335038124033
569966422744395776
569967305859293184
569970117154484224
569970829322260481
569971070394101763
569974423903715328
569975063094501376
569976092359917568
569979612865925120
569980771424976896
569983338880114688
569984380061351936
569992543875653633
569992712117747712
569996423074160640
569998120999759872
570000777768345600
570004771496714241
570006028864999424
570006830405046272
570006917927575552
570007297927221249
570010539499393025
570010703391825920
570013289188630529
570013961808187393
570024324666564610
570024703256956929
570038962561134594
570043607954137090
570045645714620417
570048188830216192
570052723409874947
570059565947101184
570060997907447810
570070364723814402
570073507465469952
570074976428158976
570075866748694528
570083397873373184
570087435759185920
570090452809949184
570092599316389888
570095219091361792
570102866754592768
570116329694310400
570126668922294272
570128633957736448
570141242769559552
570184535507210241
570195089869447168
570197979820224512
570202097041305600
570203037823836160
570204972589002752
570219942961922048
570220267462529024
570222481618948096
570229133445242880
570237762063831040
570244762785210368
570250989305004033
570260325611630592
570261328511643648
570265133638942720
570266460003508225
570272387985514497
570275010759102466
570275314036649984
570275726483542016
570277667519332353
570288667790594048
570289521113366531
570289777184002048
570295576446808065
570304440017788929
570309345281486848
