568045665185452032
568258333649604608
568266890499346432
568466673990307840
568515553666539520
568606485716078592
568612911222026241
568795018816675841
569019132978405376
569379997175177216
569538703732772864
569550676784578562
569683558081687552
569683567552262145
569716670689902592
569719741906075648
569738877969129472
569747706047934464
568045665185452032
568258333649604608
568266890499346432
568466673990307840
568515553666539520
568606485716078592
568612911222026241
568795018816675841
569019132978405376
569379997175177216
569538703732772864
569550676784578562
569683558081687552
569683567552262145
569716670689902592
569719741906075648
569738877969129472
569747706047934464
568045665185452032
568258333649604608
568266890499346432
568466673990307840
568515553666539520
568606485716078592
568612911222026241
568795018816675841
569019132978405376
569379997175177216
569538703732772864
569550676784578562
569683558081687552
569683567552262145
569716670689902592
569719741906075648
569738877969129472
569747706047934464
569921913667104768
569957516748066817
569970186431959040
569972935227674624
569989007532142592
570051875652767744
570068397544710144
570206077826039808
