569457148129779714
569475000660422656
569475245708419072
569476281974132736
569701607144693760
569703041957564416
569457148129779714
569475000660422656
569475245708419072
569476281974132736
569701607144693760
569703041957564416
569457148129779714
569475000660422656
569475245708419072
569476281974132736
569701607144693760
569703041957564416
569457148129779714
569475000660422656
569475245708419072
569476281974132736
569701607144693760
569703041957564416
569457148129779714
569475000660422656
569475245708419072
569476281974132736
569701607144693760
569703041957564416
569457148129779714
569475000660422656
569475245708419072
569476281974132736
569701607144693760
569703041957564416
569457148129779714
569475000660422656
569475245708419072
569476281974132736
569701607144693760
569703041957564416
569457148129779714
569475000660422656
569475245708419072
569476281974132736
569701607144693760
569703041957564416
