567768224607911936
567818690096541696
567957027093245952
567967872263331840
568064382627921920
568069392422051841
568083588308197376
568096875435282432
568204138091307008
568403649753448448
568435750485819392
568819406207356928
568911225167474688
569244202225307648
569268751008436224
569321800359927808
569322419036356608
569516969969389568
569598511483789312
569600989055086592
569641319712169984
569654709964836865
569668144198848514
569669129130647552
567768224607911936
567818690096541696
567957027093245952
567967872263331840
568064382627921920
568069392422051841
568083588308197376
568096875435282432
568204138091307008
568403649753448448
568435750485819392
568819406207356928
568911225167474688
569244202225307648
569268751008436224
569321800359927808
569322419036356608
569516969969389568
569598511483789312
569600989055086592
569641319712169984
569654709964836865
569668144198848514
569669129130647552
567768224607911936
567818690096541696
567957027093245952
567967872263331840
568064382627921920
568069392422051841
568083588308197376
568096875435282432
568204138091307008
568403649753448448
568435750485819392
568819406207356928
568911225167474688
569244202225307648
569268751008436224
569321800359927808
569322419036356608
569516969969389568
569598511483789312
569600989055086592
569641319712169984
569654709964836865
569668144198848514
569669129130647552
569846545715228673
569925614100189186
569926031542345728
569957235033399297
569966422744395776
569969506740674560
569978119530029056
570009017625526273
570262096094498816
567768224607911936
567818690096541696
567957027093245952
567967872263331840
568064382627921920
568069392422051841
568083588308197376
568096875435282432
568204138091307008
568403649753448448
568435750485819392
568819406207356928
568911225167474688
569244202225307648
569268751008436224
569321800359927808
569322419036356608
569516969969389568
569598511483789312
569600989055086592
569641319712169984
569654709964836865
569668144198848514
569669129130647552
569846545715228673
569925614100189186
569926031542345728
569957235033399297
569966422744395776
569969506740674560
569978119530029056
570009017625526273
570262096094498816
567768224607911936
567818690096541696
567957027093245952
567967872263331840
568064382627921920
568069392422051841
568083588308197376
568096875435282432
568204138091307008
568403649753448448
568435750485819392
568819406207356928
568911225167474688
569244202225307648
569268751008436224
569321800359927808
569322419036356608
569516969969389568
569598511483789312
569600989055086592
569641319712169984
569654709964836865
569668144198848514
569669129130647552
569846545715228673
569925614100189186
569926031542345728
569957235033399297
569966422744395776
569969506740674560
569978119530029056
570009017625526273
570262096094498816
567768224607911936
567818690096541696
567957027093245952
567967872263331840
568064382627921920
568069392422051841
568083588308197376
568096875435282432
568204138091307008
568403649753448448
568435750485819392
568819406207356928
568911225167474688
569244202225307648
569268751008436224
569321800359927808
569322419036356608
569516969969389568
569598511483789312
569600989055086592
569641319712169984
569654709964836865
569668144198848514
569669129130647552
569846545715228673
569925614100189186
569926031542345728
569957235033399297
569966422744395776
569969506740674560
569978119530029056
570009017625526273
570262096094498816
567768224607911936
567818690096541696
567957027093245952
567967872263331840
568064382627921920
568069392422051841
568083588308197376
568096875435282432
568204138091307008
568403649753448448
568435750485819392
568819406207356928
568911225167474688
569244202225307648
569268751008436224
569321800359927808
569322419036356608
569516969969389568
569598511483789312
569600989055086592
569641319712169984
569654709964836865
569668144198848514
569669129130647552
569846545715228673
569925614100189186
569926031542345728
569957235033399297
569966422744395776
569969506740674560
569978119530029056
570009017625526273
570262096094498816
567768224607911936
567818690096541696
567957027093245952
567967872263331840
568064382627921920
568069392422051841
568083588308197376
568096875435282432
568204138091307008
568403649753448448
568435750485819392
568819406207356928
568911225167474688
569244202225307648
569268751008436224
569321800359927808
569322419036356608
569516969969389568
569598511483789312
569600989055086592
569641319712169984
569654709964836865
569668144198848514
569669129130647552
569846545715228673
569925614100189186
569926031542345728
569957235033399297
569966422744395776
569969506740674560
569978119530029056
570009017625526273
570262096094498816
