567692251954827265
568103931307405312
568499798099304449
567692251954827265
568103931307405312
568499798099304449
567692251954827265
568103931307405312
568499798099304449
570205088595058688
567692251954827265
568103931307405312
568499798099304449
570205088595058688
567692251954827265
568103931307405312
568499798099304449
570205088595058688
567692251954827265
568103931307405312
568499798099304449
570205088595058688
567692251954827265
568103931307405312
568499798099304449
570205088595058688
567692251954827265
568103931307405312
568499798099304449
570205088595058688
