568605955614642176
568883464923000832
568998369353297921
568999266741411840
569254331725139968
568605955614642176
568883464923000832
568998369353297921
568999266741411840
569254331725139968
568605955614642176
568883464923000832
568998369353297921
568999266741411840
569254331725139968
568605955614642176
568883464923000832
568998369353297921
568999266741411840
569254331725139968
568605955614642176
568883464923000832
568998369353297921
568999266741411840
569254331725139968
568605955614642176
568883464923000832
568998369353297921
568999266741411840
569254331725139968
568605955614642176
568883464923000832
568998369353297921
568999266741411840
569254331725139968
568605955614642176
568883464923000832
568998369353297921
568999266741411840
569254331725139968
