567912664996786177
568071468312981504
568624528131125248
569667246026416130
569668792265019392
569670904852172800
569678562136956928
567912664996786177
568071468312981504
568624528131125248
569667246026416130
569668792265019392
569670904852172800
569678562136956928
567912664996786177
568071468312981504
568624528131125248
569667246026416130
569668792265019392
569670904852172800
569678562136956928
570073661241057280
567912664996786177
568071468312981504
568624528131125248
569667246026416130
569668792265019392
569670904852172800
569678562136956928
570073661241057280
567912664996786177
568071468312981504
568624528131125248
569667246026416130
569668792265019392
569670904852172800
569678562136956928
570073661241057280
567912664996786177
568071468312981504
568624528131125248
569667246026416130
569668792265019392
569670904852172800
569678562136956928
570073661241057280
567912664996786177
568071468312981504
568624528131125248
569667246026416130
569668792265019392
569670904852172800
569678562136956928
570073661241057280
567912664996786177
568071468312981504
568624528131125248
569667246026416130
569668792265019392
569670904852172800
569678562136956928
570073661241057280
