567767439493300224
567770910107897856
567816742300356608
568535586325303296
568899893206450176
569541291467522048
569668144198848514
569730716692393984
567767439493300224
567770910107897856
567816742300356608
568535586325303296
568899893206450176
569541291467522048
569668144198848514
569730716692393984
567767439493300224
567770910107897856
567816742300356608
568535586325303296
568899893206450176
569541291467522048
569668144198848514
569730716692393984
570024703256956929
570246800247902208
567767439493300224
567770910107897856
567816742300356608
568535586325303296
568899893206450176
569541291467522048
569668144198848514
569730716692393984
570024703256956929
570246800247902208
567767439493300224
567770910107897856
567816742300356608
568535586325303296
568899893206450176
569541291467522048
569668144198848514
569730716692393984
570024703256956929
570246800247902208
567767439493300224
567770910107897856
567816742300356608
568535586325303296
568899893206450176
569541291467522048
569668144198848514
569730716692393984
570024703256956929
570246800247902208
567767439493300224
567770910107897856
567816742300356608
568535586325303296
568899893206450176
569541291467522048
569668144198848514
569730716692393984
570024703256956929
570246800247902208
567767439493300224
567770910107897856
567816742300356608
568535586325303296
568899893206450176
569541291467522048
569668144198848514
569730716692393984
570024703256956929
570246800247902208
