567837709093347328
567868808586620928
567889601869668352
568043126775943168
568549060103135232
567837709093347328
567868808586620928
567889601869668352
568043126775943168
568549060103135232
567837709093347328
567868808586620928
567889601869668352
568043126775943168
568549060103135232
567837709093347328
567868808586620928
567889601869668352
568043126775943168
568549060103135232
567837709093347328
567868808586620928
567889601869668352
568043126775943168
568549060103135232
567837709093347328
567868808586620928
567889601869668352
568043126775943168
568549060103135232
567837709093347328
567868808586620928
567889601869668352
568043126775943168
568549060103135232
567837709093347328
567868808586620928
567889601869668352
568043126775943168
568549060103135232
