567720082860949504
567729700110602240
567731598871642112
567734506434854912
567735186881003520
567810209088847873
567825886449250304
567830740373868544
567936625453318144
568045949999661058
568057241435303936
568078069568839680
568134171761065984
568151905165316097
568154689449168896
568158459553714176
568159085356384256
568188415524642816
568192038040006656
568193603954085888
568422454609219584
568438982301917184
568490268271484929
568491094327078912
568496664677363712
568563550475698177
568572344056180737
568626625857728513
568632394929958912
568764059732058112
568784261064622080
568795451341856768
568801561377439744
568812829324775428
568828064152424448
568845539405656064
568853249551409153
568858899438178305
568861835568369664
568870342443184128
568883264791785472
568913508936458240
568923762764095488
568970614238617600
568991695917834240
569138202424025088
569218762907324416
569218789834821632
569241682283081728
569248437050302464
569268751008436224
569273777999241216
569282692014977025
569285045401178113
569293295655866369
569296707982221312
569298744337788928
569305409925873664
569319928815202304
569343186046332928
569379726562869248
569380416219709440
569380923847909376
569385496675295232
569417702764363776
569480693782339584
569579962786689024
569614009369907200
569615215144226816
569618750946873344
569621714046455808
569624865558245376
569627005852917762
569630160233873411
569632379326869504
569636454869151744
569656088817233921
569668606142783488
569673434721951744
569675774627848192
569685165565308928
569685261518376960
569699437901000706
569710019333107714
569715563385085952
569715687469420545
569745365940830210
569745645956771840
569749896095358977
569757773937770496
569766140332937216
569788087481409537
567720082860949504
567729700110602240
567731598871642112
567734506434854912
567735186881003520
567810209088847873
567825886449250304
567830740373868544
567936625453318144
568045949999661058
568057241435303936
568078069568839680
568134171761065984
568151905165316097
568154689449168896
568158459553714176
568159085356384256
568188415524642816
568192038040006656
568193603954085888
568422454609219584
568438982301917184
568490268271484929
568491094327078912
568496664677363712
568563550475698177
568572344056180737
568626625857728513
568632394929958912
568764059732058112
568784261064622080
568795451341856768
568801561377439744
568812829324775428
568828064152424448
568845539405656064
568853249551409153
568858899438178305
568861835568369664
568870342443184128
568883264791785472
568913508936458240
568923762764095488
568970614238617600
568991695917834240
569138202424025088
569218762907324416
569218789834821632
569241682283081728
569248437050302464
569268751008436224
569273777999241216
569282692014977025
569285045401178113
569293295655866369
569296707982221312
569298744337788928
569305409925873664
569319928815202304
569343186046332928
569379726562869248
569380416219709440
569380923847909376
569385496675295232
569417702764363776
569480693782339584
569579962786689024
569614009369907200
569615215144226816
569618750946873344
569621714046455808
569624865558245376
569627005852917762
569630160233873411
569632379326869504
569636454869151744
569656088817233921
569668606142783488
569673434721951744
569675774627848192
569685165565308928
569685261518376960
569699437901000706
569710019333107714
569715563385085952
569715687469420545
569745365940830210
569745645956771840
569749896095358977
569757773937770496
569766140332937216
569788087481409537
567720082860949504
567729700110602240
567731598871642112
567734506434854912
567735186881003520
567810209088847873
567825886449250304
567830740373868544
567936625453318144
568045949999661058
568057241435303936
568078069568839680
568134171761065984
568151905165316097
568154689449168896
568158459553714176
568159085356384256
568188415524642816
568192038040006656
568193603954085888
568422454609219584
568438982301917184
568490268271484929
568491094327078912
568496664677363712
568563550475698177
568572344056180737
568626625857728513
568632394929958912
568764059732058112
568784261064622080
568795451341856768
568801561377439744
568812829324775428
568828064152424448
568845539405656064
568853249551409153
568858899438178305
568861835568369664
568870342443184128
568883264791785472
568913508936458240
568923762764095488
568970614238617600
568991695917834240
569138202424025088
569218762907324416
569218789834821632
569241682283081728
569248437050302464
569268751008436224
569273777999241216
569282692014977025
569285045401178113
569293295655866369
569296707982221312
569298744337788928
569305409925873664
569319928815202304
569343186046332928
569379726562869248
569380416219709440
569380923847909376
569385496675295232
569417702764363776
569480693782339584
569579962786689024
569614009369907200
569615215144226816
569618750946873344
569621714046455808
569624865558245376
569627005852917762
569630160233873411
569632379326869504
569636454869151744
569656088817233921
569668606142783488
569673434721951744
569675774627848192
569685165565308928
569685261518376960
569699437901000706
569710019333107714
569715563385085952
569715687469420545
569745365940830210
569745645956771840
569749896095358977
569757773937770496
569766140332937216
569788087481409537
569857396899606528
569899917935714305
569916731595972608
569920090440916994
569927042931814400
569931716049154051
569937891788505088
569939149756755968
569964915710038016
569967850670018560
569970599377788928
569972097453137920
569973088076460032
569995730951147523
570024324666564610
570038580967383042
570097527841693697
570106573395087362
570183297759752192
570193599977148416
570197979820224512
570198522911436800
570205399619661824
570226080457449472
570226414525542400
570245840612265985
570252666439385088
570265876911403009
570277667519332353
570278432417972224
570281719074566145
570281854139572225
570284988224008192
570297402281893888
570305363859406848
570307109704900608
567720082860949504
567729700110602240
567731598871642112
567734506434854912
567735186881003520
567810209088847873
567825886449250304
567830740373868544
567936625453318144
568045949999661058
568057241435303936
568078069568839680
568134171761065984
568151905165316097
568154689449168896
568158459553714176
568159085356384256
568188415524642816
568192038040006656
568193603954085888
568422454609219584
568438982301917184
568490268271484929
568491094327078912
568496664677363712
568563550475698177
568572344056180737
568626625857728513
568632394929958912
568764059732058112
568784261064622080
568795451341856768
568801561377439744
568812829324775428
568828064152424448
568845539405656064
568853249551409153
568858899438178305
568861835568369664
568870342443184128
568883264791785472
568913508936458240
568923762764095488
568970614238617600
568991695917834240
569138202424025088
569218762907324416
569218789834821632
569241682283081728
569248437050302464
569268751008436224
569273777999241216
569282692014977025
569285045401178113
569293295655866369
569296707982221312
569298744337788928
569305409925873664
569319928815202304
569343186046332928
569379726562869248
569380416219709440
569380923847909376
569385496675295232
569417702764363776
569480693782339584
569579962786689024
569614009369907200
569615215144226816
569618750946873344
569621714046455808
569624865558245376
569627005852917762
569630160233873411
569632379326869504
569636454869151744
569656088817233921
569668606142783488
569673434721951744
569675774627848192
569685165565308928
569685261518376960
569699437901000706
569710019333107714
569715563385085952
569715687469420545
569745365940830210
569745645956771840
569749896095358977
569757773937770496
569766140332937216
569788087481409537
569857396899606528
569899917935714305
569916731595972608
569920090440916994
569927042931814400
569931716049154051
569937891788505088
569939149756755968
569964915710038016
569967850670018560
569970599377788928
569972097453137920
569973088076460032
569995730951147523
570024324666564610
570038580967383042
570097527841693697
570106573395087362
570183297759752192
570193599977148416
570197979820224512
570198522911436800
570205399619661824
570226080457449472
570226414525542400
570245840612265985
570252666439385088
570265876911403009
570277667519332353
570278432417972224
570281719074566145
570281854139572225
570284988224008192
570297402281893888
570305363859406848
570307109704900608
567720082860949504
567729700110602240
567731598871642112
567734506434854912
567735186881003520
567810209088847873
567825886449250304
567830740373868544
567936625453318144
568045949999661058
568057241435303936
568078069568839680
568134171761065984
568151905165316097
568154689449168896
568158459553714176
568159085356384256
568188415524642816
568192038040006656
568193603954085888
568422454609219584
568438982301917184
568490268271484929
568491094327078912
568496664677363712
568563550475698177
568572344056180737
568626625857728513
568632394929958912
568764059732058112
568784261064622080
568795451341856768
568801561377439744
568812829324775428
568828064152424448
568845539405656064
568853249551409153
568858899438178305
568861835568369664
568870342443184128
568883264791785472
568913508936458240
568923762764095488
568970614238617600
568991695917834240
569138202424025088
569218762907324416
569218789834821632
569241682283081728
569248437050302464
569268751008436224
569273777999241216
569282692014977025
569285045401178113
569293295655866369
569296707982221312
569298744337788928
569305409925873664
569319928815202304
569343186046332928
569379726562869248
569380416219709440
569380923847909376
569385496675295232
569417702764363776
569480693782339584
569579962786689024
569614009369907200
569615215144226816
569618750946873344
569621714046455808
569624865558245376
569627005852917762
569630160233873411
569632379326869504
569636454869151744
569656088817233921
569668606142783488
569673434721951744
569675774627848192
569685165565308928
569685261518376960
569699437901000706
569710019333107714
569715563385085952
569715687469420545
569745365940830210
569745645956771840
569749896095358977
569757773937770496
569766140332937216
569788087481409537
569857396899606528
569899917935714305
569916731595972608
569920090440916994
569927042931814400
569931716049154051
569937891788505088
569939149756755968
569964915710038016
569967850670018560
569970599377788928
569972097453137920
569973088076460032
569995730951147523
570024324666564610
570038580967383042
570097527841693697
570106573395087362
570183297759752192
570193599977148416
570197979820224512
570198522911436800
570205399619661824
570226080457449472
570226414525542400
570245840612265985
570252666439385088
570265876911403009
570277667519332353
570278432417972224
570281719074566145
570281854139572225
570284988224008192
570297402281893888
570305363859406848
570307109704900608
567720082860949504
567729700110602240
567731598871642112
567734506434854912
567735186881003520
567810209088847873
567825886449250304
567830740373868544
567936625453318144
568045949999661058
568057241435303936
568078069568839680
568134171761065984
568151905165316097
568154689449168896
568158459553714176
568159085356384256
568188415524642816
568192038040006656
568193603954085888
568422454609219584
568438982301917184
568490268271484929
568491094327078912
568496664677363712
568563550475698177
568572344056180737
568626625857728513
568632394929958912
568764059732058112
568784261064622080
568795451341856768
568801561377439744
568812829324775428
568828064152424448
568845539405656064
568853249551409153
568858899438178305
568861835568369664
568870342443184128
568883264791785472
568913508936458240
568923762764095488
568970614238617600
568991695917834240
569138202424025088
569218762907324416
569218789834821632
569241682283081728
569248437050302464
569268751008436224
569273777999241216
569282692014977025
569285045401178113
569293295655866369
569296707982221312
569298744337788928
569305409925873664
569319928815202304
569343186046332928
569379726562869248
569380416219709440
569380923847909376
569385496675295232
569417702764363776
569480693782339584
569579962786689024
569614009369907200
569615215144226816
569618750946873344
569621714046455808
569624865558245376
569627005852917762
569630160233873411
569632379326869504
569636454869151744
569656088817233921
569668606142783488
569673434721951744
569675774627848192
569685165565308928
569685261518376960
569699437901000706
569710019333107714
569715563385085952
569715687469420545
569745365940830210
569745645956771840
569749896095358977
569757773937770496
569766140332937216
569788087481409537
569857396899606528
569899917935714305
569916731595972608
569920090440916994
569927042931814400
569931716049154051
569937891788505088
569939149756755968
569964915710038016
569967850670018560
569970599377788928
569972097453137920
569973088076460032
569995730951147523
570024324666564610
570038580967383042
570097527841693697
570106573395087362
570183297759752192
570193599977148416
570197979820224512
570198522911436800
570205399619661824
570226080457449472
570226414525542400
570245840612265985
570252666439385088
570265876911403009
570277667519332353
570278432417972224
570281719074566145
570281854139572225
570284988224008192
570297402281893888
570305363859406848
570307109704900608
567720082860949504
567729700110602240
567731598871642112
567734506434854912
567735186881003520
567810209088847873
567825886449250304
567830740373868544
567936625453318144
568045949999661058
568057241435303936
568078069568839680
568134171761065984
568151905165316097
568154689449168896
568158459553714176
568159085356384256
568188415524642816
568192038040006656
568193603954085888
568422454609219584
568438982301917184
568490268271484929
568491094327078912
568496664677363712
568563550475698177
568572344056180737
568626625857728513
568632394929958912
568764059732058112
568784261064622080
568795451341856768
568801561377439744
568812829324775428
568828064152424448
568845539405656064
568853249551409153
568858899438178305
568861835568369664
568870342443184128
568883264791785472
568913508936458240
568923762764095488
568970614238617600
568991695917834240
569138202424025088
569218762907324416
569218789834821632
569241682283081728
569248437050302464
569268751008436224
569273777999241216
569282692014977025
569285045401178113
569293295655866369
569296707982221312
569298744337788928
569305409925873664
569319928815202304
569343186046332928
569379726562869248
569380416219709440
569380923847909376
569385496675295232
569417702764363776
569480693782339584
569579962786689024
569614009369907200
569615215144226816
569618750946873344
569621714046455808
569624865558245376
569627005852917762
569630160233873411
569632379326869504
569636454869151744
569656088817233921
569668606142783488
569673434721951744
569675774627848192
569685165565308928
569685261518376960
569699437901000706
569710019333107714
569715563385085952
569715687469420545
569745365940830210
569745645956771840
569749896095358977
569757773937770496
569766140332937216
569788087481409537
569857396899606528
569899917935714305
569916731595972608
569920090440916994
569927042931814400
569931716049154051
569937891788505088
569939149756755968
569964915710038016
569967850670018560
569970599377788928
569972097453137920
569973088076460032
569995730951147523
570024324666564610
570038580967383042
570097527841693697
570106573395087362
570183297759752192
570193599977148416
570197979820224512
570198522911436800
570205399619661824
570226080457449472
570226414525542400
570245840612265985
570252666439385088
570265876911403009
570277667519332353
570278432417972224
570281719074566145
570281854139572225
570284988224008192
570297402281893888
570305363859406848
570307109704900608
567720082860949504
567729700110602240
567731598871642112
567734506434854912
567735186881003520
567810209088847873
567825886449250304
567830740373868544
567936625453318144
568045949999661058
568057241435303936
568078069568839680
568134171761065984
568151905165316097
568154689449168896
568158459553714176
568159085356384256
568188415524642816
568192038040006656
568193603954085888
568422454609219584
568438982301917184
568490268271484929
568491094327078912
568496664677363712
568563550475698177
568572344056180737
568626625857728513
568632394929958912
568764059732058112
568784261064622080
568795451341856768
568801561377439744
568812829324775428
568828064152424448
568845539405656064
568853249551409153
568858899438178305
568861835568369664
568870342443184128
568883264791785472
568913508936458240
568923762764095488
568970614238617600
568991695917834240
569138202424025088
569218762907324416
569218789834821632
569241682283081728
569248437050302464
569268751008436224
569273777999241216
569282692014977025
569285045401178113
569293295655866369
569296707982221312
569298744337788928
569305409925873664
569319928815202304
569343186046332928
569379726562869248
569380416219709440
569380923847909376
569385496675295232
569417702764363776
569480693782339584
569579962786689024
569614009369907200
569615215144226816
569618750946873344
569621714046455808
569624865558245376
569627005852917762
569630160233873411
569632379326869504
569636454869151744
569656088817233921
569668606142783488
569673434721951744
569675774627848192
569685165565308928
569685261518376960
569699437901000706
569710019333107714
569715563385085952
569715687469420545
569745365940830210
569745645956771840
569749896095358977
569757773937770496
569766140332937216
569788087481409537
569857396899606528
569899917935714305
569916731595972608
569920090440916994
569927042931814400
569931716049154051
569937891788505088
569939149756755968
569964915710038016
569967850670018560
569970599377788928
569972097453137920
569973088076460032
569995730951147523
570024324666564610
570038580967383042
570097527841693697
570106573395087362
570183297759752192
570193599977148416
570197979820224512
570198522911436800
570205399619661824
570226080457449472
570226414525542400
570245840612265985
570252666439385088
570265876911403009
570277667519332353
570278432417972224
570281719074566145
570281854139572225
570284988224008192
570297402281893888
570305363859406848
570307109704900608
