567753899939860480
567797906977083392
567822065471860736
567921825948250112
568113981866446848
568167917004718080
568195829238005760
568210512405790720
568228505160433665
568247978835578880
568400096586395649
568401790250700800
568447131431931904
568482840750530560
568528678671360000
568558979841810432
568772912557133824
568775800599801856
568797768162127872
568804502645706752
568808975828955136
568823817679847425
568825563126865922
568825791644966912
568927427847544833
568950548411461632
568996855566245889
569091868153253888
569224755426930689
569233194723078144
569241682283081728
569336871853170688
569339928678522880
569353501123280896
569379756673597444
569511892215062528
569524522291892226
569584057270575105
569606089316167680
569630593924911104
569671981852798976
569682422981218304
569689297084919808
569710305707601920
569722020776116224
569786720562110464
567753899939860480
567797906977083392
567822065471860736
567921825948250112
568113981866446848
568167917004718080
568195829238005760
568210512405790720
568228505160433665
568247978835578880
568400096586395649
568401790250700800
568447131431931904
568482840750530560
568528678671360000
568558979841810432
568772912557133824
568775800599801856
568797768162127872
568804502645706752
568808975828955136
568823817679847425
568825563126865922
568825791644966912
568927427847544833
568950548411461632
568996855566245889
569091868153253888
569224755426930689
569233194723078144
569241682283081728
569336871853170688
569339928678522880
569353501123280896
569379756673597444
569511892215062528
569524522291892226
569584057270575105
569606089316167680
569630593924911104
569671981852798976
569682422981218304
569689297084919808
569710305707601920
569722020776116224
569786720562110464
567753899939860480
567797906977083392
567822065471860736
567921825948250112
568113981866446848
568167917004718080
568195829238005760
568210512405790720
568228505160433665
568247978835578880
568400096586395649
568401790250700800
568447131431931904
568482840750530560
568528678671360000
568558979841810432
568772912557133824
568775800599801856
568797768162127872
568804502645706752
568808975828955136
568823817679847425
568825563126865922
568825791644966912
568927427847544833
568950548411461632
568996855566245889
569091868153253888
569224755426930689
569233194723078144
569241682283081728
569336871853170688
569339928678522880
569353501123280896
569379756673597444
569511892215062528
569524522291892226
569584057270575105
569606089316167680
569630593924911104
569671981852798976
569682422981218304
569689297084919808
569710305707601920
569722020776116224
569786720562110464
569851605358669824
569869476453158912
569943857418399746
569961203197325312
569972777593262080
569978748780421121
569979566279626752
569998289447354371
570009135519035392
570011378091753472
570043937244622849
570044138302808064
570044715321569280
570045393565691904
570057178687475712
570086501222096896
570123136542224384
570123495180410881
570158980611350528
570220966284025857
570234996562112512
570267915154538496
570272714205863936
570283544125288448
570285979753443328
570301794850639872
567753899939860480
567797906977083392
567822065471860736
567921825948250112
568113981866446848
568167917004718080
568195829238005760
568210512405790720
568228505160433665
568247978835578880
568400096586395649
568401790250700800
568447131431931904
568482840750530560
568528678671360000
568558979841810432
568772912557133824
568775800599801856
568797768162127872
568804502645706752
568808975828955136
568823817679847425
568825563126865922
568825791644966912
568927427847544833
568950548411461632
568996855566245889
569091868153253888
569224755426930689
569233194723078144
569241682283081728
569336871853170688
569339928678522880
569353501123280896
569379756673597444
569511892215062528
569524522291892226
569584057270575105
569606089316167680
569630593924911104
569671981852798976
569682422981218304
569689297084919808
569710305707601920
569722020776116224
569786720562110464
569851605358669824
569869476453158912
569943857418399746
569961203197325312
569972777593262080
569978748780421121
569979566279626752
569998289447354371
570009135519035392
570011378091753472
570043937244622849
570044138302808064
570044715321569280
570045393565691904
570057178687475712
570086501222096896
570123136542224384
570123495180410881
570158980611350528
570220966284025857
570234996562112512
570267915154538496
570272714205863936
570283544125288448
570285979753443328
570301794850639872
567753899939860480
567797906977083392
567822065471860736
567921825948250112
568113981866446848
568167917004718080
568195829238005760
568210512405790720
568228505160433665
568247978835578880
568400096586395649
568401790250700800
568447131431931904
568482840750530560
568528678671360000
568558979841810432
568772912557133824
568775800599801856
568797768162127872
568804502645706752
568808975828955136
568823817679847425
568825563126865922
568825791644966912
568927427847544833
568950548411461632
568996855566245889
569091868153253888
569224755426930689
569233194723078144
569241682283081728
569336871853170688
569339928678522880
569353501123280896
569379756673597444
569511892215062528
569524522291892226
569584057270575105
569606089316167680
569630593924911104
569671981852798976
569682422981218304
569689297084919808
569710305707601920
569722020776116224
569786720562110464
569851605358669824
569869476453158912
569943857418399746
569961203197325312
569972777593262080
569978748780421121
569979566279626752
569998289447354371
570009135519035392
570011378091753472
570043937244622849
570044138302808064
570044715321569280
570045393565691904
570057178687475712
570086501222096896
570123136542224384
570123495180410881
570158980611350528
570220966284025857
570234996562112512
570267915154538496
570272714205863936
570283544125288448
570285979753443328
570301794850639872
567753899939860480
567797906977083392
567822065471860736
567921825948250112
568113981866446848
568167917004718080
568195829238005760
568210512405790720
568228505160433665
568247978835578880
568400096586395649
568401790250700800
568447131431931904
568482840750530560
568528678671360000
568558979841810432
568772912557133824
568775800599801856
568797768162127872
568804502645706752
568808975828955136
568823817679847425
568825563126865922
568825791644966912
568927427847544833
568950548411461632
568996855566245889
569091868153253888
569224755426930689
569233194723078144
569241682283081728
569336871853170688
569339928678522880
569353501123280896
569379756673597444
569511892215062528
569524522291892226
569584057270575105
569606089316167680
569630593924911104
569671981852798976
569682422981218304
569689297084919808
569710305707601920
569722020776116224
569786720562110464
569851605358669824
569869476453158912
569943857418399746
569961203197325312
569972777593262080
569978748780421121
569979566279626752
569998289447354371
570009135519035392
570011378091753472
570043937244622849
570044138302808064
570044715321569280
570045393565691904
570057178687475712
570086501222096896
570123136542224384
570123495180410881
570158980611350528
570220966284025857
570234996562112512
570267915154538496
570272714205863936
570283544125288448
570285979753443328
570301794850639872
567753899939860480
567797906977083392
567822065471860736
567921825948250112
568113981866446848
568167917004718080
568195829238005760
568210512405790720
568228505160433665
568247978835578880
568400096586395649
568401790250700800
568447131431931904
568482840750530560
568528678671360000
568558979841810432
568772912557133824
568775800599801856
568797768162127872
568804502645706752
568808975828955136
568823817679847425
568825563126865922
568825791644966912
568927427847544833
568950548411461632
568996855566245889
569091868153253888
569224755426930689
569233194723078144
569241682283081728
569336871853170688
569339928678522880
569353501123280896
569379756673597444
569511892215062528
569524522291892226
569584057270575105
569606089316167680
569630593924911104
569671981852798976
569682422981218304
569689297084919808
569710305707601920
569722020776116224
569786720562110464
569851605358669824
569869476453158912
569943857418399746
569961203197325312
569972777593262080
569978748780421121
569979566279626752
569998289447354371
570009135519035392
570011378091753472
570043937244622849
570044138302808064
570044715321569280
570045393565691904
570057178687475712
570086501222096896
570123136542224384
570123495180410881
570158980611350528
570220966284025857
570234996562112512
570267915154538496
570272714205863936
570283544125288448
570285979753443328
570301794850639872
567753899939860480
567797906977083392
567822065471860736
567921825948250112
568113981866446848
568167917004718080
568195829238005760
568210512405790720
568228505160433665
568247978835578880
568400096586395649
568401790250700800
568447131431931904
568482840750530560
568528678671360000
568558979841810432
568772912557133824
568775800599801856
568797768162127872
568804502645706752
568808975828955136
568823817679847425
568825563126865922
568825791644966912
568927427847544833
568950548411461632
568996855566245889
569091868153253888
569224755426930689
569233194723078144
569241682283081728
569336871853170688
569339928678522880
569353501123280896
569379756673597444
569511892215062528
569524522291892226
569584057270575105
569606089316167680
569630593924911104
569671981852798976
569682422981218304
569689297084919808
569710305707601920
569722020776116224
569786720562110464
569851605358669824
569869476453158912
569943857418399746
569961203197325312
569972777593262080
569978748780421121
569979566279626752
569998289447354371
570009135519035392
570011378091753472
570043937244622849
570044138302808064
570044715321569280
570045393565691904
570057178687475712
570086501222096896
570123136542224384
570123495180410881
570158980611350528
570220966284025857
570234996562112512
570267915154538496
570272714205863936
570283544125288448
570285979753443328
570301794850639872
