567592368451248130
567671602280923136
568144896852299776
568196066430083074
568219901359460353
568564957740175360
568815514702770176
568894423507058688
569514501730643968
569624788244828160
569625607476158465
569763959240200193
567592368451248130
567671602280923136
568144896852299776
568196066430083074
568219901359460353
568564957740175360
568815514702770176
568894423507058688
569514501730643968
569624788244828160
569625607476158465
569763959240200193
567592368451248130
567671602280923136
568144896852299776
568196066430083074
568219901359460353
568564957740175360
568815514702770176
568894423507058688
569514501730643968
569624788244828160
569625607476158465
569763959240200193
569869808092749824
569879100971753472
569894035797753856
569911713459408896
569912710848057344
569929134639611904
569958642411122688
569960311022850048
569976131748823040
569977492720779264
570097432383651840
570271644473622528
570288799860846592
570289521113366531
