567724943375626240
567728227465310208
567734506434854912
567769337256484864
567799518448848897
568052677881565185
568092350355865600
568450642085171200
568457663123746816
568460037737324545
568472185993629696
568472719102234624
568574897988874240
568655789247762432
568772846878461952
568788652995833856
568806237804109825
568868928732028928
569102942088900608
569181243385909249
569216055018704896
569240250192670720
569493077368422400
569572184768835585
569591642367401984
569595534916202496
569620169971998721
569657895522054145
569664330163200000
569724705063596032
567724943375626240
567728227465310208
567734506434854912
567769337256484864
567799518448848897
568052677881565185
568092350355865600
568450642085171200
568457663123746816
568460037737324545
568472185993629696
568472719102234624
568574897988874240
568655789247762432
568772846878461952
568788652995833856
568806237804109825
568868928732028928
569102942088900608
569181243385909249
569216055018704896
569240250192670720
569493077368422400
569572184768835585
569591642367401984
569595534916202496
569620169971998721
569657895522054145
569664330163200000
569724705063596032
569837686367744000
567724943375626240
567728227465310208
567734506434854912
567769337256484864
567799518448848897
568052677881565185
568092350355865600
568450642085171200
568457663123746816
568460037737324545
568472185993629696
568472719102234624
568574897988874240
568655789247762432
568772846878461952
568788652995833856
568806237804109825
568868928732028928
569102942088900608
569181243385909249
569216055018704896
569240250192670720
569493077368422400
569572184768835585
569591642367401984
569595534916202496
569620169971998721
569657895522054145
569664330163200000
569724705063596032
569837686367744000
569860355746213893
569882830328569856
569933724743274496
569935232033366017
569939301301153792
569980561344897024
570081213404180480
570081568733192192
570084632999428096
570106249024446464
570135557151580160
567724943375626240
567728227465310208
567734506434854912
567769337256484864
567799518448848897
568052677881565185
568092350355865600
568450642085171200
568457663123746816
568460037737324545
568472185993629696
568472719102234624
568574897988874240
568655789247762432
568772846878461952
568788652995833856
568806237804109825
568868928732028928
569102942088900608
569181243385909249
569216055018704896
569240250192670720
569493077368422400
569572184768835585
569591642367401984
569595534916202496
569620169971998721
569657895522054145
569664330163200000
569724705063596032
569837686367744000
569860355746213893
569882830328569856
569933724743274496
569935232033366017
569939301301153792
569980561344897024
570081213404180480
570081568733192192
570084632999428096
570106249024446464
570135557151580160
567724943375626240
567728227465310208
567734506434854912
567769337256484864
567799518448848897
568052677881565185
568092350355865600
568450642085171200
568457663123746816
568460037737324545
568472185993629696
568472719102234624
568574897988874240
568655789247762432
568772846878461952
568788652995833856
568806237804109825
568868928732028928
569102942088900608
569181243385909249
569216055018704896
569240250192670720
569493077368422400
569572184768835585
569591642367401984
569595534916202496
569620169971998721
569657895522054145
569664330163200000
569724705063596032
569837686367744000
569860355746213893
569882830328569856
569933724743274496
569935232033366017
569939301301153792
569980561344897024
570081213404180480
570081568733192192
570084632999428096
570106249024446464
570135557151580160
567724943375626240
567728227465310208
567734506434854912
567769337256484864
567799518448848897
568052677881565185
568092350355865600
568450642085171200
568457663123746816
568460037737324545
568472185993629696
568472719102234624
568574897988874240
568655789247762432
568772846878461952
568788652995833856
568806237804109825
568868928732028928
569102942088900608
569181243385909249
569216055018704896
569240250192670720
569493077368422400
569572184768835585
569591642367401984
569595534916202496
569620169971998721
569657895522054145
569664330163200000
569724705063596032
569837686367744000
569860355746213893
569882830328569856
569933724743274496
569935232033366017
569939301301153792
569980561344897024
570081213404180480
570081568733192192
570084632999428096
570106249024446464
570135557151580160
567724943375626240
567728227465310208
567734506434854912
567769337256484864
567799518448848897
568052677881565185
568092350355865600
568450642085171200
568457663123746816
568460037737324545
568472185993629696
568472719102234624
568574897988874240
568655789247762432
568772846878461952
568788652995833856
568806237804109825
568868928732028928
569102942088900608
569181243385909249
569216055018704896
569240250192670720
569493077368422400
569572184768835585
569591642367401984
569595534916202496
569620169971998721
569657895522054145
569664330163200000
569724705063596032
569837686367744000
569860355746213893
569882830328569856
569933724743274496
569935232033366017
569939301301153792
569980561344897024
570081213404180480
570081568733192192
570084632999428096
570106249024446464
570135557151580160
567724943375626240
567728227465310208
567734506434854912
567769337256484864
567799518448848897
568052677881565185
568092350355865600
568450642085171200
568457663123746816
568460037737324545
568472185993629696
568472719102234624
568574897988874240
568655789247762432
568772846878461952
568788652995833856
568806237804109825
568868928732028928
569102942088900608
569181243385909249
569216055018704896
569240250192670720
569493077368422400
569572184768835585
569591642367401984
569595534916202496
569620169971998721
569657895522054145
569664330163200000
569724705063596032
569837686367744000
569860355746213893
569882830328569856
569933724743274496
569935232033366017
569939301301153792
569980561344897024
570081213404180480
570081568733192192
570084632999428096
570106249024446464
570135557151580160
