567757851104641024
567777743665946624
567851561474383873
567927596572360704
568044610955681793
568082658741215235
568165395279929344
568203327965696002
568210928484913152
568228257037856768
568383068244819968
568420497563598848
568552775325364224
568574989688901632
568810681279111168
568818346042339328
568845545986400256
568850826552320000
568877690821877760
569242111100514305
569433059168260096
569507834930442241
569616586178301952
569623190730887168
569634891857600514
569664250521763840
569675527662874624
569695452368670720
569766662024630272
569775147919372288
567757851104641024
567777743665946624
567851561474383873
567927596572360704
568044610955681793
568082658741215235
568165395279929344
568203327965696002
568210928484913152
568228257037856768
568383068244819968
568420497563598848
568552775325364224
568574989688901632
568810681279111168
568818346042339328
568845545986400256
568850826552320000
568877690821877760
569242111100514305
569433059168260096
569507834930442241
569616586178301952
569623190730887168
569634891857600514
569664250521763840
569675527662874624
569695452368670720
569766662024630272
569775147919372288
567757851104641024
567777743665946624
567851561474383873
567927596572360704
568044610955681793
568082658741215235
568165395279929344
568203327965696002
568210928484913152
568228257037856768
568383068244819968
568420497563598848
568552775325364224
568574989688901632
568810681279111168
568818346042339328
568845545986400256
568850826552320000
568877690821877760
569242111100514305
569433059168260096
569507834930442241
569616586178301952
569623190730887168
569634891857600514
569664250521763840
569675527662874624
569695452368670720
569766662024630272
569775147919372288
569895618866315264
569936062039986176
569937905872822272
569942011916259330
569952984257294336
569967850670018560
569974287286845441
569996446348517376
570013472093642752
570057601976631296
570060726523584512
570085589011148801
570175202807586816
570175461298475008
570206560439308289
570257377460514816
567757851104641024
567777743665946624
567851561474383873
567927596572360704
568044610955681793
568082658741215235
568165395279929344
568203327965696002
568210928484913152
568228257037856768
568383068244819968
568420497563598848
568552775325364224
568574989688901632
568810681279111168
568818346042339328
568845545986400256
568850826552320000
568877690821877760
569242111100514305
569433059168260096
569507834930442241
569616586178301952
569623190730887168
569634891857600514
569664250521763840
569675527662874624
569695452368670720
569766662024630272
569775147919372288
569895618866315264
569936062039986176
569937905872822272
569942011916259330
569952984257294336
569967850670018560
569974287286845441
569996446348517376
570013472093642752
570057601976631296
570060726523584512
570085589011148801
570175202807586816
570175461298475008
570206560439308289
570257377460514816
567757851104641024
567777743665946624
567851561474383873
567927596572360704
568044610955681793
568082658741215235
568165395279929344
568203327965696002
568210928484913152
568228257037856768
568383068244819968
568420497563598848
568552775325364224
568574989688901632
568810681279111168
568818346042339328
568845545986400256
568850826552320000
568877690821877760
569242111100514305
569433059168260096
569507834930442241
569616586178301952
569623190730887168
569634891857600514
569664250521763840
569675527662874624
569695452368670720
569766662024630272
569775147919372288
569895618866315264
569936062039986176
569937905872822272
569942011916259330
569952984257294336
569967850670018560
569974287286845441
569996446348517376
570013472093642752
570057601976631296
570060726523584512
570085589011148801
570175202807586816
570175461298475008
570206560439308289
570257377460514816
567757851104641024
567777743665946624
567851561474383873
567927596572360704
568044610955681793
568082658741215235
568165395279929344
568203327965696002
568210928484913152
568228257037856768
568383068244819968
568420497563598848
568552775325364224
568574989688901632
568810681279111168
568818346042339328
568845545986400256
568850826552320000
568877690821877760
569242111100514305
569433059168260096
569507834930442241
569616586178301952
569623190730887168
569634891857600514
569664250521763840
569675527662874624
569695452368670720
569766662024630272
569775147919372288
569895618866315264
569936062039986176
569937905872822272
569942011916259330
569952984257294336
569967850670018560
569974287286845441
569996446348517376
570013472093642752
570057601976631296
570060726523584512
570085589011148801
570175202807586816
570175461298475008
570206560439308289
570257377460514816
567757851104641024
567777743665946624
567851561474383873
567927596572360704
568044610955681793
568082658741215235
568165395279929344
568203327965696002
568210928484913152
568228257037856768
568383068244819968
568420497563598848
568552775325364224
568574989688901632
568810681279111168
568818346042339328
568845545986400256
568850826552320000
568877690821877760
569242111100514305
569433059168260096
569507834930442241
569616586178301952
569623190730887168
569634891857600514
569664250521763840
569675527662874624
569695452368670720
569766662024630272
569775147919372288
569895618866315264
569936062039986176
569937905872822272
569942011916259330
569952984257294336
569967850670018560
569974287286845441
569996446348517376
570013472093642752
570057601976631296
570060726523584512
570085589011148801
570175202807586816
570175461298475008
570206560439308289
570257377460514816
567757851104641024
567777743665946624
567851561474383873
567927596572360704
568044610955681793
568082658741215235
568165395279929344
568203327965696002
568210928484913152
568228257037856768
568383068244819968
568420497563598848
568552775325364224
568574989688901632
568810681279111168
568818346042339328
568845545986400256
568850826552320000
568877690821877760
569242111100514305
569433059168260096
569507834930442241
569616586178301952
569623190730887168
569634891857600514
569664250521763840
569675527662874624
569695452368670720
569766662024630272
569775147919372288
569895618866315264
569936062039986176
569937905872822272
569942011916259330
569952984257294336
569967850670018560
569974287286845441
569996446348517376
570013472093642752
570057601976631296
570060726523584512
570085589011148801
570175202807586816
570175461298475008
570206560439308289
570257377460514816
