567729414822449152
567748565095968769
567752396097351681
568414700326797312
568438982301917184
569257033972604929
569273176775114752
569273251186286593
569273297491378176
569596357381644289
569596420761604096
569604909571678208
569618750946873344
569620452043317249
567729414822449152
567748565095968769
567752396097351681
568414700326797312
568438982301917184
569257033972604929
569273176775114752
569273251186286593
569273297491378176
569596357381644289
569596420761604096
569604909571678208
569618750946873344
569620452043317249
567729414822449152
567748565095968769
567752396097351681
568414700326797312
568438982301917184
569257033972604929
569273176775114752
569273251186286593
569273297491378176
569596357381644289
569596420761604096
569604909571678208
569618750946873344
569620452043317249
569926212400709632
570005561338503170
570198522911436800
570260294846451712
567729414822449152
567748565095968769
567752396097351681
568414700326797312
568438982301917184
569257033972604929
569273176775114752
569273251186286593
569273297491378176
569596357381644289
569596420761604096
569604909571678208
569618750946873344
569620452043317249
569926212400709632
570005561338503170
570198522911436800
570260294846451712
567729414822449152
567748565095968769
567752396097351681
568414700326797312
568438982301917184
569257033972604929
569273176775114752
569273251186286593
569273297491378176
569596357381644289
569596420761604096
569604909571678208
569618750946873344
569620452043317249
569926212400709632
570005561338503170
570198522911436800
570260294846451712
567729414822449152
567748565095968769
567752396097351681
568414700326797312
568438982301917184
569257033972604929
569273176775114752
569273251186286593
569273297491378176
569596357381644289
569596420761604096
569604909571678208
569618750946873344
569620452043317249
569926212400709632
570005561338503170
570198522911436800
570260294846451712
567729414822449152
567748565095968769
567752396097351681
568414700326797312
568438982301917184
569257033972604929
569273176775114752
569273251186286593
569273297491378176
569596357381644289
569596420761604096
569604909571678208
569618750946873344
569620452043317249
569926212400709632
570005561338503170
570198522911436800
570260294846451712
567729414822449152
567748565095968769
567752396097351681
568414700326797312
568438982301917184
569257033972604929
569273176775114752
569273251186286593
569273297491378176
569596357381644289
569596420761604096
569604909571678208
569618750946873344
569620452043317249
569926212400709632
570005561338503170
570198522911436800
570260294846451712
