567748987512705027
567767810655670272
567895533664120832
567922347669262336
567982055503622144
568032524749942784
568051218477654016
568090175122907136
568105722413649920
568115829616861184
568166478572204032
568175282919739392
568294699515187200
568437004045672448
568462402875863041
568558478039625728
568690023513526272
568701051903336448
568838717303074816
568929652003217409
568946758404808704
569002746117902336
569162276403609600
569163008309657600
569259333197930498
569309777567875075
569339072805797888
569347934866636800
569470098534207489
569577455176048642
569597328522387456
569628242044428288
569631508379664384
569644335014092800
569671624921915392
569676250312249344
569706793531629570
569716646165778432
569777772115193856
567748987512705027
567767810655670272
567895533664120832
567922347669262336
567982055503622144
568032524749942784
568051218477654016
568090175122907136
568105722413649920
568115829616861184
568166478572204032
568175282919739392
568294699515187200
568437004045672448
568462402875863041
568558478039625728
568690023513526272
568701051903336448
568838717303074816
568929652003217409
568946758404808704
569002746117902336
569162276403609600
569163008309657600
569259333197930498
569309777567875075
569339072805797888
569347934866636800
569470098534207489
569577455176048642
569597328522387456
569628242044428288
569631508379664384
569644335014092800
569671624921915392
569676250312249344
569706793531629570
569716646165778432
569777772115193856
569825133705216001
569842196045656064
567748987512705027
567767810655670272
567895533664120832
567922347669262336
567982055503622144
568032524749942784
568051218477654016
568090175122907136
568105722413649920
568115829616861184
568166478572204032
568175282919739392
568294699515187200
568437004045672448
568462402875863041
568558478039625728
568690023513526272
568701051903336448
568838717303074816
568929652003217409
568946758404808704
569002746117902336
569162276403609600
569163008309657600
569259333197930498
569309777567875075
569339072805797888
569347934866636800
569470098534207489
569577455176048642
569597328522387456
569628242044428288
569631508379664384
569644335014092800
569671624921915392
569676250312249344
569706793531629570
569716646165778432
569777772115193856
569825133705216001
569842196045656064
569866091998126080
569878547197616128
569925190236442624
569927965007417344
569999956796444674
570009129579900928
570024300905783296
570202173172281344
570213186139525120
570228904469725184
570260984704700417
570267562623152128
570269633778855936
567748987512705027
567767810655670272
567895533664120832
567922347669262336
567982055503622144
568032524749942784
568051218477654016
568090175122907136
568105722413649920
568115829616861184
568166478572204032
568175282919739392
568294699515187200
568437004045672448
568462402875863041
568558478039625728
568690023513526272
568701051903336448
568838717303074816
568929652003217409
568946758404808704
569002746117902336
569162276403609600
569163008309657600
569259333197930498
569309777567875075
569339072805797888
569347934866636800
569470098534207489
569577455176048642
569597328522387456
569628242044428288
569631508379664384
569644335014092800
569671624921915392
569676250312249344
569706793531629570
569716646165778432
569777772115193856
569825133705216001
569842196045656064
569866091998126080
569878547197616128
569925190236442624
569927965007417344
569999956796444674
570009129579900928
570024300905783296
570202173172281344
570213186139525120
570228904469725184
570260984704700417
570267562623152128
570269633778855936
567748987512705027
567767810655670272
567895533664120832
567922347669262336
567982055503622144
568032524749942784
568051218477654016
568090175122907136
568105722413649920
568115829616861184
568166478572204032
568175282919739392
568294699515187200
568437004045672448
568462402875863041
568558478039625728
568690023513526272
568701051903336448
568838717303074816
568929652003217409
568946758404808704
569002746117902336
569162276403609600
569163008309657600
569259333197930498
569309777567875075
569339072805797888
569347934866636800
569470098534207489
569577455176048642
569597328522387456
569628242044428288
569631508379664384
569644335014092800
569671624921915392
569676250312249344
569706793531629570
569716646165778432
569777772115193856
569825133705216001
569842196045656064
569866091998126080
569878547197616128
569925190236442624
569927965007417344
569999956796444674
570009129579900928
570024300905783296
570202173172281344
570213186139525120
570228904469725184
570260984704700417
570267562623152128
570269633778855936
567748987512705027
567767810655670272
567895533664120832
567922347669262336
567982055503622144
568032524749942784
568051218477654016
568090175122907136
568105722413649920
568115829616861184
568166478572204032
568175282919739392
568294699515187200
568437004045672448
568462402875863041
568558478039625728
568690023513526272
568701051903336448
568838717303074816
568929652003217409
568946758404808704
569002746117902336
569162276403609600
569163008309657600
569259333197930498
569309777567875075
569339072805797888
569347934866636800
569470098534207489
569577455176048642
569597328522387456
569628242044428288
569631508379664384
569644335014092800
569671624921915392
569676250312249344
569706793531629570
569716646165778432
569777772115193856
569825133705216001
569842196045656064
569866091998126080
569878547197616128
569925190236442624
569927965007417344
569999956796444674
570009129579900928
570024300905783296
570202173172281344
570213186139525120
570228904469725184
570260984704700417
570267562623152128
570269633778855936
567748987512705027
567767810655670272
567895533664120832
567922347669262336
567982055503622144
568032524749942784
568051218477654016
568090175122907136
568105722413649920
568115829616861184
568166478572204032
568175282919739392
568294699515187200
568437004045672448
568462402875863041
568558478039625728
568690023513526272
568701051903336448
568838717303074816
568929652003217409
568946758404808704
569002746117902336
569162276403609600
569163008309657600
569259333197930498
569309777567875075
569339072805797888
569347934866636800
569470098534207489
569577455176048642
569597328522387456
569628242044428288
569631508379664384
569644335014092800
569671624921915392
569676250312249344
569706793531629570
569716646165778432
569777772115193856
569825133705216001
569842196045656064
569866091998126080
569878547197616128
569925190236442624
569927965007417344
569999956796444674
570009129579900928
570024300905783296
570202173172281344
570213186139525120
570228904469725184
570260984704700417
570267562623152128
570269633778855936
567748987512705027
567767810655670272
567895533664120832
567922347669262336
567982055503622144
568032524749942784
568051218477654016
568090175122907136
568105722413649920
568115829616861184
568166478572204032
568175282919739392
568294699515187200
568437004045672448
568462402875863041
568558478039625728
568690023513526272
568701051903336448
568838717303074816
568929652003217409
568946758404808704
569002746117902336
569162276403609600
569163008309657600
569259333197930498
569309777567875075
569339072805797888
569347934866636800
569470098534207489
569577455176048642
569597328522387456
569628242044428288
569631508379664384
569644335014092800
569671624921915392
569676250312249344
569706793531629570
569716646165778432
569777772115193856
569825133705216001
569842196045656064
569866091998126080
569878547197616128
569925190236442624
569927965007417344
569999956796444674
570009129579900928
570024300905783296
570202173172281344
570213186139525120
570228904469725184
570260984704700417
570267562623152128
570269633778855936
