568076556997775360
569627005852917762
568076556997775360
569627005852917762
568076556997775360
569627005852917762
569890103989903360
569890211301191680
569890333456117760
569891267666006016
569891377351233536
568076556997775360
569627005852917762
569890103989903360
569890211301191680
569890333456117760
569891267666006016
569891377351233536
568076556997775360
569627005852917762
569890103989903360
569890211301191680
569890333456117760
569891267666006016
569891377351233536
568076556997775360
569627005852917762
569890103989903360
569890211301191680
569890333456117760
569891267666006016
569891377351233536
568076556997775360
569627005852917762
569890103989903360
569890211301191680
569890333456117760
569891267666006016
569891377351233536
568076556997775360
569627005852917762
569890103989903360
569890211301191680
569890333456117760
569891267666006016
569891377351233536
