569163371746095104
569618014141751298
569620355783925760
569163371746095104
569618014141751298
569620355783925760
569163371746095104
569618014141751298
569620355783925760
569978537953902592
570016801192456192
570027259999821824
569163371746095104
569618014141751298
569620355783925760
569978537953902592
570016801192456192
570027259999821824
569163371746095104
569618014141751298
569620355783925760
569978537953902592
570016801192456192
570027259999821824
569163371746095104
569618014141751298
569620355783925760
569978537953902592
570016801192456192
570027259999821824
569163371746095104
569618014141751298
569620355783925760
569978537953902592
570016801192456192
570027259999821824
569163371746095104
569618014141751298
569620355783925760
569978537953902592
570016801192456192
570027259999821824
