567886632155680770
568429136584286209
568437415603507200
568437634835595264
568441576206286848
569319723889876993
569337064484962304
569503649677750272
569640141989552128
569668198389436416
567886632155680770
568429136584286209
568437415603507200
568437634835595264
568441576206286848
569319723889876993
569337064484962304
569503649677750272
569640141989552128
569668198389436416
567886632155680770
568429136584286209
568437415603507200
568437634835595264
568441576206286848
569319723889876993
569337064484962304
569503649677750272
569640141989552128
569668198389436416
569933646385188864
569974656653877248
570059381284302848
570212491134930945
570260294846451712
567886632155680770
568429136584286209
568437415603507200
568437634835595264
568441576206286848
569319723889876993
569337064484962304
569503649677750272
569640141989552128
569668198389436416
569933646385188864
569974656653877248
570059381284302848
570212491134930945
570260294846451712
567886632155680770
568429136584286209
568437415603507200
568437634835595264
568441576206286848
569319723889876993
569337064484962304
569503649677750272
569640141989552128
569668198389436416
569933646385188864
569974656653877248
570059381284302848
570212491134930945
570260294846451712
567886632155680770
568429136584286209
568437415603507200
568437634835595264
568441576206286848
569319723889876993
569337064484962304
569503649677750272
569640141989552128
569668198389436416
569933646385188864
569974656653877248
570059381284302848
570212491134930945
570260294846451712
567886632155680770
568429136584286209
568437415603507200
568437634835595264
568441576206286848
569319723889876993
569337064484962304
569503649677750272
569640141989552128
569668198389436416
569933646385188864
569974656653877248
570059381284302848
570212491134930945
570260294846451712
567886632155680770
568429136584286209
568437415603507200
568437634835595264
568441576206286848
569319723889876993
569337064484962304
569503649677750272
569640141989552128
569668198389436416
569933646385188864
569974656653877248
570059381284302848
570212491134930945
570260294846451712
