567879304593408001
568418531777355776
568444650903748609
568535163690287104
568535586325303296
568818669024907264
569283511192051712
569338492515278848
569485882941509632
569606966772940801
569706873525391360
569762365572558848
569762940816990208
567879304593408001
568418531777355776
568444650903748609
568535163690287104
568535586325303296
568818669024907264
569283511192051712
569338492515278848
569485882941509632
569606966772940801
569706873525391360
569762365572558848
569762940816990208
569834960107868160
567879304593408001
568418531777355776
568444650903748609
568535163690287104
568535586325303296
568818669024907264
569283511192051712
569338492515278848
569485882941509632
569606966772940801
569706873525391360
569762365572558848
569762940816990208
569834960107868160
569850182784966656
570009228867293185
570047946932101120
567879304593408001
568418531777355776
568444650903748609
568535163690287104
568535586325303296
568818669024907264
569283511192051712
569338492515278848
569485882941509632
569606966772940801
569706873525391360
569762365572558848
569762940816990208
569834960107868160
569850182784966656
570009228867293185
570047946932101120
567879304593408001
568418531777355776
568444650903748609
568535163690287104
568535586325303296
568818669024907264
569283511192051712
569338492515278848
569485882941509632
569606966772940801
569706873525391360
569762365572558848
569762940816990208
569834960107868160
569850182784966656
570009228867293185
570047946932101120
567879304593408001
568418531777355776
568444650903748609
568535163690287104
568535586325303296
568818669024907264
569283511192051712
569338492515278848
569485882941509632
569606966772940801
569706873525391360
569762365572558848
569762940816990208
569834960107868160
569850182784966656
570009228867293185
570047946932101120
567879304593408001
568418531777355776
568444650903748609
568535163690287104
568535586325303296
568818669024907264
569283511192051712
569338492515278848
569485882941509632
569606966772940801
569706873525391360
569762365572558848
569762940816990208
569834960107868160
569850182784966656
570009228867293185
570047946932101120
567879304593408001
568418531777355776
568444650903748609
568535163690287104
568535586325303296
568818669024907264
569283511192051712
569338492515278848
569485882941509632
569606966772940801
569706873525391360
569762365572558848
569762940816990208
569834960107868160
569850182784966656
570009228867293185
570047946932101120
