567595670463205376
567714192980201472
567728057700876288
567734128011784192
567738065595019265
567738388980068352
567742912579272704
567744381432516608
567747668512735232
567765716527771648
567766130907832322
567769337256484864
567776148864913408
567790793197629440
567802570912305152
567825347439370240
567826054522617858
567840103122509825
567847120990048256
567864395264573441
567865703765798912
567866540424560640
567879888490868736
567885370064506880
567892395867656193
567902218059264000
567919391515348992
567928302725263360
567982055503622144
568020431036420096
568055678201438208
568062811856703489
568063784318832640
568066878192508928
568077514905505792
568101176551452673
568104397869350912
568105570215055360
568109592338518016
568134171761065984
568149912665198592
568152534507855872
568174975028465664
568178665189711872
568180768804978688
568187636449472513
568195569350549504
568199678896037890
568239189055176704
568240532746473472
568251315220041728
568256282668302337
568258906159501312
568266890499346432
568273514970501120
568276805972570112
568280611552681985
568374502582816768
568395094232932352
568419711521841152
568421732157161472
568432609866457088
568450643175866368
568454386617356291
568460351873937408
568466673990307840
568482893913333762
568487439062441984
568491434397073408
568509134276050945
568523003778084864
568528082841112576
568531035723603968
568552050797068290
568568197147799552
568578381320597504
568586894776406017
568587490971533312
568594180014014464
568595828232863745
568606704566439936
568620349027323905
568626857576407041
568641157724549120
568656014481846272
568724832898162688
568735994838589441
568775146703589376
568779794902614016
568788152955092992
568795018816675841
568797401772892161
568797966489690112
568800822693380096
568804253151731712
568809510644527104
568812829324775428
568813356296982528
568818695562260481
568848259008962560
568881580015366145
568887349481861120
568898784861814785
568912588748292097
568938023439765504
568946502615179264
568947313676148737
568948323916255233
568950548411461632
568951922734055424
568958227888500736
568960570486976513
568974120030875648
568996669167181824
569011185439285248
569072664997801984
569078346660900864
569108069893992448
569117360965193728
569124496990466051
569143704109215745
569165102307545088
569189803746574337
569190606276333568
569196241252282368
569205327465476096
569207022597509120
569213197485514752
569232785786998785
569233531483918337
569244957698969602
569277477652172800
569277813280415744
569282249717194754
569285269981167616
569298251418959872
569318589817364481
569318947729887232
569325511635308544
569328755409326080
569331162897739776
569341255399964672
569344744297521152
569345132866220032
569346870423769088
569347125575725057
569361701495304192
569366846547369984
569372015980707840
569377149045444608
569388260633542657
569418351295926273
569418962108162048
569420073707773952
569444456660750337
569450700532535296
569459269394956288
569487121897033728
569493923451834369
569522354008805376
569526325255364609
569567084721655808
569570013964689410
569578016843669504
569597885446270976
569600009097904128
569600462661554177
569601913832022016
569603590349848576
569604208661409792
569604330229092352
569604453462110208
569608870429114368
569609887388270592
569617019257151488
569617202984255490
569619545893306369
569620850820956160
569620910019182592
569622053214507008
569622819283337218
569626585365671938
569627079458865153
569627485240844288
569630712233627648
569636885863251969
569638751598563328
569641247075213312
569642845516275712
569644766779936768
569646280214847488
569646446586171392
569646613183885312
569652631938985984
569659668412407808
569660740396720128
569660864653099009
569663687948181504
569665258605842434
569667805643034624
569669795559432192
569672329321701376
569678544869199872
569679450750750720
569684433218875392
569691389958553600
569694483769659392
569698882797641728
569699607707398146
569701004188508161
569703417628770304
569710627649761282
569718461217308673
569724822177095680
569729072697352192
569729821397291008
569730182371635200
569742876793372672
569748289945362435
569748687812845568
569759330662109185
569787573725491200
569802676914909184
569803373530128384
567595670463205376
567714192980201472
567728057700876288
567734128011784192
567738065595019265
567738388980068352
567742912579272704
567744381432516608
567747668512735232
567765716527771648
567766130907832322
567769337256484864
567776148864913408
567790793197629440
567802570912305152
567825347439370240
567826054522617858
567840103122509825
567847120990048256
567864395264573441
567865703765798912
567866540424560640
567879888490868736
567885370064506880
567892395867656193
567902218059264000
567919391515348992
567928302725263360
567982055503622144
568020431036420096
568055678201438208
568062811856703489
568063784318832640
568066878192508928
568077514905505792
568101176551452673
568104397869350912
568105570215055360
568109592338518016
568134171761065984
568149912665198592
568152534507855872
568174975028465664
568178665189711872
568180768804978688
568187636449472513
568195569350549504
568199678896037890
568239189055176704
568240532746473472
568251315220041728
568256282668302337
568258906159501312
568266890499346432
568273514970501120
568276805972570112
568280611552681985
568374502582816768
568395094232932352
568419711521841152
568421732157161472
568432609866457088
568450643175866368
568454386617356291
568460351873937408
568466673990307840
568482893913333762
568487439062441984
568491434397073408
568509134276050945
568523003778084864
568528082841112576
568531035723603968
568552050797068290
568568197147799552
568578381320597504
568586894776406017
568587490971533312
568594180014014464
568595828232863745
568606704566439936
568620349027323905
568626857576407041
568641157724549120
568656014481846272
568724832898162688
568735994838589441
568775146703589376
568779794902614016
568788152955092992
568795018816675841
568797401772892161
568797966489690112
568800822693380096
568804253151731712
568809510644527104
568812829324775428
568813356296982528
568818695562260481
568848259008962560
568881580015366145
568887349481861120
568898784861814785
568912588748292097
568938023439765504
568946502615179264
568947313676148737
568948323916255233
568950548411461632
568951922734055424
568958227888500736
568960570486976513
568974120030875648
568996669167181824
569011185439285248
569072664997801984
569078346660900864
569108069893992448
569117360965193728
569124496990466051
569143704109215745
569165102307545088
569189803746574337
569190606276333568
569196241252282368
569205327465476096
569207022597509120
569213197485514752
569232785786998785
569233531483918337
569244957698969602
569277477652172800
569277813280415744
569282249717194754
569285269981167616
569298251418959872
569318589817364481
569318947729887232
569325511635308544
569328755409326080
569331162897739776
569341255399964672
569344744297521152
569345132866220032
569346870423769088
569347125575725057
569361701495304192
569366846547369984
569372015980707840
569377149045444608
569388260633542657
569418351295926273
569418962108162048
569420073707773952
569444456660750337
569450700532535296
569459269394956288
569487121897033728
569493923451834369
569522354008805376
569526325255364609
569567084721655808
569570013964689410
569578016843669504
569597885446270976
569600009097904128
569600462661554177
569601913832022016
569603590349848576
569604208661409792
569604330229092352
569604453462110208
569608870429114368
569609887388270592
569617019257151488
569617202984255490
569619545893306369
569620850820956160
569620910019182592
569622053214507008
569622819283337218
569626585365671938
569627079458865153
569627485240844288
569630712233627648
569636885863251969
569638751598563328
569641247075213312
569642845516275712
569644766779936768
569646280214847488
569646446586171392
569646613183885312
569652631938985984
569659668412407808
569660740396720128
569660864653099009
569663687948181504
569665258605842434
569667805643034624
569669795559432192
569672329321701376
569678544869199872
569679450750750720
569684433218875392
569691389958553600
569694483769659392
569698882797641728
569699607707398146
569701004188508161
569703417628770304
569710627649761282
569718461217308673
569724822177095680
569729072697352192
569729821397291008
569730182371635200
569742876793372672
569748289945362435
569748687812845568
569759330662109185
569787573725491200
569802676914909184
569803373530128384
569832053241450496
569843745157451776
567595670463205376
567714192980201472
567728057700876288
567734128011784192
567738065595019265
567738388980068352
567742912579272704
567744381432516608
567747668512735232
567765716527771648
567766130907832322
567769337256484864
567776148864913408
567790793197629440
567802570912305152
567825347439370240
567826054522617858
567840103122509825
567847120990048256
567864395264573441
567865703765798912
567866540424560640
567879888490868736
567885370064506880
567892395867656193
567902218059264000
567919391515348992
567928302725263360
567982055503622144
568020431036420096
568055678201438208
568062811856703489
568063784318832640
568066878192508928
568077514905505792
568101176551452673
568104397869350912
568105570215055360
568109592338518016
568134171761065984
568149912665198592
568152534507855872
568174975028465664
568178665189711872
568180768804978688
568187636449472513
568195569350549504
568199678896037890
568239189055176704
568240532746473472
568251315220041728
568256282668302337
568258906159501312
568266890499346432
568273514970501120
568276805972570112
568280611552681985
568374502582816768
568395094232932352
568419711521841152
568421732157161472
568432609866457088
568450643175866368
568454386617356291
568460351873937408
568466673990307840
568482893913333762
568487439062441984
568491434397073408
568509134276050945
568523003778084864
568528082841112576
568531035723603968
568552050797068290
568568197147799552
568578381320597504
568586894776406017
568587490971533312
568594180014014464
568595828232863745
568606704566439936
568620349027323905
568626857576407041
568641157724549120
568656014481846272
568724832898162688
568735994838589441
568775146703589376
568779794902614016
568788152955092992
568795018816675841
568797401772892161
568797966489690112
568800822693380096
568804253151731712
568809510644527104
568812829324775428
568813356296982528
568818695562260481
568848259008962560
568881580015366145
568887349481861120
568898784861814785
568912588748292097
568938023439765504
568946502615179264
568947313676148737
568948323916255233
568950548411461632
568951922734055424
568958227888500736
568960570486976513
568974120030875648
568996669167181824
569011185439285248
569072664997801984
569078346660900864
569108069893992448
569117360965193728
569124496990466051
569143704109215745
569165102307545088
569189803746574337
569190606276333568
569196241252282368
569205327465476096
569207022597509120
569213197485514752
569232785786998785
569233531483918337
569244957698969602
569277477652172800
569277813280415744
569282249717194754
569285269981167616
569298251418959872
569318589817364481
569318947729887232
569325511635308544
569328755409326080
569331162897739776
569341255399964672
569344744297521152
569345132866220032
569346870423769088
569347125575725057
569361701495304192
569366846547369984
569372015980707840
569377149045444608
569388260633542657
569418351295926273
569418962108162048
569420073707773952
569444456660750337
569450700532535296
569459269394956288
569487121897033728
569493923451834369
569522354008805376
569526325255364609
569567084721655808
569570013964689410
569578016843669504
569597885446270976
569600009097904128
569600462661554177
569601913832022016
569603590349848576
569604208661409792
569604330229092352
569604453462110208
569608870429114368
569609887388270592
569617019257151488
569617202984255490
569619545893306369
569620850820956160
569620910019182592
569622053214507008
569622819283337218
569626585365671938
569627079458865153
569627485240844288
569630712233627648
569636885863251969
569638751598563328
569641247075213312
569642845516275712
569644766779936768
569646280214847488
569646446586171392
569646613183885312
569652631938985984
569659668412407808
569660740396720128
569660864653099009
569663687948181504
569665258605842434
569667805643034624
569669795559432192
569672329321701376
569678544869199872
569679450750750720
569684433218875392
569691389958553600
569694483769659392
569698882797641728
569699607707398146
569701004188508161
569703417628770304
569710627649761282
569718461217308673
569724822177095680
569729072697352192
569729821397291008
569730182371635200
569742876793372672
569748289945362435
569748687812845568
569759330662109185
569787573725491200
569802676914909184
569803373530128384
569832053241450496
569843745157451776
569857624549625856
569859036360908801
569860355746213893
569866091998126080
569871979739635712
569884943217762304
569886288691773440
569887584861749250
569888244155981825
569890681361186818
569891937924358145
569895176631554049
569905052447592448
569910774556004352
569914808339836928
569924393976987649
569928540004753409
569935135895883776
569937017150291968
569940832691752960
569941616649244673
569950766485540864
569963645402099712
569964915710038016
569969218306904067
569970186431959040
569972250385862656
569980177247285249
569980269379358720
569981722470834176
569983093341347842
569992532123258881
569993494715977728
569998668775862272
569999091028983808
570001283907768320
570002454839820288
570015279654293505
570017634495787009
570021682569555968
570038882294607873
570042981794729985
570059530567962624
570060726523584512
570061033253023744
570065297568194560
570066450796257280
570070880983711744
570074077383102464
570083363169669121
570083458925490176
570087950156898305
570089091276128258
570110386827087872
570112074249928704
570116329694310400
570121588487663616
570123386925539329
570151698489954304
570174794425098241
570185364746461184
570197868813918208
570204900375687168
570205088595058688
570210502955155456
570217425100148738
570229133445242880
570231192102019072
570231607757381632
570234650448125952
570239546673238017
570245402982785024
570247748286435328
570248011621609472
570249204767055872
570254368538173440
570255201069899776
570260294846451712
570268558451720193
570272186419847168
570283851018317824
570284840752427008
570299182310944768
570306715880706049
570307026263384064
570309308937842688
