567745702231830529
567760797062152192
567786807224705027
567801567630618624
567853497435160577
567864523585118208
567875699056467968
567901996763602945
567903480993558528
567906374870528001
567949332395249664
567972416846217216
567999609248858112
568054866045747200
568069616003629057
568085308727808000
568111779705958400
568112076549451776
568116996761452544
568128069845848064
568165395279929344
568176529584173056
568186047659507712
568187959276646401
568258726668443648
568281546999754752
568391382496378880
568419711521841152
568423284401836032
568426489055719425
568434729684307970
568442989258911745
568444650903748609
568465174702772226
568466673990307840
568498446216400896
568502210268692480
568502226597101568
568511474580066304
568542819788451841
568552775325364224
568556874439790594
568578571129761794
568605590735294464
568631249989988354
568731155303956480
568752276040495104
568776831006064640
568787210188812289
568803679018491904
568812129308053504
568816016622354432
568826365878730753
568828112626012160
568830888089423872
568856905445199872
568858361011154944
568861835568369664
568870473934761985
568884751022624768
568891505869344770
568899893206450176
568901905910521856
568903820283158528
568916807815438336
568919230671794176
568987808792223744
569000361735761920
569002384258502656
569107706302357504
569117360965193728
569132950006185985
569143915405651968
569164886397353985
569183494259273728
569190606276333568
569190811113525249
569203705750237184
569206387483525120
569213197485514752
569236471690829825
569242111100514305
569243889011281920
569248000456970240
569248437050302464
569250990291062786
569260366221348864
569261791928315905
569270012894060545
569289254616076288
569301606891712512
569311644934807552
569325005823217664
569351289026568192
569355332113309696
569357196141719552
569373375988150272
569374011131453441
569495331399995392
569514501730643968
569515118125408256
569518979103924224
569521081125629953
569526559012495361
569533098402009088
569555413450027011
569559734199721984
569567144318365696
569578441508458496
569586471570534400
569604176960827392
569607852236640256
569608624814698496
569610871934205954
569616699604934656
569616883734974464
569620494724366336
569633323997212672
569635291490693120
569636929165242368
569644213224148993
569644697309872128
569652584761462784
569669174731153408
569675530792013824
569688201222160385
569691100090273792
569697701098602497
569699694454001664
569704587315138560
569716646165778432
569721972600528897
569724254473850880
569724918016839681
569730304111325184
569758414810849280
569769747019128832
567745702231830529
567760797062152192
567786807224705027
567801567630618624
567853497435160577
567864523585118208
567875699056467968
567901996763602945
567903480993558528
567906374870528001
567949332395249664
567972416846217216
567999609248858112
568054866045747200
568069616003629057
568085308727808000
568111779705958400
568112076549451776
568116996761452544
568128069845848064
568165395279929344
568176529584173056
568186047659507712
568187959276646401
568258726668443648
568281546999754752
568391382496378880
568419711521841152
568423284401836032
568426489055719425
568434729684307970
568442989258911745
568444650903748609
568465174702772226
568466673990307840
568498446216400896
568502210268692480
568502226597101568
568511474580066304
568542819788451841
568552775325364224
568556874439790594
568578571129761794
568605590735294464
568631249989988354
568731155303956480
568752276040495104
568776831006064640
568787210188812289
568803679018491904
568812129308053504
568816016622354432
568826365878730753
568828112626012160
568830888089423872
568856905445199872
568858361011154944
568861835568369664
568870473934761985
568884751022624768
568891505869344770
568899893206450176
568901905910521856
568903820283158528
568916807815438336
568919230671794176
568987808792223744
569000361735761920
569002384258502656
569107706302357504
569117360965193728
569132950006185985
569143915405651968
569164886397353985
569183494259273728
569190606276333568
569190811113525249
569203705750237184
569206387483525120
569213197485514752
569236471690829825
569242111100514305
569243889011281920
569248000456970240
569248437050302464
569250990291062786
569260366221348864
569261791928315905
569270012894060545
569289254616076288
569301606891712512
569311644934807552
569325005823217664
569351289026568192
569355332113309696
569357196141719552
569373375988150272
569374011131453441
569495331399995392
569514501730643968
569515118125408256
569518979103924224
569521081125629953
569526559012495361
569533098402009088
569555413450027011
569559734199721984
569567144318365696
569578441508458496
569586471570534400
569604176960827392
569607852236640256
569608624814698496
569610871934205954
569616699604934656
569616883734974464
569620494724366336
569633323997212672
569635291490693120
569636929165242368
569644213224148993
569644697309872128
569652584761462784
569669174731153408
569675530792013824
569688201222160385
569691100090273792
569697701098602497
569699694454001664
569704587315138560
569716646165778432
569721972600528897
569724254473850880
569724918016839681
569730304111325184
569758414810849280
569769747019128832
569837686367744000
569839377104285696
569839559728439296
567745702231830529
567760797062152192
567786807224705027
567801567630618624
567853497435160577
567864523585118208
567875699056467968
567901996763602945
567903480993558528
567906374870528001
567949332395249664
567972416846217216
567999609248858112
568054866045747200
568069616003629057
568085308727808000
568111779705958400
568112076549451776
568116996761452544
568128069845848064
568165395279929344
568176529584173056
568186047659507712
568187959276646401
568258726668443648
568281546999754752
568391382496378880
568419711521841152
568423284401836032
568426489055719425
568434729684307970
568442989258911745
568444650903748609
568465174702772226
568466673990307840
568498446216400896
568502210268692480
568502226597101568
568511474580066304
568542819788451841
568552775325364224
568556874439790594
568578571129761794
568605590735294464
568631249989988354
568731155303956480
568752276040495104
568776831006064640
568787210188812289
568803679018491904
568812129308053504
568816016622354432
568826365878730753
568828112626012160
568830888089423872
568856905445199872
568858361011154944
568861835568369664
568870473934761985
568884751022624768
568891505869344770
568899893206450176
568901905910521856
568903820283158528
568916807815438336
568919230671794176
568987808792223744
569000361735761920
569002384258502656
569107706302357504
569117360965193728
569132950006185985
569143915405651968
569164886397353985
569183494259273728
569190606276333568
569190811113525249
569203705750237184
569206387483525120
569213197485514752
569236471690829825
569242111100514305
569243889011281920
569248000456970240
569248437050302464
569250990291062786
569260366221348864
569261791928315905
569270012894060545
569289254616076288
569301606891712512
569311644934807552
569325005823217664
569351289026568192
569355332113309696
569357196141719552
569373375988150272
569374011131453441
569495331399995392
569514501730643968
569515118125408256
569518979103924224
569521081125629953
569526559012495361
569533098402009088
569555413450027011
569559734199721984
569567144318365696
569578441508458496
569586471570534400
569604176960827392
569607852236640256
569608624814698496
569610871934205954
569616699604934656
569616883734974464
569620494724366336
569633323997212672
569635291490693120
569636929165242368
569644213224148993
569644697309872128
569652584761462784
569669174731153408
569675530792013824
569688201222160385
569691100090273792
569697701098602497
569699694454001664
569704587315138560
569716646165778432
569721972600528897
569724254473850880
569724918016839681
569730304111325184
569758414810849280
569769747019128832
569837686367744000
569839377104285696
569839559728439296
569849299850305536
569849517077622786
569851952282112000
569872896199258113
569872921700667392
569880100218544128
569884756684476416
569890600474021889
569905298481274880
569910774556004352
569910996824780801
569911344658386944
569911713459408896
569918035097731072
569919970446053377
569920773105840128
569932287380467712
569947033857069057
569950450352414720
569954475433201665
569959415433965569
569962943980285952
569964888870793216
569967197478526976
569967469135142914
569969374875881472
569984682873352192
569985084348104704
569989291188695040
570007457055055873
570015408788414464
570015715530395648
570021225323298816
570036932270358528
570050635703300096
570050691173101568
570078733735821313
570083021099032576
570083397873373184
570092677196181507
570100233398571008
570106579879645185
570115243747074048
570159741441335296
570169567374401536
570172301163008000
570173181727674368
570176385534300160
570203218686423041
570203943671865345
570204972589002752
570232122826493953
570235686470746112
570244910563110912
570262460395098112
570264474784894976
570275314036649984
570282555057909760
570291431195205633
570296670568751106
570298918971576320
570300915418320897
570301670892146688
570304445336178688
