567727599627943936
567734329212940288
567734499669454848
567741610373685250
567753747283988481
567753815634370560
567755768037130241
567758065320361985
567767997981671424
567776148864913408
567804700951855104
567818156607074304
567822613608718336
567825347439370240
567827442657677313
567840732305858560
567842466851905536
567847966989508608
567859714169708544
567895533664120832
567902121992921088
567905158346207233
567908046619439104
567919558649995264
568054687993352192
568069363280035840
568070522908442625
568159685238329344
568173388663013377
568185092163678208
568210743390117888
568214100578324480
568218884060241920
568270768989081600
568282478076669952
568288672627318784
568421732157161472
568422177571258368
568423588077936640
568428971504889856
568433045805465600
568440431454736384
568444029257584640
568451219477250048
568456334581981184
568458813189197824
568484161356476416
568496861797076992
568545438976102400
568551504505802752
568560510896963584
568562718854111233
568574897988874240
568574989688901632
568590189582536704
568623603496792064
568626974278733826
568642209823612929
568651726858747904
568654569976123392
568657247896788992
568746335446441984
568760152129720320
568781450146787328
568797120410619904
568802013196242944
568817894030741504
568818328132841472
568836750598123521
568850826552320000
568854763057475584
568855505747095552
568860520796725248
568862015575461889
568863902106320896
568882321119510528
568882449922416641
568882601261273089
568931356287365120
568937199145783297
568953095423705088
568963218703564800
568963398781808640
569007852607680512
569017631602139137
569020829033492480
569085417045143552
569126026938335232
569169274109100032
569183099495383040
569217342380445696
569223653952323584
569229557468827648
569230567759327233
569233400592257024
569238014418944000
569244956663148544
569247029446119424
569273409252827137
569307978798645248
569311060903268352
569325061892481024
569337230935724032
569361701495304192
569380122194636800
569439089063280640
569456923663151104
569463202817417216
569490688569679872
569497791623512065
569527951831666688
569533394025099265
569533875308916736
569558096613380098
569558986665537537
569600757516914688
569604176960827392
569604909571678208
569620598307074048
569622568459636736
569629692661268480
569630106940895233
569633689665216512
569644902637813761
569645701291843584
569649433635368961
569649806202642432
569658903044218880
569659556869120000
569661509988708352
569662145886957568
569668883147137024
569669921258409985
569672099704508416
569672292919173120
569674356915347456
569676204728389632
569678749056294913
569679888682061826
569688335788036096
569690433996984320
569693300120113152
569693689766907904
569698856037789696
569704454376660992
569724682695368705
569734065697353729
569735732060753921
569769643864408064
569782352223666176
569815545077501952
567727599627943936
567734329212940288
567734499669454848
567741610373685250
567753747283988481
567753815634370560
567755768037130241
567758065320361985
567767997981671424
567776148864913408
567804700951855104
567818156607074304
567822613608718336
567825347439370240
567827442657677313
567840732305858560
567842466851905536
567847966989508608
567859714169708544
567895533664120832
567902121992921088
567905158346207233
567908046619439104
567919558649995264
568054687993352192
568069363280035840
568070522908442625
568159685238329344
568173388663013377
568185092163678208
568210743390117888
568214100578324480
568218884060241920
568270768989081600
568282478076669952
568288672627318784
568421732157161472
568422177571258368
568423588077936640
568428971504889856
568433045805465600
568440431454736384
568444029257584640
568451219477250048
568456334581981184
568458813189197824
568484161356476416
568496861797076992
568545438976102400
568551504505802752
568560510896963584
568562718854111233
568574897988874240
568574989688901632
568590189582536704
568623603496792064
568626974278733826
568642209823612929
568651726858747904
568654569976123392
568657247896788992
568746335446441984
568760152129720320
568781450146787328
568797120410619904
568802013196242944
568817894030741504
568818328132841472
568836750598123521
568850826552320000
568854763057475584
568855505747095552
568860520796725248
568862015575461889
568863902106320896
568882321119510528
568882449922416641
568882601261273089
568931356287365120
568937199145783297
568953095423705088
568963218703564800
568963398781808640
569007852607680512
569017631602139137
569020829033492480
569085417045143552
569126026938335232
569169274109100032
569183099495383040
569217342380445696
569223653952323584
569229557468827648
569230567759327233
569233400592257024
569238014418944000
569244956663148544
569247029446119424
569273409252827137
569307978798645248
569311060903268352
569325061892481024
569337230935724032
569361701495304192
569380122194636800
569439089063280640
569456923663151104
569463202817417216
569490688569679872
569497791623512065
569527951831666688
569533394025099265
569533875308916736
569558096613380098
569558986665537537
569600757516914688
569604176960827392
569604909571678208
569620598307074048
569622568459636736
569629692661268480
569630106940895233
569633689665216512
569644902637813761
569645701291843584
569649433635368961
569649806202642432
569658903044218880
569659556869120000
569661509988708352
569662145886957568
569668883147137024
569669921258409985
569672099704508416
569672292919173120
569674356915347456
569676204728389632
569678749056294913
569679888682061826
569688335788036096
569690433996984320
569693300120113152
569693689766907904
569698856037789696
569704454376660992
569724682695368705
569734065697353729
569735732060753921
569769643864408064
569782352223666176
569815545077501952
569830532516868097
569838466697175040
569838593423708160
569839559728439296
567727599627943936
567734329212940288
567734499669454848
567741610373685250
567753747283988481
567753815634370560
567755768037130241
567758065320361985
567767997981671424
567776148864913408
567804700951855104
567818156607074304
567822613608718336
567825347439370240
567827442657677313
567840732305858560
567842466851905536
567847966989508608
567859714169708544
567895533664120832
567902121992921088
567905158346207233
567908046619439104
567919558649995264
568054687993352192
568069363280035840
568070522908442625
568159685238329344
568173388663013377
568185092163678208
568210743390117888
568214100578324480
568218884060241920
568270768989081600
568282478076669952
568288672627318784
568421732157161472
568422177571258368
568423588077936640
568428971504889856
568433045805465600
568440431454736384
568444029257584640
568451219477250048
568456334581981184
568458813189197824
568484161356476416
568496861797076992
568545438976102400
568551504505802752
568560510896963584
568562718854111233
568574897988874240
568574989688901632
568590189582536704
568623603496792064
568626974278733826
568642209823612929
568651726858747904
568654569976123392
568657247896788992
568746335446441984
568760152129720320
568781450146787328
568797120410619904
568802013196242944
568817894030741504
568818328132841472
568836750598123521
568850826552320000
568854763057475584
568855505747095552
568860520796725248
568862015575461889
568863902106320896
568882321119510528
568882449922416641
568882601261273089
568931356287365120
568937199145783297
568953095423705088
568963218703564800
568963398781808640
569007852607680512
569017631602139137
569020829033492480
569085417045143552
569126026938335232
569169274109100032
569183099495383040
569217342380445696
569223653952323584
569229557468827648
569230567759327233
569233400592257024
569238014418944000
569244956663148544
569247029446119424
569273409252827137
569307978798645248
569311060903268352
569325061892481024
569337230935724032
569361701495304192
569380122194636800
569439089063280640
569456923663151104
569463202817417216
569490688569679872
569497791623512065
569527951831666688
569533394025099265
569533875308916736
569558096613380098
569558986665537537
569600757516914688
569604176960827392
569604909571678208
569620598307074048
569622568459636736
569629692661268480
569630106940895233
569633689665216512
569644902637813761
569645701291843584
569649433635368961
569649806202642432
569658903044218880
569659556869120000
569661509988708352
569662145886957568
569668883147137024
569669921258409985
569672099704508416
569672292919173120
569674356915347456
569676204728389632
569678749056294913
569679888682061826
569688335788036096
569690433996984320
569693300120113152
569693689766907904
569698856037789696
569704454376660992
569724682695368705
569734065697353729
569735732060753921
569769643864408064
569782352223666176
569815545077501952
569830532516868097
569838466697175040
569838593423708160
569839559728439296
569864863171764224
569868055502696449
569875093360238592
569891937924358145
569893140066213888
569899709734752256
569906807696551936
569912213068066816
569915529496027136
569917824078090242
569924393976987649
569936580883783680
569938487920566272
569946012988669954
569950980638412800
569959876706885632
569960010249334784
569967808446009345
569970608693493760
569985813712392194
569986978684362753
569989697449140224
569996446348517376
570000760035024896
570004771496714241
570009129579900928
570045153295011841
570054647689322496
570063450174464000
570063683256242177
570108519237558272
570108987284197376
570110386827087872
570219969717219328
570220053142097920
570229133445242880
570236014238699521
570255224155348992
570257336465387521
570263889696305152
570269272502607873
570277612389412864
570288667790594048
570307390752608257
570309000279023616
567727599627943936
567734329212940288
567734499669454848
567741610373685250
567753747283988481
567753815634370560
567755768037130241
567758065320361985
567767997981671424
567776148864913408
567804700951855104
567818156607074304
567822613608718336
567825347439370240
567827442657677313
567840732305858560
567842466851905536
567847966989508608
567859714169708544
567895533664120832
567902121992921088
567905158346207233
567908046619439104
567919558649995264
568054687993352192
568069363280035840
568070522908442625
568159685238329344
568173388663013377
568185092163678208
568210743390117888
568214100578324480
568218884060241920
568270768989081600
568282478076669952
568288672627318784
568421732157161472
568422177571258368
568423588077936640
568428971504889856
568433045805465600
568440431454736384
568444029257584640
568451219477250048
568456334581981184
568458813189197824
568484161356476416
568496861797076992
568545438976102400
568551504505802752
568560510896963584
568562718854111233
568574897988874240
568574989688901632
568590189582536704
568623603496792064
568626974278733826
568642209823612929
568651726858747904
568654569976123392
568657247896788992
568746335446441984
568760152129720320
568781450146787328
568797120410619904
568802013196242944
568817894030741504
568818328132841472
568836750598123521
568850826552320000
568854763057475584
568855505747095552
568860520796725248
568862015575461889
568863902106320896
568882321119510528
568882449922416641
568882601261273089
568931356287365120
568937199145783297
568953095423705088
568963218703564800
568963398781808640
569007852607680512
569017631602139137
569020829033492480
569085417045143552
569126026938335232
569169274109100032
569183099495383040
569217342380445696
569223653952323584
569229557468827648
569230567759327233
569233400592257024
569238014418944000
569244956663148544
569247029446119424
569273409252827137
569307978798645248
569311060903268352
569325061892481024
569337230935724032
569361701495304192
569380122194636800
569439089063280640
569456923663151104
569463202817417216
569490688569679872
569497791623512065
569527951831666688
569533394025099265
569533875308916736
569558096613380098
569558986665537537
569600757516914688
569604176960827392
569604909571678208
569620598307074048
569622568459636736
569629692661268480
569630106940895233
569633689665216512
569644902637813761
569645701291843584
569649433635368961
569649806202642432
569658903044218880
569659556869120000
569661509988708352
569662145886957568
569668883147137024
569669921258409985
569672099704508416
569672292919173120
569674356915347456
569676204728389632
569678749056294913
569679888682061826
569688335788036096
569690433996984320
569693300120113152
569693689766907904
569698856037789696
569704454376660992
569724682695368705
569734065697353729
569735732060753921
569769643864408064
569782352223666176
569815545077501952
569830532516868097
569838466697175040
569838593423708160
569839559728439296
569864863171764224
569868055502696449
569875093360238592
569891937924358145
569893140066213888
569899709734752256
569906807696551936
569912213068066816
569915529496027136
569917824078090242
569924393976987649
569936580883783680
569938487920566272
569946012988669954
569950980638412800
569959876706885632
569960010249334784
569967808446009345
569970608693493760
569985813712392194
569986978684362753
569989697449140224
569996446348517376
570000760035024896
570004771496714241
570009129579900928
570045153295011841
570054647689322496
570063450174464000
570063683256242177
570108519237558272
570108987284197376
570110386827087872
570219969717219328
570220053142097920
570229133445242880
570236014238699521
570255224155348992
570257336465387521
570263889696305152
570269272502607873
570277612389412864
570288667790594048
570307390752608257
570309000279023616
567727599627943936
567734329212940288
567734499669454848
567741610373685250
567753747283988481
567753815634370560
567755768037130241
567758065320361985
567767997981671424
567776148864913408
567804700951855104
567818156607074304
567822613608718336
567825347439370240
567827442657677313
567840732305858560
567842466851905536
567847966989508608
567859714169708544
567895533664120832
567902121992921088
567905158346207233
567908046619439104
567919558649995264
568054687993352192
568069363280035840
568070522908442625
568159685238329344
568173388663013377
568185092163678208
568210743390117888
568214100578324480
568218884060241920
568270768989081600
568282478076669952
568288672627318784
568421732157161472
568422177571258368
568423588077936640
568428971504889856
568433045805465600
568440431454736384
568444029257584640
568451219477250048
568456334581981184
568458813189197824
568484161356476416
568496861797076992
568545438976102400
568551504505802752
568560510896963584
568562718854111233
568574897988874240
568574989688901632
568590189582536704
568623603496792064
568626974278733826
568642209823612929
568651726858747904
568654569976123392
568657247896788992
568746335446441984
568760152129720320
568781450146787328
568797120410619904
568802013196242944
568817894030741504
568818328132841472
568836750598123521
568850826552320000
568854763057475584
568855505747095552
568860520796725248
568862015575461889
568863902106320896
568882321119510528
568882449922416641
568882601261273089
568931356287365120
568937199145783297
568953095423705088
568963218703564800
568963398781808640
569007852607680512
569017631602139137
569020829033492480
569085417045143552
569126026938335232
569169274109100032
569183099495383040
569217342380445696
569223653952323584
569229557468827648
569230567759327233
569233400592257024
569238014418944000
569244956663148544
569247029446119424
569273409252827137
569307978798645248
569311060903268352
569325061892481024
569337230935724032
569361701495304192
569380122194636800
569439089063280640
569456923663151104
569463202817417216
569490688569679872
569497791623512065
569527951831666688
569533394025099265
569533875308916736
569558096613380098
569558986665537537
569600757516914688
569604176960827392
569604909571678208
569620598307074048
569622568459636736
569629692661268480
569630106940895233
569633689665216512
569644902637813761
569645701291843584
569649433635368961
569649806202642432
569658903044218880
569659556869120000
569661509988708352
569662145886957568
569668883147137024
569669921258409985
569672099704508416
569672292919173120
569674356915347456
569676204728389632
569678749056294913
569679888682061826
569688335788036096
569690433996984320
569693300120113152
569693689766907904
569698856037789696
569704454376660992
569724682695368705
569734065697353729
569735732060753921
569769643864408064
569782352223666176
569815545077501952
569830532516868097
569838466697175040
569838593423708160
569839559728439296
569864863171764224
569868055502696449
569875093360238592
569891937924358145
569893140066213888
569899709734752256
569906807696551936
569912213068066816
569915529496027136
569917824078090242
569924393976987649
569936580883783680
569938487920566272
569946012988669954
569950980638412800
569959876706885632
569960010249334784
569967808446009345
569970608693493760
569985813712392194
569986978684362753
569989697449140224
569996446348517376
570000760035024896
570004771496714241
570009129579900928
570045153295011841
570054647689322496
570063450174464000
570063683256242177
570108519237558272
570108987284197376
570110386827087872
570219969717219328
570220053142097920
570229133445242880
570236014238699521
570255224155348992
570257336465387521
570263889696305152
570269272502607873
570277612389412864
570288667790594048
570307390752608257
570309000279023616
567727599627943936
567734329212940288
567734499669454848
567741610373685250
567753747283988481
567753815634370560
567755768037130241
567758065320361985
567767997981671424
567776148864913408
567804700951855104
567818156607074304
567822613608718336
567825347439370240
567827442657677313
567840732305858560
567842466851905536
567847966989508608
567859714169708544
567895533664120832
567902121992921088
567905158346207233
567908046619439104
567919558649995264
568054687993352192
568069363280035840
568070522908442625
568159685238329344
568173388663013377
568185092163678208
568210743390117888
568214100578324480
568218884060241920
568270768989081600
568282478076669952
568288672627318784
568421732157161472
568422177571258368
568423588077936640
568428971504889856
568433045805465600
568440431454736384
568444029257584640
568451219477250048
568456334581981184
568458813189197824
568484161356476416
568496861797076992
568545438976102400
568551504505802752
568560510896963584
568562718854111233
568574897988874240
568574989688901632
568590189582536704
568623603496792064
568626974278733826
568642209823612929
568651726858747904
568654569976123392
568657247896788992
568746335446441984
568760152129720320
568781450146787328
568797120410619904
568802013196242944
568817894030741504
568818328132841472
568836750598123521
568850826552320000
568854763057475584
568855505747095552
568860520796725248
568862015575461889
568863902106320896
568882321119510528
568882449922416641
568882601261273089
568931356287365120
568937199145783297
568953095423705088
568963218703564800
568963398781808640
569007852607680512
569017631602139137
569020829033492480
569085417045143552
569126026938335232
569169274109100032
569183099495383040
569217342380445696
569223653952323584
569229557468827648
569230567759327233
569233400592257024
569238014418944000
569244956663148544
569247029446119424
569273409252827137
569307978798645248
569311060903268352
569325061892481024
569337230935724032
569361701495304192
569380122194636800
569439089063280640
569456923663151104
569463202817417216
569490688569679872
569497791623512065
569527951831666688
569533394025099265
569533875308916736
569558096613380098
569558986665537537
569600757516914688
569604176960827392
569604909571678208
569620598307074048
569622568459636736
569629692661268480
569630106940895233
569633689665216512
569644902637813761
569645701291843584
569649433635368961
569649806202642432
569658903044218880
569659556869120000
569661509988708352
569662145886957568
569668883147137024
569669921258409985
569672099704508416
569672292919173120
569674356915347456
569676204728389632
569678749056294913
569679888682061826
569688335788036096
569690433996984320
569693300120113152
569693689766907904
569698856037789696
569704454376660992
569724682695368705
569734065697353729
569735732060753921
569769643864408064
569782352223666176
569815545077501952
569830532516868097
569838466697175040
569838593423708160
569839559728439296
569864863171764224
569868055502696449
569875093360238592
569891937924358145
569893140066213888
569899709734752256
569906807696551936
569912213068066816
569915529496027136
569917824078090242
569924393976987649
569936580883783680
569938487920566272
569946012988669954
569950980638412800
569959876706885632
569960010249334784
569967808446009345
569970608693493760
569985813712392194
569986978684362753
569989697449140224
569996446348517376
570000760035024896
570004771496714241
570009129579900928
570045153295011841
570054647689322496
570063450174464000
570063683256242177
570108519237558272
570108987284197376
570110386827087872
570219969717219328
570220053142097920
570229133445242880
570236014238699521
570255224155348992
570257336465387521
570263889696305152
570269272502607873
570277612389412864
570288667790594048
570307390752608257
570309000279023616
567727599627943936
567734329212940288
567734499669454848
567741610373685250
567753747283988481
567753815634370560
567755768037130241
567758065320361985
567767997981671424
567776148864913408
567804700951855104
567818156607074304
567822613608718336
567825347439370240
567827442657677313
567840732305858560
567842466851905536
567847966989508608
567859714169708544
567895533664120832
567902121992921088
567905158346207233
567908046619439104
567919558649995264
568054687993352192
568069363280035840
568070522908442625
568159685238329344
568173388663013377
568185092163678208
568210743390117888
568214100578324480
568218884060241920
568270768989081600
568282478076669952
568288672627318784
568421732157161472
568422177571258368
568423588077936640
568428971504889856
568433045805465600
568440431454736384
568444029257584640
568451219477250048
568456334581981184
568458813189197824
568484161356476416
568496861797076992
568545438976102400
568551504505802752
568560510896963584
568562718854111233
568574897988874240
568574989688901632
568590189582536704
568623603496792064
568626974278733826
568642209823612929
568651726858747904
568654569976123392
568657247896788992
568746335446441984
568760152129720320
568781450146787328
568797120410619904
568802013196242944
568817894030741504
568818328132841472
568836750598123521
568850826552320000
568854763057475584
568855505747095552
568860520796725248
568862015575461889
568863902106320896
568882321119510528
568882449922416641
568882601261273089
568931356287365120
568937199145783297
568953095423705088
568963218703564800
568963398781808640
569007852607680512
569017631602139137
569020829033492480
569085417045143552
569126026938335232
569169274109100032
569183099495383040
569217342380445696
569223653952323584
569229557468827648
569230567759327233
569233400592257024
569238014418944000
569244956663148544
569247029446119424
569273409252827137
569307978798645248
569311060903268352
569325061892481024
569337230935724032
569361701495304192
569380122194636800
569439089063280640
569456923663151104
569463202817417216
569490688569679872
569497791623512065
569527951831666688
569533394025099265
569533875308916736
569558096613380098
569558986665537537
569600757516914688
569604176960827392
569604909571678208
569620598307074048
569622568459636736
569629692661268480
569630106940895233
569633689665216512
569644902637813761
569645701291843584
569649433635368961
569649806202642432
569658903044218880
569659556869120000
569661509988708352
569662145886957568
569668883147137024
569669921258409985
569672099704508416
569672292919173120
569674356915347456
569676204728389632
569678749056294913
569679888682061826
569688335788036096
569690433996984320
569693300120113152
569693689766907904
569698856037789696
569704454376660992
569724682695368705
569734065697353729
569735732060753921
569769643864408064
569782352223666176
569815545077501952
569830532516868097
569838466697175040
569838593423708160
569839559728439296
569864863171764224
569868055502696449
569875093360238592
569891937924358145
569893140066213888
569899709734752256
569906807696551936
569912213068066816
569915529496027136
569917824078090242
569924393976987649
569936580883783680
569938487920566272
569946012988669954
569950980638412800
569959876706885632
569960010249334784
569967808446009345
569970608693493760
569985813712392194
569986978684362753
569989697449140224
569996446348517376
570000760035024896
570004771496714241
570009129579900928
570045153295011841
570054647689322496
570063450174464000
570063683256242177
570108519237558272
570108987284197376
570110386827087872
570219969717219328
570220053142097920
570229133445242880
570236014238699521
570255224155348992
570257336465387521
570263889696305152
570269272502607873
570277612389412864
570288667790594048
570307390752608257
570309000279023616
567727599627943936
567734329212940288
567734499669454848
567741610373685250
567753747283988481
567753815634370560
567755768037130241
567758065320361985
567767997981671424
567776148864913408
567804700951855104
567818156607074304
567822613608718336
567825347439370240
567827442657677313
567840732305858560
567842466851905536
567847966989508608
567859714169708544
567895533664120832
567902121992921088
567905158346207233
567908046619439104
567919558649995264
568054687993352192
568069363280035840
568070522908442625
568159685238329344
568173388663013377
568185092163678208
568210743390117888
568214100578324480
568218884060241920
568270768989081600
568282478076669952
568288672627318784
568421732157161472
568422177571258368
568423588077936640
568428971504889856
568433045805465600
568440431454736384
568444029257584640
568451219477250048
568456334581981184
568458813189197824
568484161356476416
568496861797076992
568545438976102400
568551504505802752
568560510896963584
568562718854111233
568574897988874240
568574989688901632
568590189582536704
568623603496792064
568626974278733826
568642209823612929
568651726858747904
568654569976123392
568657247896788992
568746335446441984
568760152129720320
568781450146787328
568797120410619904
568802013196242944
568817894030741504
568818328132841472
568836750598123521
568850826552320000
568854763057475584
568855505747095552
568860520796725248
568862015575461889
568863902106320896
568882321119510528
568882449922416641
568882601261273089
568931356287365120
568937199145783297
568953095423705088
568963218703564800
568963398781808640
569007852607680512
569017631602139137
569020829033492480
569085417045143552
569126026938335232
569169274109100032
569183099495383040
569217342380445696
569223653952323584
569229557468827648
569230567759327233
569233400592257024
569238014418944000
569244956663148544
569247029446119424
569273409252827137
569307978798645248
569311060903268352
569325061892481024
569337230935724032
569361701495304192
569380122194636800
569439089063280640
569456923663151104
569463202817417216
569490688569679872
569497791623512065
569527951831666688
569533394025099265
569533875308916736
569558096613380098
569558986665537537
569600757516914688
569604176960827392
569604909571678208
569620598307074048
569622568459636736
569629692661268480
569630106940895233
569633689665216512
569644902637813761
569645701291843584
569649433635368961
569649806202642432
569658903044218880
569659556869120000
569661509988708352
569662145886957568
569668883147137024
569669921258409985
569672099704508416
569672292919173120
569674356915347456
569676204728389632
569678749056294913
569679888682061826
569688335788036096
569690433996984320
569693300120113152
569693689766907904
569698856037789696
569704454376660992
569724682695368705
569734065697353729
569735732060753921
569769643864408064
569782352223666176
569815545077501952
569830532516868097
569838466697175040
569838593423708160
569839559728439296
569864863171764224
569868055502696449
569875093360238592
569891937924358145
569893140066213888
569899709734752256
569906807696551936
569912213068066816
569915529496027136
569917824078090242
569924393976987649
569936580883783680
569938487920566272
569946012988669954
569950980638412800
569959876706885632
569960010249334784
569967808446009345
569970608693493760
569985813712392194
569986978684362753
569989697449140224
569996446348517376
570000760035024896
570004771496714241
570009129579900928
570045153295011841
570054647689322496
570063450174464000
570063683256242177
570108519237558272
570108987284197376
570110386827087872
570219969717219328
570220053142097920
570229133445242880
570236014238699521
570255224155348992
570257336465387521
570263889696305152
570269272502607873
570277612389412864
570288667790594048
570307390752608257
570309000279023616
