567735409724366848
567740211384168448
567742500366872576
567753194546421760
567754504817606656
567757851104641024
567759012806029312
567776348828360707
567779798782595072
567792433687175168
567800210064420864
567800930683609088
567802378041450496
567803627714138112
567805465854488579
567806884191944705
567807844687577089
567830740373868544
567843845247016960
567874970463780864
567892874756501504
567898269961101313
567907483177582592
568003851145461760
568015003883859969
568037880859222016
568059390135304193
568085366441246720
568085714744684544
568098769847218177
568106704866582528
568116534855503872
568157680696729600
568157857151102976
568176390325075968
568182492055912449
568192010789777408
568211991757770752
568214398474432512
568237654606680064
568298659537915904
568326927695491072
568434482270707712
568435364349808640
568437004045672448
568437285605257216
568464798926524417
568474423742738432
568476518852247552
568491256508231680
568491900195500032
568502870435336192
568531035723603968
568531043805999104
568531187481706496
568531207459221506
568532825281937408
568535677027028992
568539193669914626
568540063216197632
568548764484542464
568561033641480192
568576245027336193
568591158777122818
568600552814174208
568607454893727744
568648777315147777
568664266502479872
568786745715757056
568817526823456768
568827397103099904
568832749093687296
568836390991101952
568848699960332288
568855071322198016
568868703762296832
568883464923000832
568889116399525888
568917792172351488
568941851228528642
568953095423705088
568976065210806272
568995277580996609
568995644276383744
568998369353297921
569015346624991232
569086687336222720
569113910776881152
569116934379323392
569160924960919552
569171631756546048
569177868221202432
569194554290774016
569209566715469824
569235954789015552
569249493264289793
569252801802592256
569296877902041088
569314734752854017
569322372995551232
569323273172832256
569330414193483776
569332001720967168
569359788120907776
569428644432617473
569439829328408576
569470098534207489
569490427625086976
569508595181731841
569524284873424896
569525679823425536
569595333899997185
569598323621023745
569603641767792641
569605258621661184
569616490380439552
569623396729917440
569625053916061696
569625607476158465
569633036251340800
569634729324122112
569656281885077505
569659027073867777
569667517146222592
569672563506458624
569674294411669504
569675144353828864
569679888682061826
569682422981218304
569690317869330432
569691144897953793
569691489179021312
569700277244141568
569718410944188417
569722367343136768
569727598130962432
569730682949398528
569730747675897856
569731104070115329
569759999083171840
569775081636782081
569777311475765248
569788202174713856
569814339785338880
567735409724366848
567740211384168448
567742500366872576
567753194546421760
567754504817606656
567757851104641024
567759012806029312
567776348828360707
567779798782595072
567792433687175168
567800210064420864
567800930683609088
567802378041450496
567803627714138112
567805465854488579
567806884191944705
567807844687577089
567830740373868544
567843845247016960
567874970463780864
567892874756501504
567898269961101313
567907483177582592
568003851145461760
568015003883859969
568037880859222016
568059390135304193
568085366441246720
568085714744684544
568098769847218177
568106704866582528
568116534855503872
568157680696729600
568157857151102976
568176390325075968
568182492055912449
568192010789777408
568211991757770752
568214398474432512
568237654606680064
568298659537915904
568326927695491072
568434482270707712
568435364349808640
568437004045672448
568437285605257216
568464798926524417
568474423742738432
568476518852247552
568491256508231680
568491900195500032
568502870435336192
568531035723603968
568531043805999104
568531187481706496
568531207459221506
568532825281937408
568535677027028992
568539193669914626
568540063216197632
568548764484542464
568561033641480192
568576245027336193
568591158777122818
568600552814174208
568607454893727744
568648777315147777
568664266502479872
568786745715757056
568817526823456768
568827397103099904
568832749093687296
568836390991101952
568848699960332288
568855071322198016
568868703762296832
568883464923000832
568889116399525888
568917792172351488
568941851228528642
568953095423705088
568976065210806272
568995277580996609
568995644276383744
568998369353297921
569015346624991232
569086687336222720
569113910776881152
569116934379323392
569160924960919552
569171631756546048
569177868221202432
569194554290774016
569209566715469824
569235954789015552
569249493264289793
569252801802592256
569296877902041088
569314734752854017
569322372995551232
569323273172832256
569330414193483776
569332001720967168
569359788120907776
569428644432617473
569439829328408576
569470098534207489
569490427625086976
569508595181731841
569524284873424896
569525679823425536
569595333899997185
569598323621023745
569603641767792641
569605258621661184
569616490380439552
569623396729917440
569625053916061696
569625607476158465
569633036251340800
569634729324122112
569656281885077505
569659027073867777
569667517146222592
569672563506458624
569674294411669504
569675144353828864
569679888682061826
569682422981218304
569690317869330432
569691144897953793
569691489179021312
569700277244141568
569718410944188417
569722367343136768
569727598130962432
569730682949398528
569730747675897856
569731104070115329
569759999083171840
569775081636782081
569777311475765248
569788202174713856
569814339785338880
567735409724366848
567740211384168448
567742500366872576
567753194546421760
567754504817606656
567757851104641024
567759012806029312
567776348828360707
567779798782595072
567792433687175168
567800210064420864
567800930683609088
567802378041450496
567803627714138112
567805465854488579
567806884191944705
567807844687577089
567830740373868544
567843845247016960
567874970463780864
567892874756501504
567898269961101313
567907483177582592
568003851145461760
568015003883859969
568037880859222016
568059390135304193
568085366441246720
568085714744684544
568098769847218177
568106704866582528
568116534855503872
568157680696729600
568157857151102976
568176390325075968
568182492055912449
568192010789777408
568211991757770752
568214398474432512
568237654606680064
568298659537915904
568326927695491072
568434482270707712
568435364349808640
568437004045672448
568437285605257216
568464798926524417
568474423742738432
568476518852247552
568491256508231680
568491900195500032
568502870435336192
568531035723603968
568531043805999104
568531187481706496
568531207459221506
568532825281937408
568535677027028992
568539193669914626
568540063216197632
568548764484542464
568561033641480192
568576245027336193
568591158777122818
568600552814174208
568607454893727744
568648777315147777
568664266502479872
568786745715757056
568817526823456768
568827397103099904
568832749093687296
568836390991101952
568848699960332288
568855071322198016
568868703762296832
568883464923000832
568889116399525888
568917792172351488
568941851228528642
568953095423705088
568976065210806272
568995277580996609
568995644276383744
568998369353297921
569015346624991232
569086687336222720
569113910776881152
569116934379323392
569160924960919552
569171631756546048
569177868221202432
569194554290774016
569209566715469824
569235954789015552
569249493264289793
569252801802592256
569296877902041088
569314734752854017
569322372995551232
569323273172832256
569330414193483776
569332001720967168
569359788120907776
569428644432617473
569439829328408576
569470098534207489
569490427625086976
569508595181731841
569524284873424896
569525679823425536
569595333899997185
569598323621023745
569603641767792641
569605258621661184
569616490380439552
569623396729917440
569625053916061696
569625607476158465
569633036251340800
569634729324122112
569656281885077505
569659027073867777
569667517146222592
569672563506458624
569674294411669504
569675144353828864
569679888682061826
569682422981218304
569690317869330432
569691144897953793
569691489179021312
569700277244141568
569718410944188417
569722367343136768
569727598130962432
569730682949398528
569730747675897856
569731104070115329
569759999083171840
569775081636782081
569777311475765248
569788202174713856
569814339785338880
569846356409339906
569858330421694465
569861557775163393
569869514944466945
569873050117808128
569873065464573952
569875430951542784
569887049446076416
569892553690124288
569893516609847297
569910571686088704
569915133113323520
569931787398303744
569933405506310144
569940834994401280
569950945389518848
569960665827258368
569961977231106048
569966060926947329
569969456190869504
569970324810240000
569972508499283968
569972513721229312
569973034880098304
569983854464921601
569992886256832512
570005034340974592
570006301968867328
570030083093729280
570045393565691904
570051381534396416
570061334898872321
570068466717237249
570095043169529857
570095499287506946
570191763731841024
570215106426114048
570226471941251072
570227698334720002
570231786824994816
570238577683996672
570242512012451840
570248242853773312
570264948548313088
570302030742470658
570302532955844608
567735409724366848
567740211384168448
567742500366872576
567753194546421760
567754504817606656
567757851104641024
567759012806029312
567776348828360707
567779798782595072
567792433687175168
567800210064420864
567800930683609088
567802378041450496
567803627714138112
567805465854488579
567806884191944705
567807844687577089
567830740373868544
567843845247016960
567874970463780864
567892874756501504
567898269961101313
567907483177582592
568003851145461760
568015003883859969
568037880859222016
568059390135304193
568085366441246720
568085714744684544
568098769847218177
568106704866582528
568116534855503872
568157680696729600
568157857151102976
568176390325075968
568182492055912449
568192010789777408
568211991757770752
568214398474432512
568237654606680064
568298659537915904
568326927695491072
568434482270707712
568435364349808640
568437004045672448
568437285605257216
568464798926524417
568474423742738432
568476518852247552
568491256508231680
568491900195500032
568502870435336192
568531035723603968
568531043805999104
568531187481706496
568531207459221506
568532825281937408
568535677027028992
568539193669914626
568540063216197632
568548764484542464
568561033641480192
568576245027336193
568591158777122818
568600552814174208
568607454893727744
568648777315147777
568664266502479872
568786745715757056
568817526823456768
568827397103099904
568832749093687296
568836390991101952
568848699960332288
568855071322198016
568868703762296832
568883464923000832
568889116399525888
568917792172351488
568941851228528642
568953095423705088
568976065210806272
568995277580996609
568995644276383744
568998369353297921
569015346624991232
569086687336222720
569113910776881152
569116934379323392
569160924960919552
569171631756546048
569177868221202432
569194554290774016
569209566715469824
569235954789015552
569249493264289793
569252801802592256
569296877902041088
569314734752854017
569322372995551232
569323273172832256
569330414193483776
569332001720967168
569359788120907776
569428644432617473
569439829328408576
569470098534207489
569490427625086976
569508595181731841
569524284873424896
569525679823425536
569595333899997185
569598323621023745
569603641767792641
569605258621661184
569616490380439552
569623396729917440
569625053916061696
569625607476158465
569633036251340800
569634729324122112
569656281885077505
569659027073867777
569667517146222592
569672563506458624
569674294411669504
569675144353828864
569679888682061826
569682422981218304
569690317869330432
569691144897953793
569691489179021312
569700277244141568
569718410944188417
569722367343136768
569727598130962432
569730682949398528
569730747675897856
569731104070115329
569759999083171840
569775081636782081
569777311475765248
569788202174713856
569814339785338880
569846356409339906
569858330421694465
569861557775163393
569869514944466945
569873050117808128
569873065464573952
569875430951542784
569887049446076416
569892553690124288
569893516609847297
569910571686088704
569915133113323520
569931787398303744
569933405506310144
569940834994401280
569950945389518848
569960665827258368
569961977231106048
569966060926947329
569969456190869504
569970324810240000
569972508499283968
569972513721229312
569973034880098304
569983854464921601
569992886256832512
570005034340974592
570006301968867328
570030083093729280
570045393565691904
570051381534396416
570061334898872321
570068466717237249
570095043169529857
570095499287506946
570191763731841024
570215106426114048
570226471941251072
570227698334720002
570231786824994816
570238577683996672
570242512012451840
570248242853773312
570264948548313088
570302030742470658
570302532955844608
567735409724366848
567740211384168448
567742500366872576
567753194546421760
567754504817606656
567757851104641024
567759012806029312
567776348828360707
567779798782595072
567792433687175168
567800210064420864
567800930683609088
567802378041450496
567803627714138112
567805465854488579
567806884191944705
567807844687577089
567830740373868544
567843845247016960
567874970463780864
567892874756501504
567898269961101313
567907483177582592
568003851145461760
568015003883859969
568037880859222016
568059390135304193
568085366441246720
568085714744684544
568098769847218177
568106704866582528
568116534855503872
568157680696729600
568157857151102976
568176390325075968
568182492055912449
568192010789777408
568211991757770752
568214398474432512
568237654606680064
568298659537915904
568326927695491072
568434482270707712
568435364349808640
568437004045672448
568437285605257216
568464798926524417
568474423742738432
568476518852247552
568491256508231680
568491900195500032
568502870435336192
568531035723603968
568531043805999104
568531187481706496
568531207459221506
568532825281937408
568535677027028992
568539193669914626
568540063216197632
568548764484542464
568561033641480192
568576245027336193
568591158777122818
568600552814174208
568607454893727744
568648777315147777
568664266502479872
568786745715757056
568817526823456768
568827397103099904
568832749093687296
568836390991101952
568848699960332288
568855071322198016
568868703762296832
568883464923000832
568889116399525888
568917792172351488
568941851228528642
568953095423705088
568976065210806272
568995277580996609
568995644276383744
568998369353297921
569015346624991232
569086687336222720
569113910776881152
569116934379323392
569160924960919552
569171631756546048
569177868221202432
569194554290774016
569209566715469824
569235954789015552
569249493264289793
569252801802592256
569296877902041088
569314734752854017
569322372995551232
569323273172832256
569330414193483776
569332001720967168
569359788120907776
569428644432617473
569439829328408576
569470098534207489
569490427625086976
569508595181731841
569524284873424896
569525679823425536
569595333899997185
569598323621023745
569603641767792641
569605258621661184
569616490380439552
569623396729917440
569625053916061696
569625607476158465
569633036251340800
569634729324122112
569656281885077505
569659027073867777
569667517146222592
569672563506458624
569674294411669504
569675144353828864
569679888682061826
569682422981218304
569690317869330432
569691144897953793
569691489179021312
569700277244141568
569718410944188417
569722367343136768
569727598130962432
569730682949398528
569730747675897856
569731104070115329
569759999083171840
569775081636782081
569777311475765248
569788202174713856
569814339785338880
569846356409339906
569858330421694465
569861557775163393
569869514944466945
569873050117808128
569873065464573952
569875430951542784
569887049446076416
569892553690124288
569893516609847297
569910571686088704
569915133113323520
569931787398303744
569933405506310144
569940834994401280
569950945389518848
569960665827258368
569961977231106048
569966060926947329
569969456190869504
569970324810240000
569972508499283968
569972513721229312
569973034880098304
569983854464921601
569992886256832512
570005034340974592
570006301968867328
570030083093729280
570045393565691904
570051381534396416
570061334898872321
570068466717237249
570095043169529857
570095499287506946
570191763731841024
570215106426114048
570226471941251072
570227698334720002
570231786824994816
570238577683996672
570242512012451840
570248242853773312
570264948548313088
570302030742470658
570302532955844608
567735409724366848
567740211384168448
567742500366872576
567753194546421760
567754504817606656
567757851104641024
567759012806029312
567776348828360707
567779798782595072
567792433687175168
567800210064420864
567800930683609088
567802378041450496
567803627714138112
567805465854488579
567806884191944705
567807844687577089
567830740373868544
567843845247016960
567874970463780864
567892874756501504
567898269961101313
567907483177582592
568003851145461760
568015003883859969
568037880859222016
568059390135304193
568085366441246720
568085714744684544
568098769847218177
568106704866582528
568116534855503872
568157680696729600
568157857151102976
568176390325075968
568182492055912449
568192010789777408
568211991757770752
568214398474432512
568237654606680064
568298659537915904
568326927695491072
568434482270707712
568435364349808640
568437004045672448
568437285605257216
568464798926524417
568474423742738432
568476518852247552
568491256508231680
568491900195500032
568502870435336192
568531035723603968
568531043805999104
568531187481706496
568531207459221506
568532825281937408
568535677027028992
568539193669914626
568540063216197632
568548764484542464
568561033641480192
568576245027336193
568591158777122818
568600552814174208
568607454893727744
568648777315147777
568664266502479872
568786745715757056
568817526823456768
568827397103099904
568832749093687296
568836390991101952
568848699960332288
568855071322198016
568868703762296832
568883464923000832
568889116399525888
568917792172351488
568941851228528642
568953095423705088
568976065210806272
568995277580996609
568995644276383744
568998369353297921
569015346624991232
569086687336222720
569113910776881152
569116934379323392
569160924960919552
569171631756546048
569177868221202432
569194554290774016
569209566715469824
569235954789015552
569249493264289793
569252801802592256
569296877902041088
569314734752854017
569322372995551232
569323273172832256
569330414193483776
569332001720967168
569359788120907776
569428644432617473
569439829328408576
569470098534207489
569490427625086976
569508595181731841
569524284873424896
569525679823425536
569595333899997185
569598323621023745
569603641767792641
569605258621661184
569616490380439552
569623396729917440
569625053916061696
569625607476158465
569633036251340800
569634729324122112
569656281885077505
569659027073867777
569667517146222592
569672563506458624
569674294411669504
569675144353828864
569679888682061826
569682422981218304
569690317869330432
569691144897953793
569691489179021312
569700277244141568
569718410944188417
569722367343136768
569727598130962432
569730682949398528
569730747675897856
569731104070115329
569759999083171840
569775081636782081
569777311475765248
569788202174713856
569814339785338880
569846356409339906
569858330421694465
569861557775163393
569869514944466945
569873050117808128
569873065464573952
569875430951542784
569887049446076416
569892553690124288
569893516609847297
569910571686088704
569915133113323520
569931787398303744
569933405506310144
569940834994401280
569950945389518848
569960665827258368
569961977231106048
569966060926947329
569969456190869504
569970324810240000
569972508499283968
569972513721229312
569973034880098304
569983854464921601
569992886256832512
570005034340974592
570006301968867328
570030083093729280
570045393565691904
570051381534396416
570061334898872321
570068466717237249
570095043169529857
570095499287506946
570191763731841024
570215106426114048
570226471941251072
570227698334720002
570231786824994816
570238577683996672
570242512012451840
570248242853773312
570264948548313088
570302030742470658
570302532955844608
567735409724366848
567740211384168448
567742500366872576
567753194546421760
567754504817606656
567757851104641024
567759012806029312
567776348828360707
567779798782595072
567792433687175168
567800210064420864
567800930683609088
567802378041450496
567803627714138112
567805465854488579
567806884191944705
567807844687577089
567830740373868544
567843845247016960
567874970463780864
567892874756501504
567898269961101313
567907483177582592
568003851145461760
568015003883859969
568037880859222016
568059390135304193
568085366441246720
568085714744684544
568098769847218177
568106704866582528
568116534855503872
568157680696729600
568157857151102976
568176390325075968
568182492055912449
568192010789777408
568211991757770752
568214398474432512
568237654606680064
568298659537915904
568326927695491072
568434482270707712
568435364349808640
568437004045672448
568437285605257216
568464798926524417
568474423742738432
568476518852247552
568491256508231680
568491900195500032
568502870435336192
568531035723603968
568531043805999104
568531187481706496
568531207459221506
568532825281937408
568535677027028992
568539193669914626
568540063216197632
568548764484542464
568561033641480192
568576245027336193
568591158777122818
568600552814174208
568607454893727744
568648777315147777
568664266502479872
568786745715757056
568817526823456768
568827397103099904
568832749093687296
568836390991101952
568848699960332288
568855071322198016
568868703762296832
568883464923000832
568889116399525888
568917792172351488
568941851228528642
568953095423705088
568976065210806272
568995277580996609
568995644276383744
568998369353297921
569015346624991232
569086687336222720
569113910776881152
569116934379323392
569160924960919552
569171631756546048
569177868221202432
569194554290774016
569209566715469824
569235954789015552
569249493264289793
569252801802592256
569296877902041088
569314734752854017
569322372995551232
569323273172832256
569330414193483776
569332001720967168
569359788120907776
569428644432617473
569439829328408576
569470098534207489
569490427625086976
569508595181731841
569524284873424896
569525679823425536
569595333899997185
569598323621023745
569603641767792641
569605258621661184
569616490380439552
569623396729917440
569625053916061696
569625607476158465
569633036251340800
569634729324122112
569656281885077505
569659027073867777
569667517146222592
569672563506458624
569674294411669504
569675144353828864
569679888682061826
569682422981218304
569690317869330432
569691144897953793
569691489179021312
569700277244141568
569718410944188417
569722367343136768
569727598130962432
569730682949398528
569730747675897856
569731104070115329
569759999083171840
569775081636782081
569777311475765248
569788202174713856
569814339785338880
569846356409339906
569858330421694465
569861557775163393
569869514944466945
569873050117808128
569873065464573952
569875430951542784
569887049446076416
569892553690124288
569893516609847297
569910571686088704
569915133113323520
569931787398303744
569933405506310144
569940834994401280
569950945389518848
569960665827258368
569961977231106048
569966060926947329
569969456190869504
569970324810240000
569972508499283968
569972513721229312
569973034880098304
569983854464921601
569992886256832512
570005034340974592
570006301968867328
570030083093729280
570045393565691904
570051381534396416
570061334898872321
570068466717237249
570095043169529857
570095499287506946
570191763731841024
570215106426114048
570226471941251072
570227698334720002
570231786824994816
570238577683996672
570242512012451840
570248242853773312
570264948548313088
570302030742470658
570302532955844608
567735409724366848
567740211384168448
567742500366872576
567753194546421760
567754504817606656
567757851104641024
567759012806029312
567776348828360707
567779798782595072
567792433687175168
567800210064420864
567800930683609088
567802378041450496
567803627714138112
567805465854488579
567806884191944705
567807844687577089
567830740373868544
567843845247016960
567874970463780864
567892874756501504
567898269961101313
567907483177582592
568003851145461760
568015003883859969
568037880859222016
568059390135304193
568085366441246720
568085714744684544
568098769847218177
568106704866582528
568116534855503872
568157680696729600
568157857151102976
568176390325075968
568182492055912449
568192010789777408
568211991757770752
568214398474432512
568237654606680064
568298659537915904
568326927695491072
568434482270707712
568435364349808640
568437004045672448
568437285605257216
568464798926524417
568474423742738432
568476518852247552
568491256508231680
568491900195500032
568502870435336192
568531035723603968
568531043805999104
568531187481706496
568531207459221506
568532825281937408
568535677027028992
568539193669914626
568540063216197632
568548764484542464
568561033641480192
568576245027336193
568591158777122818
568600552814174208
568607454893727744
568648777315147777
568664266502479872
568786745715757056
568817526823456768
568827397103099904
568832749093687296
568836390991101952
568848699960332288
568855071322198016
568868703762296832
568883464923000832
568889116399525888
568917792172351488
568941851228528642
568953095423705088
568976065210806272
568995277580996609
568995644276383744
568998369353297921
569015346624991232
569086687336222720
569113910776881152
569116934379323392
569160924960919552
569171631756546048
569177868221202432
569194554290774016
569209566715469824
569235954789015552
569249493264289793
569252801802592256
569296877902041088
569314734752854017
569322372995551232
569323273172832256
569330414193483776
569332001720967168
569359788120907776
569428644432617473
569439829328408576
569470098534207489
569490427625086976
569508595181731841
569524284873424896
569525679823425536
569595333899997185
569598323621023745
569603641767792641
569605258621661184
569616490380439552
569623396729917440
569625053916061696
569625607476158465
569633036251340800
569634729324122112
569656281885077505
569659027073867777
569667517146222592
569672563506458624
569674294411669504
569675144353828864
569679888682061826
569682422981218304
569690317869330432
569691144897953793
569691489179021312
569700277244141568
569718410944188417
569722367343136768
569727598130962432
569730682949398528
569730747675897856
569731104070115329
569759999083171840
569775081636782081
569777311475765248
569788202174713856
569814339785338880
569846356409339906
569858330421694465
569861557775163393
569869514944466945
569873050117808128
569873065464573952
569875430951542784
569887049446076416
569892553690124288
569893516609847297
569910571686088704
569915133113323520
569931787398303744
569933405506310144
569940834994401280
569950945389518848
569960665827258368
569961977231106048
569966060926947329
569969456190869504
569970324810240000
569972508499283968
569972513721229312
569973034880098304
569983854464921601
569992886256832512
570005034340974592
570006301968867328
570030083093729280
570045393565691904
570051381534396416
570061334898872321
570068466717237249
570095043169529857
570095499287506946
570191763731841024
570215106426114048
570226471941251072
570227698334720002
570231786824994816
570238577683996672
570242512012451840
570248242853773312
570264948548313088
570302030742470658
570302532955844608
