567730390291714048
567736505477918722
567746540903493632
567752625647394816
567814094678675458
567822548545859587
567855926486667265
567887437826908160
568076556997775360
568095440517754881
568126682336534529
568140329821577217
568202482746335232
568222090769379328
568273152456810496
568439748047581184
568502210268692480
568639359127150592
568639956622512128
568805751386288128
568925579933671424
569047438880841728
569182303034974208
569309623825670145
569489006955769856
569529813121290240
569598588378087426
569611735696580611
569650401085157376
569666838340210689
569673044802854912
569681746037383168
569687540644642817
569710260136640512
569714651489050624
569719741906075648
569726849988878336
569727598130962432
567730390291714048
567736505477918722
567746540903493632
567752625647394816
567814094678675458
567822548545859587
567855926486667265
567887437826908160
568076556997775360
568095440517754881
568126682336534529
568140329821577217
568202482746335232
568222090769379328
568273152456810496
568439748047581184
568502210268692480
568639359127150592
568639956622512128
568805751386288128
568925579933671424
569047438880841728
569182303034974208
569309623825670145
569489006955769856
569529813121290240
569598588378087426
569611735696580611
569650401085157376
569666838340210689
569673044802854912
569681746037383168
569687540644642817
569710260136640512
569714651489050624
569719741906075648
569726849988878336
569727598130962432
567730390291714048
567736505477918722
567746540903493632
567752625647394816
567814094678675458
567822548545859587
567855926486667265
567887437826908160
568076556997775360
568095440517754881
568126682336534529
568140329821577217
568202482746335232
568222090769379328
568273152456810496
568439748047581184
568502210268692480
568639359127150592
568639956622512128
568805751386288128
568925579933671424
569047438880841728
569182303034974208
569309623825670145
569489006955769856
569529813121290240
569598588378087426
569611735696580611
569650401085157376
569666838340210689
569673044802854912
569681746037383168
569687540644642817
569710260136640512
569714651489050624
569719741906075648
569726849988878336
569727598130962432
569875783096741888
569887654713499648
569893140066213888
569895266670612480
569959365236690945
569967848078090240
570057178687475712
570088310334484480
570103559318081536
570166071640133632
570167726972538880
570174284284497920
570175238815657984
570215343530102784
570240452588380161
567730390291714048
567736505477918722
567746540903493632
567752625647394816
567814094678675458
567822548545859587
567855926486667265
567887437826908160
568076556997775360
568095440517754881
568126682336534529
568140329821577217
568202482746335232
568222090769379328
568273152456810496
568439748047581184
568502210268692480
568639359127150592
568639956622512128
568805751386288128
568925579933671424
569047438880841728
569182303034974208
569309623825670145
569489006955769856
569529813121290240
569598588378087426
569611735696580611
569650401085157376
569666838340210689
569673044802854912
569681746037383168
569687540644642817
569710260136640512
569714651489050624
569719741906075648
569726849988878336
569727598130962432
569875783096741888
569887654713499648
569893140066213888
569895266670612480
569959365236690945
569967848078090240
570057178687475712
570088310334484480
570103559318081536
570166071640133632
570167726972538880
570174284284497920
570175238815657984
570215343530102784
570240452588380161
567730390291714048
567736505477918722
567746540903493632
567752625647394816
567814094678675458
567822548545859587
567855926486667265
567887437826908160
568076556997775360
568095440517754881
568126682336534529
568140329821577217
568202482746335232
568222090769379328
568273152456810496
568439748047581184
568502210268692480
568639359127150592
568639956622512128
568805751386288128
568925579933671424
569047438880841728
569182303034974208
569309623825670145
569489006955769856
569529813121290240
569598588378087426
569611735696580611
569650401085157376
569666838340210689
569673044802854912
569681746037383168
569687540644642817
569710260136640512
569714651489050624
569719741906075648
569726849988878336
569727598130962432
569875783096741888
569887654713499648
569893140066213888
569895266670612480
569959365236690945
569967848078090240
570057178687475712
570088310334484480
570103559318081536
570166071640133632
570167726972538880
570174284284497920
570175238815657984
570215343530102784
570240452588380161
567730390291714048
567736505477918722
567746540903493632
567752625647394816
567814094678675458
567822548545859587
567855926486667265
567887437826908160
568076556997775360
568095440517754881
568126682336534529
568140329821577217
568202482746335232
568222090769379328
568273152456810496
568439748047581184
568502210268692480
568639359127150592
568639956622512128
568805751386288128
568925579933671424
569047438880841728
569182303034974208
569309623825670145
569489006955769856
569529813121290240
569598588378087426
569611735696580611
569650401085157376
569666838340210689
569673044802854912
569681746037383168
569687540644642817
569710260136640512
569714651489050624
569719741906075648
569726849988878336
569727598130962432
569875783096741888
569887654713499648
569893140066213888
569895266670612480
569959365236690945
569967848078090240
570057178687475712
570088310334484480
570103559318081536
570166071640133632
570167726972538880
570174284284497920
570175238815657984
570215343530102784
570240452588380161
567730390291714048
567736505477918722
567746540903493632
567752625647394816
567814094678675458
567822548545859587
567855926486667265
567887437826908160
568076556997775360
568095440517754881
568126682336534529
568140329821577217
568202482746335232
568222090769379328
568273152456810496
568439748047581184
568502210268692480
568639359127150592
568639956622512128
568805751386288128
568925579933671424
569047438880841728
569182303034974208
569309623825670145
569489006955769856
569529813121290240
569598588378087426
569611735696580611
569650401085157376
569666838340210689
569673044802854912
569681746037383168
569687540644642817
569710260136640512
569714651489050624
569719741906075648
569726849988878336
569727598130962432
569875783096741888
569887654713499648
569893140066213888
569895266670612480
569959365236690945
569967848078090240
570057178687475712
570088310334484480
570103559318081536
570166071640133632
570167726972538880
570174284284497920
570175238815657984
570215343530102784
570240452588380161
567730390291714048
567736505477918722
567746540903493632
567752625647394816
567814094678675458
567822548545859587
567855926486667265
567887437826908160
568076556997775360
568095440517754881
568126682336534529
568140329821577217
568202482746335232
568222090769379328
568273152456810496
568439748047581184
568502210268692480
568639359127150592
568639956622512128
568805751386288128
568925579933671424
569047438880841728
569182303034974208
569309623825670145
569489006955769856
569529813121290240
569598588378087426
569611735696580611
569650401085157376
569666838340210689
569673044802854912
569681746037383168
569687540644642817
569710260136640512
569714651489050624
569719741906075648
569726849988878336
569727598130962432
569875783096741888
569887654713499648
569893140066213888
569895266670612480
569959365236690945
569967848078090240
570057178687475712
570088310334484480
570103559318081536
570166071640133632
570167726972538880
570174284284497920
570175238815657984
570215343530102784
570240452588380161
