567713868747902976
567738680945958913
567742238562975745
567744381432516608
567808014725464064
567906937423073280
568053507179163648
568062007108190210
568063225859739648
568070386627305472
568095956866093057
568098115988918273
568116602186502144
568148149610483712
568177910101745666
568189945308786688
568193817943257088
568216196132302848
568224769872502784
568236691397279745
568244094583107585
568269181394817024
568271741207891968
568374422136070144
568375354982842368
568381535063306241
568385303267782656
568393752596717568
568394676501217281
568416305101070336
568418165853540352
568422177571258368
568425272304934912
568433431471886336
568454304488673280
568462805235597312
568491813528576000
568511474580066304
568531409209421826
568571021554556929
568588522069733376
568591158777122818
568639359127150592
568668364144398336
568672467889176577
568702964623216643
568772912557133824
568787185341751296
568821307766222848
568828957002493953
568829994786426881
568831798857195520
568849007641911296
568865640569806848
568894073345437697
568900052397092864
568913508936458240
568959665360384000
568962468766212097
568962547891736576
568963494390820864
568997044406374400
569094744615157760
569098396914421763
569119503516246016
569147067559485440
569164871465439232
569166368781635584
569175278255284224
569178210325430272
569180531742486528
569204038811717632
569210501059604480
569223830759059458
569227342675116033
569238450794209280
569242111100514305
569246231500685314
569250176369471489
569261063406882816
569261495449595905
569263677234388993
569276042491211777
569298251418959872
569345132866220032
569368621077692417
569421367243878400
569450700532535296
569544271017037824
569559149933142016
569560154619965440
569577548318777345
569579474762608640
569595643087486976
569598171082596352
569602682505138176
569602861467885568
569606901325017090
569613523648532480
569629990129520641
569630712233627648
569632024434057216
569634833917452288
569642899828133888
569643287918845952
569646446586171392
569654393898864640
569658503570296832
569662789377064960
569672329321701376
569676933778292736
569678632567881728
569680398185312256
569680508088688641
569680835894497280
569691079471050752
569693430902861824
569711632991047680
569717866611630081
569723119415513088
569728283568418816
569728466469453825
569739695459995648
569762365572558848
569790444797865984
569795284764532736
569799053690556418
569817051482726400
567713868747902976
567738680945958913
567742238562975745
567744381432516608
567808014725464064
567906937423073280
568053507179163648
568062007108190210
568063225859739648
568070386627305472
568095956866093057
568098115988918273
568116602186502144
568148149610483712
568177910101745666
568189945308786688
568193817943257088
568216196132302848
568224769872502784
568236691397279745
568244094583107585
568269181394817024
568271741207891968
568374422136070144
568375354982842368
568381535063306241
568385303267782656
568393752596717568
568394676501217281
568416305101070336
568418165853540352
568422177571258368
568425272304934912
568433431471886336
568454304488673280
568462805235597312
568491813528576000
568511474580066304
568531409209421826
568571021554556929
568588522069733376
568591158777122818
568639359127150592
568668364144398336
568672467889176577
568702964623216643
568772912557133824
568787185341751296
568821307766222848
568828957002493953
568829994786426881
568831798857195520
568849007641911296
568865640569806848
568894073345437697
568900052397092864
568913508936458240
568959665360384000
568962468766212097
568962547891736576
568963494390820864
568997044406374400
569094744615157760
569098396914421763
569119503516246016
569147067559485440
569164871465439232
569166368781635584
569175278255284224
569178210325430272
569180531742486528
569204038811717632
569210501059604480
569223830759059458
569227342675116033
569238450794209280
569242111100514305
569246231500685314
569250176369471489
569261063406882816
569261495449595905
569263677234388993
569276042491211777
569298251418959872
569345132866220032
569368621077692417
569421367243878400
569450700532535296
569544271017037824
569559149933142016
569560154619965440
569577548318777345
569579474762608640
569595643087486976
569598171082596352
569602682505138176
569602861467885568
569606901325017090
569613523648532480
569629990129520641
569630712233627648
569632024434057216
569634833917452288
569642899828133888
569643287918845952
569646446586171392
569654393898864640
569658503570296832
569662789377064960
569672329321701376
569676933778292736
569678632567881728
569680398185312256
569680508088688641
569680835894497280
569691079471050752
569693430902861824
569711632991047680
569717866611630081
569723119415513088
569728283568418816
569728466469453825
569739695459995648
569762365572558848
569790444797865984
569795284764532736
569799053690556418
569817051482726400
569827329024913408
567713868747902976
567738680945958913
567742238562975745
567744381432516608
567808014725464064
567906937423073280
568053507179163648
568062007108190210
568063225859739648
568070386627305472
568095956866093057
568098115988918273
568116602186502144
568148149610483712
568177910101745666
568189945308786688
568193817943257088
568216196132302848
568224769872502784
568236691397279745
568244094583107585
568269181394817024
568271741207891968
568374422136070144
568375354982842368
568381535063306241
568385303267782656
568393752596717568
568394676501217281
568416305101070336
568418165853540352
568422177571258368
568425272304934912
568433431471886336
568454304488673280
568462805235597312
568491813528576000
568511474580066304
568531409209421826
568571021554556929
568588522069733376
568591158777122818
568639359127150592
568668364144398336
568672467889176577
568702964623216643
568772912557133824
568787185341751296
568821307766222848
568828957002493953
568829994786426881
568831798857195520
568849007641911296
568865640569806848
568894073345437697
568900052397092864
568913508936458240
568959665360384000
568962468766212097
568962547891736576
568963494390820864
568997044406374400
569094744615157760
569098396914421763
569119503516246016
569147067559485440
569164871465439232
569166368781635584
569175278255284224
569178210325430272
569180531742486528
569204038811717632
569210501059604480
569223830759059458
569227342675116033
569238450794209280
569242111100514305
569246231500685314
569250176369471489
569261063406882816
569261495449595905
569263677234388993
569276042491211777
569298251418959872
569345132866220032
569368621077692417
569421367243878400
569450700532535296
569544271017037824
569559149933142016
569560154619965440
569577548318777345
569579474762608640
569595643087486976
569598171082596352
569602682505138176
569602861467885568
569606901325017090
569613523648532480
569629990129520641
569630712233627648
569632024434057216
569634833917452288
569642899828133888
569643287918845952
569646446586171392
569654393898864640
569658503570296832
569662789377064960
569672329321701376
569676933778292736
569678632567881728
569680398185312256
569680508088688641
569680835894497280
569691079471050752
569693430902861824
569711632991047680
569717866611630081
569723119415513088
569728283568418816
569728466469453825
569739695459995648
569762365572558848
569790444797865984
569795284764532736
569799053690556418
569817051482726400
569827329024913408
569845041440677888
569846771301654528
569865827274657792
569880288702173184
569926031542345728
569926460036657152
569926998824394752
569939156740149249
569944061848760320
569948966873370625
569959182729785344
569961410161192960
569962901601005569
569969455171813376
569970977368645632
569974508435562496
569981947612676096
569986246648442881
570001418825949185
570047669370036224
570050691173101568
570052545298759680
570068449646346240
570070483338731520
570078022201532419
570092530236149761
570116487278501888
570188684881821696
570196424043814912
570212047692161025
570226695724244992
570234996562112512
570238950801059840
570239376283676672
570244762785210368
570255853296746496
570257918798516224
570261225520689152
570270918095695872
570280755252895745
570288039454486529
570288445156941824
570292371340062720
570296417094373376
570296616688750592
570307312675651585
567713868747902976
567738680945958913
567742238562975745
567744381432516608
567808014725464064
567906937423073280
568053507179163648
568062007108190210
568063225859739648
568070386627305472
568095956866093057
568098115988918273
568116602186502144
568148149610483712
568177910101745666
568189945308786688
568193817943257088
568216196132302848
568224769872502784
568236691397279745
568244094583107585
568269181394817024
568271741207891968
568374422136070144
568375354982842368
568381535063306241
568385303267782656
568393752596717568
568394676501217281
568416305101070336
568418165853540352
568422177571258368
568425272304934912
568433431471886336
568454304488673280
568462805235597312
568491813528576000
568511474580066304
568531409209421826
568571021554556929
568588522069733376
568591158777122818
568639359127150592
568668364144398336
568672467889176577
568702964623216643
568772912557133824
568787185341751296
568821307766222848
568828957002493953
568829994786426881
568831798857195520
568849007641911296
568865640569806848
568894073345437697
568900052397092864
568913508936458240
568959665360384000
568962468766212097
568962547891736576
568963494390820864
568997044406374400
569094744615157760
569098396914421763
569119503516246016
569147067559485440
569164871465439232
569166368781635584
569175278255284224
569178210325430272
569180531742486528
569204038811717632
569210501059604480
569223830759059458
569227342675116033
569238450794209280
569242111100514305
569246231500685314
569250176369471489
569261063406882816
569261495449595905
569263677234388993
569276042491211777
569298251418959872
569345132866220032
569368621077692417
569421367243878400
569450700532535296
569544271017037824
569559149933142016
569560154619965440
569577548318777345
569579474762608640
569595643087486976
569598171082596352
569602682505138176
569602861467885568
569606901325017090
569613523648532480
569629990129520641
569630712233627648
569632024434057216
569634833917452288
569642899828133888
569643287918845952
569646446586171392
569654393898864640
569658503570296832
569662789377064960
569672329321701376
569676933778292736
569678632567881728
569680398185312256
569680508088688641
569680835894497280
569691079471050752
569693430902861824
569711632991047680
569717866611630081
569723119415513088
569728283568418816
569728466469453825
569739695459995648
569762365572558848
569790444797865984
569795284764532736
569799053690556418
569817051482726400
569827329024913408
569845041440677888
569846771301654528
569865827274657792
569880288702173184
569926031542345728
569926460036657152
569926998824394752
569939156740149249
569944061848760320
569948966873370625
569959182729785344
569961410161192960
569962901601005569
569969455171813376
569970977368645632
569974508435562496
569981947612676096
569986246648442881
570001418825949185
570047669370036224
570050691173101568
570052545298759680
570068449646346240
570070483338731520
570078022201532419
570092530236149761
570116487278501888
570188684881821696
570196424043814912
570212047692161025
570226695724244992
570234996562112512
570238950801059840
570239376283676672
570244762785210368
570255853296746496
570257918798516224
570261225520689152
570270918095695872
570280755252895745
570288039454486529
570288445156941824
570292371340062720
570296417094373376
570296616688750592
570307312675651585
567713868747902976
567738680945958913
567742238562975745
567744381432516608
567808014725464064
567906937423073280
568053507179163648
568062007108190210
568063225859739648
568070386627305472
568095956866093057
568098115988918273
568116602186502144
568148149610483712
568177910101745666
568189945308786688
568193817943257088
568216196132302848
568224769872502784
568236691397279745
568244094583107585
568269181394817024
568271741207891968
568374422136070144
568375354982842368
568381535063306241
568385303267782656
568393752596717568
568394676501217281
568416305101070336
568418165853540352
568422177571258368
568425272304934912
568433431471886336
568454304488673280
568462805235597312
568491813528576000
568511474580066304
568531409209421826
568571021554556929
568588522069733376
568591158777122818
568639359127150592
568668364144398336
568672467889176577
568702964623216643
568772912557133824
568787185341751296
568821307766222848
568828957002493953
568829994786426881
568831798857195520
568849007641911296
568865640569806848
568894073345437697
568900052397092864
568913508936458240
568959665360384000
568962468766212097
568962547891736576
568963494390820864
568997044406374400
569094744615157760
569098396914421763
569119503516246016
569147067559485440
569164871465439232
569166368781635584
569175278255284224
569178210325430272
569180531742486528
569204038811717632
569210501059604480
569223830759059458
569227342675116033
569238450794209280
569242111100514305
569246231500685314
569250176369471489
569261063406882816
569261495449595905
569263677234388993
569276042491211777
569298251418959872
569345132866220032
569368621077692417
569421367243878400
569450700532535296
569544271017037824
569559149933142016
569560154619965440
569577548318777345
569579474762608640
569595643087486976
569598171082596352
569602682505138176
569602861467885568
569606901325017090
569613523648532480
569629990129520641
569630712233627648
569632024434057216
569634833917452288
569642899828133888
569643287918845952
569646446586171392
569654393898864640
569658503570296832
569662789377064960
569672329321701376
569676933778292736
569678632567881728
569680398185312256
569680508088688641
569680835894497280
569691079471050752
569693430902861824
569711632991047680
569717866611630081
569723119415513088
569728283568418816
569728466469453825
569739695459995648
569762365572558848
569790444797865984
569795284764532736
569799053690556418
569817051482726400
569827329024913408
569845041440677888
569846771301654528
569865827274657792
569880288702173184
569926031542345728
569926460036657152
569926998824394752
569939156740149249
569944061848760320
569948966873370625
569959182729785344
569961410161192960
569962901601005569
569969455171813376
569970977368645632
569974508435562496
569981947612676096
569986246648442881
570001418825949185
570047669370036224
570050691173101568
570052545298759680
570068449646346240
570070483338731520
570078022201532419
570092530236149761
570116487278501888
570188684881821696
570196424043814912
570212047692161025
570226695724244992
570234996562112512
570238950801059840
570239376283676672
570244762785210368
570255853296746496
570257918798516224
570261225520689152
570270918095695872
570280755252895745
570288039454486529
570288445156941824
570292371340062720
570296417094373376
570296616688750592
570307312675651585
567713868747902976
567738680945958913
567742238562975745
567744381432516608
567808014725464064
567906937423073280
568053507179163648
568062007108190210
568063225859739648
568070386627305472
568095956866093057
568098115988918273
568116602186502144
568148149610483712
568177910101745666
568189945308786688
568193817943257088
568216196132302848
568224769872502784
568236691397279745
568244094583107585
568269181394817024
568271741207891968
568374422136070144
568375354982842368
568381535063306241
568385303267782656
568393752596717568
568394676501217281
568416305101070336
568418165853540352
568422177571258368
568425272304934912
568433431471886336
568454304488673280
568462805235597312
568491813528576000
568511474580066304
568531409209421826
568571021554556929
568588522069733376
568591158777122818
568639359127150592
568668364144398336
568672467889176577
568702964623216643
568772912557133824
568787185341751296
568821307766222848
568828957002493953
568829994786426881
568831798857195520
568849007641911296
568865640569806848
568894073345437697
568900052397092864
568913508936458240
568959665360384000
568962468766212097
568962547891736576
568963494390820864
568997044406374400
569094744615157760
569098396914421763
569119503516246016
569147067559485440
569164871465439232
569166368781635584
569175278255284224
569178210325430272
569180531742486528
569204038811717632
569210501059604480
569223830759059458
569227342675116033
569238450794209280
569242111100514305
569246231500685314
569250176369471489
569261063406882816
569261495449595905
569263677234388993
569276042491211777
569298251418959872
569345132866220032
569368621077692417
569421367243878400
569450700532535296
569544271017037824
569559149933142016
569560154619965440
569577548318777345
569579474762608640
569595643087486976
569598171082596352
569602682505138176
569602861467885568
569606901325017090
569613523648532480
569629990129520641
569630712233627648
569632024434057216
569634833917452288
569642899828133888
569643287918845952
569646446586171392
569654393898864640
569658503570296832
569662789377064960
569672329321701376
569676933778292736
569678632567881728
569680398185312256
569680508088688641
569680835894497280
569691079471050752
569693430902861824
569711632991047680
569717866611630081
569723119415513088
569728283568418816
569728466469453825
569739695459995648
569762365572558848
569790444797865984
569795284764532736
569799053690556418
569817051482726400
569827329024913408
569845041440677888
569846771301654528
569865827274657792
569880288702173184
569926031542345728
569926460036657152
569926998824394752
569939156740149249
569944061848760320
569948966873370625
569959182729785344
569961410161192960
569962901601005569
569969455171813376
569970977368645632
569974508435562496
569981947612676096
569986246648442881
570001418825949185
570047669370036224
570050691173101568
570052545298759680
570068449646346240
570070483338731520
570078022201532419
570092530236149761
570116487278501888
570188684881821696
570196424043814912
570212047692161025
570226695724244992
570234996562112512
570238950801059840
570239376283676672
570244762785210368
570255853296746496
570257918798516224
570261225520689152
570270918095695872
570280755252895745
570288039454486529
570288445156941824
570292371340062720
570296417094373376
570296616688750592
570307312675651585
567713868747902976
567738680945958913
567742238562975745
567744381432516608
567808014725464064
567906937423073280
568053507179163648
568062007108190210
568063225859739648
568070386627305472
568095956866093057
568098115988918273
568116602186502144
568148149610483712
568177910101745666
568189945308786688
568193817943257088
568216196132302848
568224769872502784
568236691397279745
568244094583107585
568269181394817024
568271741207891968
568374422136070144
568375354982842368
568381535063306241
568385303267782656
568393752596717568
568394676501217281
568416305101070336
568418165853540352
568422177571258368
568425272304934912
568433431471886336
568454304488673280
568462805235597312
568491813528576000
568511474580066304
568531409209421826
568571021554556929
568588522069733376
568591158777122818
568639359127150592
568668364144398336
568672467889176577
568702964623216643
568772912557133824
568787185341751296
568821307766222848
568828957002493953
568829994786426881
568831798857195520
568849007641911296
568865640569806848
568894073345437697
568900052397092864
568913508936458240
568959665360384000
568962468766212097
568962547891736576
568963494390820864
568997044406374400
569094744615157760
569098396914421763
569119503516246016
569147067559485440
569164871465439232
569166368781635584
569175278255284224
569178210325430272
569180531742486528
569204038811717632
569210501059604480
569223830759059458
569227342675116033
569238450794209280
569242111100514305
569246231500685314
569250176369471489
569261063406882816
569261495449595905
569263677234388993
569276042491211777
569298251418959872
569345132866220032
569368621077692417
569421367243878400
569450700532535296
569544271017037824
569559149933142016
569560154619965440
569577548318777345
569579474762608640
569595643087486976
569598171082596352
569602682505138176
569602861467885568
569606901325017090
569613523648532480
569629990129520641
569630712233627648
569632024434057216
569634833917452288
569642899828133888
569643287918845952
569646446586171392
569654393898864640
569658503570296832
569662789377064960
569672329321701376
569676933778292736
569678632567881728
569680398185312256
569680508088688641
569680835894497280
569691079471050752
569693430902861824
569711632991047680
569717866611630081
569723119415513088
569728283568418816
569728466469453825
569739695459995648
569762365572558848
569790444797865984
569795284764532736
569799053690556418
569817051482726400
569827329024913408
569845041440677888
569846771301654528
569865827274657792
569880288702173184
569926031542345728
569926460036657152
569926998824394752
569939156740149249
569944061848760320
569948966873370625
569959182729785344
569961410161192960
569962901601005569
569969455171813376
569970977368645632
569974508435562496
569981947612676096
569986246648442881
570001418825949185
570047669370036224
570050691173101568
570052545298759680
570068449646346240
570070483338731520
570078022201532419
570092530236149761
570116487278501888
570188684881821696
570196424043814912
570212047692161025
570226695724244992
570234996562112512
570238950801059840
570239376283676672
570244762785210368
570255853296746496
570257918798516224
570261225520689152
570270918095695872
570280755252895745
570288039454486529
570288445156941824
570292371340062720
570296417094373376
570296616688750592
570307312675651585
567713868747902976
567738680945958913
567742238562975745
567744381432516608
567808014725464064
567906937423073280
568053507179163648
568062007108190210
568063225859739648
568070386627305472
568095956866093057
568098115988918273
568116602186502144
568148149610483712
568177910101745666
568189945308786688
568193817943257088
568216196132302848
568224769872502784
568236691397279745
568244094583107585
568269181394817024
568271741207891968
568374422136070144
568375354982842368
568381535063306241
568385303267782656
568393752596717568
568394676501217281
568416305101070336
568418165853540352
568422177571258368
568425272304934912
568433431471886336
568454304488673280
568462805235597312
568491813528576000
568511474580066304
568531409209421826
568571021554556929
568588522069733376
568591158777122818
568639359127150592
568668364144398336
568672467889176577
568702964623216643
568772912557133824
568787185341751296
568821307766222848
568828957002493953
568829994786426881
568831798857195520
568849007641911296
568865640569806848
568894073345437697
568900052397092864
568913508936458240
568959665360384000
568962468766212097
568962547891736576
568963494390820864
568997044406374400
569094744615157760
569098396914421763
569119503516246016
569147067559485440
569164871465439232
569166368781635584
569175278255284224
569178210325430272
569180531742486528
569204038811717632
569210501059604480
569223830759059458
569227342675116033
569238450794209280
569242111100514305
569246231500685314
569250176369471489
569261063406882816
569261495449595905
569263677234388993
569276042491211777
569298251418959872
569345132866220032
569368621077692417
569421367243878400
569450700532535296
569544271017037824
569559149933142016
569560154619965440
569577548318777345
569579474762608640
569595643087486976
569598171082596352
569602682505138176
569602861467885568
569606901325017090
569613523648532480
569629990129520641
569630712233627648
569632024434057216
569634833917452288
569642899828133888
569643287918845952
569646446586171392
569654393898864640
569658503570296832
569662789377064960
569672329321701376
569676933778292736
569678632567881728
569680398185312256
569680508088688641
569680835894497280
569691079471050752
569693430902861824
569711632991047680
569717866611630081
569723119415513088
569728283568418816
569728466469453825
569739695459995648
569762365572558848
569790444797865984
569795284764532736
569799053690556418
569817051482726400
569827329024913408
569845041440677888
569846771301654528
569865827274657792
569880288702173184
569926031542345728
569926460036657152
569926998824394752
569939156740149249
569944061848760320
569948966873370625
569959182729785344
569961410161192960
569962901601005569
569969455171813376
569970977368645632
569974508435562496
569981947612676096
569986246648442881
570001418825949185
570047669370036224
570050691173101568
570052545298759680
570068449646346240
570070483338731520
570078022201532419
570092530236149761
570116487278501888
570188684881821696
570196424043814912
570212047692161025
570226695724244992
570234996562112512
570238950801059840
570239376283676672
570244762785210368
570255853296746496
570257918798516224
570261225520689152
570270918095695872
570280755252895745
570288039454486529
570288445156941824
570292371340062720
570296417094373376
570296616688750592
570307312675651585
