567811407309185024
568922616800657411
568941851228528642
568951462413209601
569012722169466880
569577548318777345
569693012885770240
569698085821001728
569701004188508161
569713993532600321
567811407309185024
568922616800657411
568941851228528642
568951462413209601
569012722169466880
569577548318777345
569693012885770240
569698085821001728
569701004188508161
569713993532600321
569842452716236800
567811407309185024
568922616800657411
568941851228528642
568951462413209601
569012722169466880
569577548318777345
569693012885770240
569698085821001728
569701004188508161
569713993532600321
569842452716236800
570091216013955073
570100214733737985
570224727047872514
