567728285174743041
567788423352950784
567957027093245952
568055766130827264
568096875435282432
568101513605681152
568181761114546176
568208666035417088
568275733736353792
568427566916345856
568491765910659072
568533394402861056
568602597197623298
568604366690627584
568626423273017344
568810170383536128
568826247809273856
568843160224452608
568846499431337984
568894224738856961
568897700315435008
568920546043408385
568965165783388160
568979198007595008
568985010742693888
568988406476189696
569234924785414145
569235825680105472
569262680965402624
569378015429447680
569587242672398336
569656727995600896
569661926067736576
569663875836219392
569671485930876928
569674725623926784
569676217432977408
567728285174743041
567788423352950784
567957027093245952
568055766130827264
568096875435282432
568101513605681152
568181761114546176
568208666035417088
568275733736353792
568427566916345856
568491765910659072
568533394402861056
568602597197623298
568604366690627584
568626423273017344
568810170383536128
568826247809273856
568843160224452608
568846499431337984
568894224738856961
568897700315435008
568920546043408385
568965165783388160
568979198007595008
568985010742693888
568988406476189696
569234924785414145
569235825680105472
569262680965402624
569378015429447680
569587242672398336
569656727995600896
569661926067736576
569663875836219392
569671485930876928
569674725623926784
569676217432977408
567728285174743041
567788423352950784
567957027093245952
568055766130827264
568096875435282432
568101513605681152
568181761114546176
568208666035417088
568275733736353792
568427566916345856
568491765910659072
568533394402861056
568602597197623298
568604366690627584
568626423273017344
568810170383536128
568826247809273856
568843160224452608
568846499431337984
568894224738856961
568897700315435008
568920546043408385
568965165783388160
568979198007595008
568985010742693888
568988406476189696
569234924785414145
569235825680105472
569262680965402624
569378015429447680
569587242672398336
569656727995600896
569661926067736576
569663875836219392
569671485930876928
569674725623926784
569676217432977408
569875024045314048
569897748859744257
569919319821434880
569923394990419968
569978748780421121
570037369841135616
570060776301424641
570231750959329280
570287886135918593
567728285174743041
567788423352950784
567957027093245952
568055766130827264
568096875435282432
568101513605681152
568181761114546176
568208666035417088
568275733736353792
568427566916345856
568491765910659072
568533394402861056
568602597197623298
568604366690627584
568626423273017344
568810170383536128
568826247809273856
568843160224452608
568846499431337984
568894224738856961
568897700315435008
568920546043408385
568965165783388160
568979198007595008
568985010742693888
568988406476189696
569234924785414145
569235825680105472
569262680965402624
569378015429447680
569587242672398336
569656727995600896
569661926067736576
569663875836219392
569671485930876928
569674725623926784
569676217432977408
569875024045314048
569897748859744257
569919319821434880
569923394990419968
569978748780421121
570037369841135616
570060776301424641
570231750959329280
570287886135918593
567728285174743041
567788423352950784
567957027093245952
568055766130827264
568096875435282432
568101513605681152
568181761114546176
568208666035417088
568275733736353792
568427566916345856
568491765910659072
568533394402861056
568602597197623298
568604366690627584
568626423273017344
568810170383536128
568826247809273856
568843160224452608
568846499431337984
568894224738856961
568897700315435008
568920546043408385
568965165783388160
568979198007595008
568985010742693888
568988406476189696
569234924785414145
569235825680105472
569262680965402624
569378015429447680
569587242672398336
569656727995600896
569661926067736576
569663875836219392
569671485930876928
569674725623926784
569676217432977408
569875024045314048
569897748859744257
569919319821434880
569923394990419968
569978748780421121
570037369841135616
570060776301424641
570231750959329280
570287886135918593
567728285174743041
567788423352950784
567957027093245952
568055766130827264
568096875435282432
568101513605681152
568181761114546176
568208666035417088
568275733736353792
568427566916345856
568491765910659072
568533394402861056
568602597197623298
568604366690627584
568626423273017344
568810170383536128
568826247809273856
568843160224452608
568846499431337984
568894224738856961
568897700315435008
568920546043408385
568965165783388160
568979198007595008
568985010742693888
568988406476189696
569234924785414145
569235825680105472
569262680965402624
569378015429447680
569587242672398336
569656727995600896
569661926067736576
569663875836219392
569671485930876928
569674725623926784
569676217432977408
569875024045314048
569897748859744257
569919319821434880
569923394990419968
569978748780421121
570037369841135616
570060776301424641
570231750959329280
570287886135918593
567728285174743041
567788423352950784
567957027093245952
568055766130827264
568096875435282432
568101513605681152
568181761114546176
568208666035417088
568275733736353792
568427566916345856
568491765910659072
568533394402861056
568602597197623298
568604366690627584
568626423273017344
568810170383536128
568826247809273856
568843160224452608
568846499431337984
568894224738856961
568897700315435008
568920546043408385
568965165783388160
568979198007595008
568985010742693888
568988406476189696
569234924785414145
569235825680105472
569262680965402624
569378015429447680
569587242672398336
569656727995600896
569661926067736576
569663875836219392
569671485930876928
569674725623926784
569676217432977408
569875024045314048
569897748859744257
569919319821434880
569923394990419968
569978748780421121
570037369841135616
570060776301424641
570231750959329280
570287886135918593
567728285174743041
567788423352950784
567957027093245952
568055766130827264
568096875435282432
568101513605681152
568181761114546176
568208666035417088
568275733736353792
568427566916345856
568491765910659072
568533394402861056
568602597197623298
568604366690627584
568626423273017344
568810170383536128
568826247809273856
568843160224452608
568846499431337984
568894224738856961
568897700315435008
568920546043408385
568965165783388160
568979198007595008
568985010742693888
568988406476189696
569234924785414145
569235825680105472
569262680965402624
569378015429447680
569587242672398336
569656727995600896
569661926067736576
569663875836219392
569671485930876928
569674725623926784
569676217432977408
569875024045314048
569897748859744257
569919319821434880
569923394990419968
569978748780421121
570037369841135616
570060776301424641
570231750959329280
570287886135918593
