567927503718731777
568087085120233473
568165339290169344
568248245563969536
568248416418926594
567927503718731777
568087085120233473
568165339290169344
568248245563969536
568248416418926594
567927503718731777
568087085120233473
568165339290169344
568248245563969536
568248416418926594
567927503718731777
568087085120233473
568165339290169344
568248245563969536
568248416418926594
567927503718731777
568087085120233473
568165339290169344
568248245563969536
568248416418926594
567927503718731777
568087085120233473
568165339290169344
568248245563969536
568248416418926594
567927503718731777
568087085120233473
568165339290169344
568248245563969536
568248416418926594
567927503718731777
568087085120233473
568165339290169344
568248245563969536
568248416418926594
