569235825680105472
569392880911036416
569393942296432640
569394015055040512
569235825680105472
569392880911036416
569393942296432640
569394015055040512
569235825680105472
569392880911036416
569393942296432640
569394015055040512
569905336380989440
569920515542003712
570042533679656960
570267215720800256
569235825680105472
569392880911036416
569393942296432640
569394015055040512
569905336380989440
569920515542003712
570042533679656960
570267215720800256
569235825680105472
569392880911036416
569393942296432640
569394015055040512
569905336380989440
569920515542003712
570042533679656960
570267215720800256
569235825680105472
569392880911036416
569393942296432640
569394015055040512
569905336380989440
569920515542003712
570042533679656960
570267215720800256
569235825680105472
569392880911036416
569393942296432640
569394015055040512
569905336380989440
569920515542003712
570042533679656960
570267215720800256
569235825680105472
569392880911036416
569393942296432640
569394015055040512
569905336380989440
569920515542003712
570042533679656960
570267215720800256
