568190725319311360
568198349393768448
568548205421563906
569634828641034240
568190725319311360
568198349393768448
568548205421563906
569634828641034240
568190725319311360
568198349393768448
568548205421563906
569634828641034240
569976124278640640
569981015378112512
569981473060560896
569982323598368768
569985760482365440
569987227075239936
569996446348517376
569999956796444674
570000158454353920
570000760035024896
570009129579900928
570013535696232449
570015470570639360
570017458742030336
570017568964132865
570018532727103489
570019623078383616
570020147827752961
