567808255566602240
568111779705958400
568352803892150273
568496861797076992
568514819369754624
569147067559485440
569168473194041344
569187853412012032
569316516321202176
569326818697871360
569451523878420480
569525760337162241
569531018643955712
569611735696580611
569623852403306496
569641125243301888
569691648579338240
567808255566602240
568111779705958400
568352803892150273
568496861797076992
568514819369754624
569147067559485440
569168473194041344
569187853412012032
569316516321202176
569326818697871360
569451523878420480
569525760337162241
569531018643955712
569611735696580611
569623852403306496
569641125243301888
569691648579338240
567808255566602240
568111779705958400
568352803892150273
568496861797076992
568514819369754624
569147067559485440
569168473194041344
569187853412012032
569316516321202176
569326818697871360
569451523878420480
569525760337162241
569531018643955712
569611735696580611
569623852403306496
569641125243301888
569691648579338240
569871979739635712
569881123741937664
569992532123258881
570001283907768320
570030173300658176
570123304498917377
570217425100148738
570304178314190848
567808255566602240
568111779705958400
568352803892150273
568496861797076992
568514819369754624
569147067559485440
569168473194041344
569187853412012032
569316516321202176
569326818697871360
569451523878420480
569525760337162241
569531018643955712
569611735696580611
569623852403306496
569641125243301888
569691648579338240
569871979739635712
569881123741937664
569992532123258881
570001283907768320
570030173300658176
570123304498917377
570217425100148738
570304178314190848
567808255566602240
568111779705958400
568352803892150273
568496861797076992
568514819369754624
569147067559485440
569168473194041344
569187853412012032
569316516321202176
569326818697871360
569451523878420480
569525760337162241
569531018643955712
569611735696580611
569623852403306496
569641125243301888
569691648579338240
569871979739635712
569881123741937664
569992532123258881
570001283907768320
570030173300658176
570123304498917377
570217425100148738
570304178314190848
567808255566602240
568111779705958400
568352803892150273
568496861797076992
568514819369754624
569147067559485440
569168473194041344
569187853412012032
569316516321202176
569326818697871360
569451523878420480
569525760337162241
569531018643955712
569611735696580611
569623852403306496
569641125243301888
569691648579338240
569871979739635712
569881123741937664
569992532123258881
570001283907768320
570030173300658176
570123304498917377
570217425100148738
570304178314190848
567808255566602240
568111779705958400
568352803892150273
568496861797076992
568514819369754624
569147067559485440
569168473194041344
569187853412012032
569316516321202176
569326818697871360
569451523878420480
569525760337162241
569531018643955712
569611735696580611
569623852403306496
569641125243301888
569691648579338240
569871979739635712
569881123741937664
569992532123258881
570001283907768320
570030173300658176
570123304498917377
570217425100148738
570304178314190848
567808255566602240
568111779705958400
568352803892150273
568496861797076992
568514819369754624
569147067559485440
569168473194041344
569187853412012032
569316516321202176
569326818697871360
569451523878420480
569525760337162241
569531018643955712
569611735696580611
569623852403306496
569641125243301888
569691648579338240
569871979739635712
569881123741937664
569992532123258881
570001283907768320
570030173300658176
570123304498917377
570217425100148738
570304178314190848
