567721806040031232
567728800864010242
567734830800961537
567774437673603073
567873229055991808
567886091975462912
568074163270905856
568085705479618560
568140850963881984
568168034394873857
568174911841177600
568438142673555457
568574897988874240
568877748967444480
569128289178152960
569162211748245504
569372015980707840
569378165610524672
569509671213662208
569588591602458624
569614009369907200
569627485240844288
569633285288157184
569639529805688832
569658953828732928
569659515706028033
569659556869120000
569673434721951744
569685890349404160
569690664029462529
569696864091697152
569710119216422912
569788202174713856
569811225770479616
569811246096064512
567721806040031232
567728800864010242
567734830800961537
567774437673603073
567873229055991808
567886091975462912
568074163270905856
568085705479618560
568140850963881984
568168034394873857
568174911841177600
568438142673555457
568574897988874240
568877748967444480
569128289178152960
569162211748245504
569372015980707840
569378165610524672
569509671213662208
569588591602458624
569614009369907200
569627485240844288
569633285288157184
569639529805688832
569658953828732928
569659515706028033
569659556869120000
569673434721951744
569685890349404160
569690664029462529
569696864091697152
569710119216422912
569788202174713856
569811225770479616
569811246096064512
569837650984751104
569842067544805376
567721806040031232
567728800864010242
567734830800961537
567774437673603073
567873229055991808
567886091975462912
568074163270905856
568085705479618560
568140850963881984
568168034394873857
568174911841177600
568438142673555457
568574897988874240
568877748967444480
569128289178152960
569162211748245504
569372015980707840
569378165610524672
569509671213662208
569588591602458624
569614009369907200
569627485240844288
569633285288157184
569639529805688832
569658953828732928
569659515706028033
569659556869120000
569673434721951744
569685890349404160
569690664029462529
569696864091697152
569710119216422912
569788202174713856
569811225770479616
569811246096064512
569837650984751104
569842067544805376
569858330421694465
569881379825164288
569884285659848704
569910774556004352
569921646057926656
569937801942310913
569946428547551233
569983854464921601
569986794797842433
570054257577041921
570176104541122561
570246490473566208
