567807014388154368
567811913586876417
568174911841177600
568194427904069632
568245800788221953
568397140977979392
568414872578465792
568425564282998785
568431753272168448
568781359331844096
568810180269494272
568812046747201537
568852246462631936
568877748967444480
568923795228139521
568960217976864769
569165227847102465
569167514300784640
569183387816038401
569223482791366656
569226157901684736
569255036796215297
569255845394952192
569268243854192640
569289254616076288
569429468781150208
569492106923806720
569516377524076544
569531387629318144
569545779079094272
569591540944756737
569596502558920707
569599379893575680
569603127223066624
569604909571678208
569606467646578688
569613284455948289
569617064375271424
569633221748637696
569666477265018881
569673773567381505
569716065741045760
569722020776116224
569727628766281728
569730861593010176
569790297875599361
567807014388154368
567811913586876417
568174911841177600
568194427904069632
568245800788221953
568397140977979392
568414872578465792
568425564282998785
568431753272168448
568781359331844096
568810180269494272
568812046747201537
568852246462631936
568877748967444480
568923795228139521
568960217976864769
569165227847102465
569167514300784640
569183387816038401
569223482791366656
569226157901684736
569255036796215297
569255845394952192
569268243854192640
569289254616076288
569429468781150208
569492106923806720
569516377524076544
569531387629318144
569545779079094272
569591540944756737
569596502558920707
569599379893575680
569603127223066624
569604909571678208
569606467646578688
569613284455948289
569617064375271424
569633221748637696
569666477265018881
569673773567381505
569716065741045760
569722020776116224
569727628766281728
569730861593010176
569790297875599361
567807014388154368
567811913586876417
568174911841177600
568194427904069632
568245800788221953
568397140977979392
568414872578465792
568425564282998785
568431753272168448
568781359331844096
568810180269494272
568812046747201537
568852246462631936
568877748967444480
568923795228139521
568960217976864769
569165227847102465
569167514300784640
569183387816038401
569223482791366656
569226157901684736
569255036796215297
569255845394952192
569268243854192640
569289254616076288
569429468781150208
569492106923806720
569516377524076544
569531387629318144
569545779079094272
569591540944756737
569596502558920707
569599379893575680
569603127223066624
569604909571678208
569606467646578688
569613284455948289
569617064375271424
569633221748637696
569666477265018881
569673773567381505
569716065741045760
569722020776116224
569727628766281728
569730861593010176
569790297875599361
569857446371438592
569869884164714498
569881379825164288
569881888892055552
569885003020181504
569889139593646080
569911231705944064
569930805688053761
569934076641030146
569937998806011905
569939156740149249
569942084393824256
569954275016765440
569957703813976065
569971216934526976
569971526876962819
569972985521532929
569974423903715328
569989252613689344
569992708447711232
570000805626949633
570021075355963392
570033341250056193
570061334898872321
570079868253298688
570163662100549634
570239546673238017
570244762785210368
570246490473566208
570275123854487552
570281731510571009
570295658185408512
