567763748559937536
567787873778278400
567789749013086208
567796792847499265
567809695260639232
568245429491654656
568432328902610944
568564623156211712
568573057184473089
568811069575204864
568992757169065984
569125267270017024
569162211748245504
569248875825008640
569262631258705920
569418351295926273
569517360828145664
569538649110548480
569552947903754240
569583943772610560
569600009097904128
569608446586200064
569617808885096448
569620123096494080
569624948190261249
569635939422593024
569636447956930561
569659515706028033
569664261678600192
569672905270800385
569686624721707009
569695794598531072
569701189199089664
569708269943418880
569712291857485824
569743129928028160
569783738210525184
569799734774272002
567763748559937536
567787873778278400
567789749013086208
567796792847499265
567809695260639232
568245429491654656
568432328902610944
568564623156211712
568573057184473089
568811069575204864
568992757169065984
569125267270017024
569162211748245504
569248875825008640
569262631258705920
569418351295926273
569517360828145664
569538649110548480
569552947903754240
569583943772610560
569600009097904128
569608446586200064
569617808885096448
569620123096494080
569624948190261249
569635939422593024
569636447956930561
569659515706028033
569664261678600192
569672905270800385
569686624721707009
569695794598531072
569701189199089664
569708269943418880
569712291857485824
569743129928028160
569783738210525184
569799734774272002
567763748559937536
567787873778278400
567789749013086208
567796792847499265
567809695260639232
568245429491654656
568432328902610944
568564623156211712
568573057184473089
568811069575204864
568992757169065984
569125267270017024
569162211748245504
569248875825008640
569262631258705920
569418351295926273
569517360828145664
569538649110548480
569552947903754240
569583943772610560
569600009097904128
569608446586200064
569617808885096448
569620123096494080
569624948190261249
569635939422593024
569636447956930561
569659515706028033
569664261678600192
569672905270800385
569686624721707009
569695794598531072
569701189199089664
569708269943418880
569712291857485824
569743129928028160
569783738210525184
569799734774272002
569851972645466112
569855409567207424
569864778702671874
569866847690100736
569868115481395201
569893140066213888
569896616322334720
569912963273879552
569949017674809344
569957170369814528
569971722155208706
569986246648442881
570054574389788672
570072918094442496
570114300888678401
570276806512779264
567763748559937536
567787873778278400
567789749013086208
567796792847499265
567809695260639232
568245429491654656
568432328902610944
568564623156211712
568573057184473089
568811069575204864
568992757169065984
569125267270017024
569162211748245504
569248875825008640
569262631258705920
569418351295926273
569517360828145664
569538649110548480
569552947903754240
569583943772610560
569600009097904128
569608446586200064
569617808885096448
569620123096494080
569624948190261249
569635939422593024
569636447956930561
569659515706028033
569664261678600192
569672905270800385
569686624721707009
569695794598531072
569701189199089664
569708269943418880
569712291857485824
569743129928028160
569783738210525184
569799734774272002
569851972645466112
569855409567207424
569864778702671874
569866847690100736
569868115481395201
569893140066213888
569896616322334720
569912963273879552
569949017674809344
569957170369814528
569971722155208706
569986246648442881
570054574389788672
570072918094442496
570114300888678401
570276806512779264
567763748559937536
567787873778278400
567789749013086208
567796792847499265
567809695260639232
568245429491654656
568432328902610944
568564623156211712
568573057184473089
568811069575204864
568992757169065984
569125267270017024
569162211748245504
569248875825008640
569262631258705920
569418351295926273
569517360828145664
569538649110548480
569552947903754240
569583943772610560
569600009097904128
569608446586200064
569617808885096448
569620123096494080
569624948190261249
569635939422593024
569636447956930561
569659515706028033
569664261678600192
569672905270800385
569686624721707009
569695794598531072
569701189199089664
569708269943418880
569712291857485824
569743129928028160
569783738210525184
569799734774272002
569851972645466112
569855409567207424
569864778702671874
569866847690100736
569868115481395201
569893140066213888
569896616322334720
569912963273879552
569949017674809344
569957170369814528
569971722155208706
569986246648442881
570054574389788672
570072918094442496
570114300888678401
570276806512779264
567763748559937536
567787873778278400
567789749013086208
567796792847499265
567809695260639232
568245429491654656
568432328902610944
568564623156211712
568573057184473089
568811069575204864
568992757169065984
569125267270017024
569162211748245504
569248875825008640
569262631258705920
569418351295926273
569517360828145664
569538649110548480
569552947903754240
569583943772610560
569600009097904128
569608446586200064
569617808885096448
569620123096494080
569624948190261249
569635939422593024
569636447956930561
569659515706028033
569664261678600192
569672905270800385
569686624721707009
569695794598531072
569701189199089664
569708269943418880
569712291857485824
569743129928028160
569783738210525184
569799734774272002
569851972645466112
569855409567207424
569864778702671874
569866847690100736
569868115481395201
569893140066213888
569896616322334720
569912963273879552
569949017674809344
569957170369814528
569971722155208706
569986246648442881
570054574389788672
570072918094442496
570114300888678401
570276806512779264
567763748559937536
567787873778278400
567789749013086208
567796792847499265
567809695260639232
568245429491654656
568432328902610944
568564623156211712
568573057184473089
568811069575204864
568992757169065984
569125267270017024
569162211748245504
569248875825008640
569262631258705920
569418351295926273
569517360828145664
569538649110548480
569552947903754240
569583943772610560
569600009097904128
569608446586200064
569617808885096448
569620123096494080
569624948190261249
569635939422593024
569636447956930561
569659515706028033
569664261678600192
569672905270800385
569686624721707009
569695794598531072
569701189199089664
569708269943418880
569712291857485824
569743129928028160
569783738210525184
569799734774272002
569851972645466112
569855409567207424
569864778702671874
569866847690100736
569868115481395201
569893140066213888
569896616322334720
569912963273879552
569949017674809344
569957170369814528
569971722155208706
569986246648442881
570054574389788672
570072918094442496
570114300888678401
570276806512779264
567763748559937536
567787873778278400
567789749013086208
567796792847499265
567809695260639232
568245429491654656
568432328902610944
568564623156211712
568573057184473089
568811069575204864
568992757169065984
569125267270017024
569162211748245504
569248875825008640
569262631258705920
569418351295926273
569517360828145664
569538649110548480
569552947903754240
569583943772610560
569600009097904128
569608446586200064
569617808885096448
569620123096494080
569624948190261249
569635939422593024
569636447956930561
569659515706028033
569664261678600192
569672905270800385
569686624721707009
569695794598531072
569701189199089664
569708269943418880
569712291857485824
569743129928028160
569783738210525184
569799734774272002
569851972645466112
569855409567207424
569864778702671874
569866847690100736
569868115481395201
569893140066213888
569896616322334720
569912963273879552
569949017674809344
569957170369814528
569971722155208706
569986246648442881
570054574389788672
570072918094442496
570114300888678401
570276806512779264
