567827275619549184
568967744076410880
569642063005753344
569672448716742656
567827275619549184
568967744076410880
569642063005753344
569672448716742656
567827275619549184
568967744076410880
569642063005753344
569672448716742656
569890109803220993
570024703256956929
567827275619549184
568967744076410880
569642063005753344
569672448716742656
569890109803220993
570024703256956929
567827275619549184
568967744076410880
569642063005753344
569672448716742656
569890109803220993
570024703256956929
567827275619549184
568967744076410880
569642063005753344
569672448716742656
569890109803220993
570024703256956929
567827275619549184
568967744076410880
569642063005753344
569672448716742656
569890109803220993
570024703256956929
567827275619549184
568967744076410880
569642063005753344
569672448716742656
569890109803220993
570024703256956929
