567789433010016256
567799935173947392
567811306900975616
567951376480907264
568084167390564353
568085636592349184
567789433010016256
567799935173947392
567811306900975616
567951376480907264
568084167390564353
568085636592349184
567789433010016256
567799935173947392
567811306900975616
567951376480907264
568084167390564353
568085636592349184
567789433010016256
567799935173947392
567811306900975616
567951376480907264
568084167390564353
568085636592349184
567789433010016256
567799935173947392
567811306900975616
567951376480907264
568084167390564353
568085636592349184
567789433010016256
567799935173947392
567811306900975616
567951376480907264
568084167390564353
568085636592349184
567789433010016256
567799935173947392
567811306900975616
567951376480907264
568084167390564353
568085636592349184
567789433010016256
567799935173947392
567811306900975616
567951376480907264
568084167390564353
568085636592349184
