568055996884619264
568282656590282754
568433759919452160
568496445164273665
568544549536198656
568593365601820672
568917869762904066
569170176165478401
569363263588339712
569369662955261953
569558986665537537
569618317440208896
569618868441722882
569690626293305344
568055996884619264
568282656590282754
568433759919452160
568496445164273665
568544549536198656
568593365601820672
568917869762904066
569170176165478401
569363263588339712
569369662955261953
569558986665537537
569618317440208896
569618868441722882
569690626293305344
568055996884619264
568282656590282754
568433759919452160
568496445164273665
568544549536198656
568593365601820672
568917869762904066
569170176165478401
569363263588339712
569369662955261953
569558986665537537
569618317440208896
569618868441722882
569690626293305344
570095043169529857
570299924555956227
568055996884619264
568282656590282754
568433759919452160
568496445164273665
568544549536198656
568593365601820672
568917869762904066
569170176165478401
569363263588339712
569369662955261953
569558986665537537
569618317440208896
569618868441722882
569690626293305344
570095043169529857
570299924555956227
568055996884619264
568282656590282754
568433759919452160
568496445164273665
568544549536198656
568593365601820672
568917869762904066
569170176165478401
569363263588339712
569369662955261953
569558986665537537
569618317440208896
569618868441722882
569690626293305344
570095043169529857
570299924555956227
568055996884619264
568282656590282754
568433759919452160
568496445164273665
568544549536198656
568593365601820672
568917869762904066
569170176165478401
569363263588339712
569369662955261953
569558986665537537
569618317440208896
569618868441722882
569690626293305344
570095043169529857
570299924555956227
568055996884619264
568282656590282754
568433759919452160
568496445164273665
568544549536198656
568593365601820672
568917869762904066
569170176165478401
569363263588339712
569369662955261953
569558986665537537
569618317440208896
569618868441722882
569690626293305344
570095043169529857
570299924555956227
568055996884619264
568282656590282754
568433759919452160
568496445164273665
568544549536198656
568593365601820672
568917869762904066
569170176165478401
569363263588339712
569369662955261953
569558986665537537
569618317440208896
569618868441722882
569690626293305344
570095043169529857
570299924555956227
