567724091809878016
567763818257063937
567828425278283777
567886241179377664
567907483177582592
567919829589442560
567945572746792962
567950122245623808
567997512310767616
568040818059190273
568048515932426241
568049201453469697
568087284483928064
568132912761208832
568162290890964992
568166054624669696
568176862159110144
568212443433865217
568215307170521088
568250993776803840
568364074427420672
568408759019524097
568433610765815808
568481989776564224
568562804837490688
568591158777122818
568614750508036096
568640385117003776
568654382620782592
568767144407789569
568780030538420225
568786817404817408
568797800743313408
568810866830913536
568853685855334400
568873459901702145
568882601261273089
568884344221081600
568929026644975616
568944096687075329
568965585620459520
569007890029129728
569120452586700800
569140362025050112
569149666027294720
569182336715243520
569215076655214592
569235825680105472
569244202225307648
569260366221348864
569260922365063169
569275378331717633
569310202174025729
569317747101982720
569345076406693888
569435866902302720
569451523878420480
569495331399995392
569504172011356160
569550779520032770
569562383489896448
569564853460807680
569566511184125952
569566673235271680
569576418855620608
569585203666161664
569586179185754113
569631041356320768
569641319712169984
569642757767081984
569667918557900800
569670802867556352
569676387113672704
569682422981218304
569684138304741377
569686510108344320
569698788216049664
569700252321755137
569716065741045760
569718807939428354
569722436935151616
569730716692393984
569738245237395456
569747668232065024
569753036014247936
569769624780165120
569786215693742080
569803373530128384
567724091809878016
567763818257063937
567828425278283777
567886241179377664
567907483177582592
567919829589442560
567945572746792962
567950122245623808
567997512310767616
568040818059190273
568048515932426241
568049201453469697
568087284483928064
568132912761208832
568162290890964992
568166054624669696
568176862159110144
568212443433865217
568215307170521088
568250993776803840
568364074427420672
568408759019524097
568433610765815808
568481989776564224
568562804837490688
568591158777122818
568614750508036096
568640385117003776
568654382620782592
568767144407789569
568780030538420225
568786817404817408
568797800743313408
568810866830913536
568853685855334400
568873459901702145
568882601261273089
568884344221081600
568929026644975616
568944096687075329
568965585620459520
569007890029129728
569120452586700800
569140362025050112
569149666027294720
569182336715243520
569215076655214592
569235825680105472
569244202225307648
569260366221348864
569260922365063169
569275378331717633
569310202174025729
569317747101982720
569345076406693888
569435866902302720
569451523878420480
569495331399995392
569504172011356160
569550779520032770
569562383489896448
569564853460807680
569566511184125952
569566673235271680
569576418855620608
569585203666161664
569586179185754113
569631041356320768
569641319712169984
569642757767081984
569667918557900800
569670802867556352
569676387113672704
569682422981218304
569684138304741377
569686510108344320
569698788216049664
569700252321755137
569716065741045760
569718807939428354
569722436935151616
569730716692393984
569738245237395456
569747668232065024
569753036014247936
569769624780165120
569786215693742080
569803373530128384
569821659097477120
569833653871742976
567724091809878016
567763818257063937
567828425278283777
567886241179377664
567907483177582592
567919829589442560
567945572746792962
567950122245623808
567997512310767616
568040818059190273
568048515932426241
568049201453469697
568087284483928064
568132912761208832
568162290890964992
568166054624669696
568176862159110144
568212443433865217
568215307170521088
568250993776803840
568364074427420672
568408759019524097
568433610765815808
568481989776564224
568562804837490688
568591158777122818
568614750508036096
568640385117003776
568654382620782592
568767144407789569
568780030538420225
568786817404817408
568797800743313408
568810866830913536
568853685855334400
568873459901702145
568882601261273089
568884344221081600
568929026644975616
568944096687075329
568965585620459520
569007890029129728
569120452586700800
569140362025050112
569149666027294720
569182336715243520
569215076655214592
569235825680105472
569244202225307648
569260366221348864
569260922365063169
569275378331717633
569310202174025729
569317747101982720
569345076406693888
569435866902302720
569451523878420480
569495331399995392
569504172011356160
569550779520032770
569562383489896448
569564853460807680
569566511184125952
569566673235271680
569576418855620608
569585203666161664
569586179185754113
569631041356320768
569641319712169984
569642757767081984
569667918557900800
569670802867556352
569676387113672704
569682422981218304
569684138304741377
569686510108344320
569698788216049664
569700252321755137
569716065741045760
569718807939428354
569722436935151616
569730716692393984
569738245237395456
569747668232065024
569753036014247936
569769624780165120
569786215693742080
569803373530128384
569821659097477120
569833653871742976
569889885651234816
569897334760448000
569925709025509376
569944355261304833
569950215513497601
569953683309514754
569956115724660736
569960704717008896
569975126659342336
569976124278640640
569987227075239936
570002186991763457
570037961020080129
570038694817767425
570056874583654402
570063224328081408
570067181733580800
570082289939406848
570115339515592704
570119444451745792
570215234088116224
570265280674459648
570267915154538496
570270630660218881
570296986827694080
