567725387904720896
568600380977893376
569316342769291264
569732616376725504
567725387904720896
568600380977893376
569316342769291264
569732616376725504
567725387904720896
568600380977893376
569316342769291264
569732616376725504
570090452809949184
567725387904720896
568600380977893376
569316342769291264
569732616376725504
570090452809949184
567725387904720896
568600380977893376
569316342769291264
569732616376725504
570090452809949184
567725387904720896
568600380977893376
569316342769291264
569732616376725504
570090452809949184
567725387904720896
568600380977893376
569316342769291264
569732616376725504
570090452809949184
567725387904720896
568600380977893376
569316342769291264
569732616376725504
570090452809949184
