567930900731854848
569602295224246272
567930900731854848
569602295224246272
569833653871742976
567930900731854848
569602295224246272
569833653871742976
570050268588597248
567930900731854848
569602295224246272
569833653871742976
570050268588597248
567930900731854848
569602295224246272
569833653871742976
570050268588597248
567930900731854848
569602295224246272
569833653871742976
570050268588597248
567930900731854848
569602295224246272
569833653871742976
570050268588597248
567930900731854848
569602295224246272
569833653871742976
570050268588597248
