567755891714174976
567786135904980993
567788514952368129
567962289460137984
568014567089029120
568126682336534529
568256684642213888
568464356687679488
568481017876623360
568491142410571778
568491484401557504
568491765910659072
568494749247778816
568896751102533632
569345132866220032
569373511455776768
569373743698591744
569392315409829888
569406451980091392
569493077368422400
569558286216929280
569589643487928321
569619984802054144
569621991852019713
569633545737490433
569655603783708673
569696862011133952
569698562734321665
569700499319959553
569711837656125440
569713071435829249
567755891714174976
567786135904980993
567788514952368129
567962289460137984
568014567089029120
568126682336534529
568256684642213888
568464356687679488
568481017876623360
568491142410571778
568491484401557504
568491765910659072
568494749247778816
568896751102533632
569345132866220032
569373511455776768
569373743698591744
569392315409829888
569406451980091392
569493077368422400
569558286216929280
569589643487928321
569619984802054144
569621991852019713
569633545737490433
569655603783708673
569696862011133952
569698562734321665
569700499319959553
569711837656125440
569713071435829249
569824565091823616
567755891714174976
567786135904980993
567788514952368129
567962289460137984
568014567089029120
568126682336534529
568256684642213888
568464356687679488
568481017876623360
568491142410571778
568491484401557504
568491765910659072
568494749247778816
568896751102533632
569345132866220032
569373511455776768
569373743698591744
569392315409829888
569406451980091392
569493077368422400
569558286216929280
569589643487928321
569619984802054144
569621991852019713
569633545737490433
569655603783708673
569696862011133952
569698562734321665
569700499319959553
569711837656125440
569713071435829249
569824565091823616
569892553690124288
569922973798420480
569923507263557632
569935261947330560
569935956880420864
569937801942310913
569952718707687424
569958247412723712
569968411561701378
569989504431316993
569989812637167617
569989999963213824
569990481452539904
570215793511825408
570219815941615616
570221955976187904
570261511781941251
570273819287531520
