567801567630618624
567803467282046976
568095956866093057
568250311455981570
568250452057427970
568548764484542464
568618649751171072
568811854216105984
568815893641211905
568905470502670336
569011846432366592
569527205291802624
569557763094917120
567801567630618624
567803467282046976
568095956866093057
568250311455981570
568250452057427970
568548764484542464
568618649751171072
568811854216105984
568815893641211905
568905470502670336
569011846432366592
569527205291802624
569557763094917120
567801567630618624
567803467282046976
568095956866093057
568250311455981570
568250452057427970
568548764484542464
568618649751171072
568811854216105984
568815893641211905
568905470502670336
569011846432366592
569527205291802624
569557763094917120
569864778702671874
569947514633191424
570045890750230529
570100035167379456
