568134973728755712
568209287517835265
568373807414714369
569666771717890048
569713556935077888
568134973728755712
568209287517835265
568373807414714369
569666771717890048
569713556935077888
568134973728755712
568209287517835265
568373807414714369
569666771717890048
569713556935077888
569980269379358720
570211810038521856
570306733010264064
568134973728755712
568209287517835265
568373807414714369
569666771717890048
569713556935077888
569980269379358720
570211810038521856
570306733010264064
568134973728755712
568209287517835265
568373807414714369
569666771717890048
569713556935077888
569980269379358720
570211810038521856
570306733010264064
568134973728755712
568209287517835265
568373807414714369
569666771717890048
569713556935077888
569980269379358720
570211810038521856
570306733010264064
568134973728755712
568209287517835265
568373807414714369
569666771717890048
569713556935077888
569980269379358720
570211810038521856
570306733010264064
568134973728755712
568209287517835265
568373807414714369
569666771717890048
569713556935077888
569980269379358720
570211810038521856
570306733010264064
