567783687980367872
567811236231954433
567811306900975616
568063122755485696
568111779705958400
568481017876623360
568482925177651201
568644053522391041
568775413192921088
568832151119990784
569339932801703936
569392315409829888
569559847131164672
569592236981284864
569616362223628289
569616424995409921
569619325230960641
569630050972143616
569631847547867136
569676612851134464
567783687980367872
567811236231954433
567811306900975616
568063122755485696
568111779705958400
568481017876623360
568482925177651201
568644053522391041
568775413192921088
568832151119990784
569339932801703936
569392315409829888
569559847131164672
569592236981284864
569616362223628289
569616424995409921
569619325230960641
569630050972143616
569631847547867136
569676612851134464
567783687980367872
567811236231954433
567811306900975616
568063122755485696
568111779705958400
568481017876623360
568482925177651201
568644053522391041
568775413192921088
568832151119990784
569339932801703936
569392315409829888
569559847131164672
569592236981284864
569616362223628289
569616424995409921
569619325230960641
569630050972143616
569631847547867136
569676612851134464
569855477854691328
569895516139421696
569895927273517056
569905052447592448
569935980129447936
569946703522091008
569987992858836992
570038564110467074
570087222663229440
570105616515145728
570215343530102784
567783687980367872
567811236231954433
567811306900975616
568063122755485696
568111779705958400
568481017876623360
568482925177651201
568644053522391041
568775413192921088
568832151119990784
569339932801703936
569392315409829888
569559847131164672
569592236981284864
569616362223628289
569616424995409921
569619325230960641
569630050972143616
569631847547867136
569676612851134464
569855477854691328
569895516139421696
569895927273517056
569905052447592448
569935980129447936
569946703522091008
569987992858836992
570038564110467074
570087222663229440
570105616515145728
570215343530102784
567783687980367872
567811236231954433
567811306900975616
568063122755485696
568111779705958400
568481017876623360
568482925177651201
568644053522391041
568775413192921088
568832151119990784
569339932801703936
569392315409829888
569559847131164672
569592236981284864
569616362223628289
569616424995409921
569619325230960641
569630050972143616
569631847547867136
569676612851134464
569855477854691328
569895516139421696
569895927273517056
569905052447592448
569935980129447936
569946703522091008
569987992858836992
570038564110467074
570087222663229440
570105616515145728
570215343530102784
567783687980367872
567811236231954433
567811306900975616
568063122755485696
568111779705958400
568481017876623360
568482925177651201
568644053522391041
568775413192921088
568832151119990784
569339932801703936
569392315409829888
569559847131164672
569592236981284864
569616362223628289
569616424995409921
569619325230960641
569630050972143616
569631847547867136
569676612851134464
569855477854691328
569895516139421696
569895927273517056
569905052447592448
569935980129447936
569946703522091008
569987992858836992
570038564110467074
570087222663229440
570105616515145728
570215343530102784
567783687980367872
567811236231954433
567811306900975616
568063122755485696
568111779705958400
568481017876623360
568482925177651201
568644053522391041
568775413192921088
568832151119990784
569339932801703936
569392315409829888
569559847131164672
569592236981284864
569616362223628289
569616424995409921
569619325230960641
569630050972143616
569631847547867136
569676612851134464
569855477854691328
569895516139421696
569895927273517056
569905052447592448
569935980129447936
569946703522091008
569987992858836992
570038564110467074
570087222663229440
570105616515145728
570215343530102784
567783687980367872
567811236231954433
567811306900975616
568063122755485696
568111779705958400
568481017876623360
568482925177651201
568644053522391041
568775413192921088
568832151119990784
569339932801703936
569392315409829888
569559847131164672
569592236981284864
569616362223628289
569616424995409921
569619325230960641
569630050972143616
569631847547867136
569676612851134464
569855477854691328
569895516139421696
569895927273517056
569905052447592448
569935980129447936
569946703522091008
569987992858836992
570038564110467074
570087222663229440
570105616515145728
570215343530102784
