567739149818413056
567818961716387840
568079278505463808
568259485413715969
568435434964938752
568442989258911745
568457810066800640
568462632719491072
568466642193104897
568645962425446401
568833409138745344
568857663171366912
568862015575461889
568874399652306944
568912730742255616
569006176186183680
569223447005433856
569500030459117568
569508277026983937
569595218401439744
569627477200535552
569630148468670464
569632828478136320
569637593278779392
569645350379757568
569645836109418496
569646045656948737
569647082870415361
569647597666889728
569651459152859137
569669603443519490
569685890349404160
569771270839013376
569815690531758082
567739149818413056
567818961716387840
568079278505463808
568259485413715969
568435434964938752
568442989258911745
568457810066800640
568462632719491072
568466642193104897
568645962425446401
568833409138745344
568857663171366912
568862015575461889
568874399652306944
568912730742255616
569006176186183680
569223447005433856
569500030459117568
569508277026983937
569595218401439744
569627477200535552
569630148468670464
569632828478136320
569637593278779392
569645350379757568
569645836109418496
569646045656948737
569647082870415361
569647597666889728
569651459152859137
569669603443519490
569685890349404160
569771270839013376
569815690531758082
567739149818413056
567818961716387840
568079278505463808
568259485413715969
568435434964938752
568442989258911745
568457810066800640
568462632719491072
568466642193104897
568645962425446401
568833409138745344
568857663171366912
568862015575461889
568874399652306944
568912730742255616
569006176186183680
569223447005433856
569500030459117568
569508277026983937
569595218401439744
569627477200535552
569630148468670464
569632828478136320
569637593278779392
569645350379757568
569645836109418496
569646045656948737
569647082870415361
569647597666889728
569651459152859137
569669603443519490
569685890349404160
569771270839013376
569815690531758082
569881062169567232
569899709734752256
569918453722656768
569921757647212544
569967974284713984
569999091028983808
570075916430397440
570100035167379456
570134947828080640
570257317859610624
570286565894828032
