567713896627470336
567800930683609088
567801079388471296
567950122245623808
568056741885288448
568069437506641920
568081386520723456
568094199586938880
568113981866446848
568176925845237760
568268831228964864
568371161484161025
568616603568492544
568780741909319680
568833970143698944
568894073345437697
568895856750899202
569198593158086656
569208488217485312
569255493610442752
569259688887492608
569261495449595905
569287656607100929
569291447377137664
569502188562546688
569525679823425536
569526164575924225
569541848877957120
569607918569410560
569612280989495296
569631575819710464
569805215605456896
567713896627470336
567800930683609088
567801079388471296
567950122245623808
568056741885288448
568069437506641920
568081386520723456
568094199586938880
568113981866446848
568176925845237760
568268831228964864
568371161484161025
568616603568492544
568780741909319680
568833970143698944
568894073345437697
568895856750899202
569198593158086656
569208488217485312
569255493610442752
569259688887492608
569261495449595905
569287656607100929
569291447377137664
569502188562546688
569525679823425536
569526164575924225
569541848877957120
569607918569410560
569612280989495296
569631575819710464
569805215605456896
569833653871742976
567713896627470336
567800930683609088
567801079388471296
567950122245623808
568056741885288448
568069437506641920
568081386520723456
568094199586938880
568113981866446848
568176925845237760
568268831228964864
568371161484161025
568616603568492544
568780741909319680
568833970143698944
568894073345437697
568895856750899202
569198593158086656
569208488217485312
569255493610442752
569259688887492608
569261495449595905
569287656607100929
569291447377137664
569502188562546688
569525679823425536
569526164575924225
569541848877957120
569607918569410560
569612280989495296
569631575819710464
569805215605456896
569833653871742976
569899063790825472
569903088632352769
569906446881697793
569937119411462144
569940889591795712
569942200735424512
569964162979221504
569978312157589504
569983093341347842
569991606385967107
569992310563450880
570084707548958720
570101194678517761
570216086173581312
567713896627470336
567800930683609088
567801079388471296
567950122245623808
568056741885288448
568069437506641920
568081386520723456
568094199586938880
568113981866446848
568176925845237760
568268831228964864
568371161484161025
568616603568492544
568780741909319680
568833970143698944
568894073345437697
568895856750899202
569198593158086656
569208488217485312
569255493610442752
569259688887492608
569261495449595905
569287656607100929
569291447377137664
569502188562546688
569525679823425536
569526164575924225
569541848877957120
569607918569410560
569612280989495296
569631575819710464
569805215605456896
569833653871742976
569899063790825472
569903088632352769
569906446881697793
569937119411462144
569940889591795712
569942200735424512
569964162979221504
569978312157589504
569983093341347842
569991606385967107
569992310563450880
570084707548958720
570101194678517761
570216086173581312
567713896627470336
567800930683609088
567801079388471296
567950122245623808
568056741885288448
568069437506641920
568081386520723456
568094199586938880
568113981866446848
568176925845237760
568268831228964864
568371161484161025
568616603568492544
568780741909319680
568833970143698944
568894073345437697
568895856750899202
569198593158086656
569208488217485312
569255493610442752
569259688887492608
569261495449595905
569287656607100929
569291447377137664
569502188562546688
569525679823425536
569526164575924225
569541848877957120
569607918569410560
569612280989495296
569631575819710464
569805215605456896
569833653871742976
569899063790825472
569903088632352769
569906446881697793
569937119411462144
569940889591795712
569942200735424512
569964162979221504
569978312157589504
569983093341347842
569991606385967107
569992310563450880
570084707548958720
570101194678517761
570216086173581312
567713896627470336
567800930683609088
567801079388471296
567950122245623808
568056741885288448
568069437506641920
568081386520723456
568094199586938880
568113981866446848
568176925845237760
568268831228964864
568371161484161025
568616603568492544
568780741909319680
568833970143698944
568894073345437697
568895856750899202
569198593158086656
569208488217485312
569255493610442752
569259688887492608
569261495449595905
569287656607100929
569291447377137664
569502188562546688
569525679823425536
569526164575924225
569541848877957120
569607918569410560
569612280989495296
569631575819710464
569805215605456896
569833653871742976
569899063790825472
569903088632352769
569906446881697793
569937119411462144
569940889591795712
569942200735424512
569964162979221504
569978312157589504
569983093341347842
569991606385967107
569992310563450880
570084707548958720
570101194678517761
570216086173581312
567713896627470336
567800930683609088
567801079388471296
567950122245623808
568056741885288448
568069437506641920
568081386520723456
568094199586938880
568113981866446848
568176925845237760
568268831228964864
568371161484161025
568616603568492544
568780741909319680
568833970143698944
568894073345437697
568895856750899202
569198593158086656
569208488217485312
569255493610442752
569259688887492608
569261495449595905
569287656607100929
569291447377137664
569502188562546688
569525679823425536
569526164575924225
569541848877957120
569607918569410560
569612280989495296
569631575819710464
569805215605456896
569833653871742976
569899063790825472
569903088632352769
569906446881697793
569937119411462144
569940889591795712
569942200735424512
569964162979221504
569978312157589504
569983093341347842
569991606385967107
569992310563450880
570084707548958720
570101194678517761
570216086173581312
567713896627470336
567800930683609088
567801079388471296
567950122245623808
568056741885288448
568069437506641920
568081386520723456
568094199586938880
568113981866446848
568176925845237760
568268831228964864
568371161484161025
568616603568492544
568780741909319680
568833970143698944
568894073345437697
568895856750899202
569198593158086656
569208488217485312
569255493610442752
569259688887492608
569261495449595905
569287656607100929
569291447377137664
569502188562546688
569525679823425536
569526164575924225
569541848877957120
569607918569410560
569612280989495296
569631575819710464
569805215605456896
569833653871742976
569899063790825472
569903088632352769
569906446881697793
569937119411462144
569940889591795712
569942200735424512
569964162979221504
569978312157589504
569983093341347842
569991606385967107
569992310563450880
570084707548958720
570101194678517761
570216086173581312
