568502210268692480
568912730742255616
569338966857687040
569598406181695488
569612549458522113
569623415767871489
569634454924357632
569708004075044864
568502210268692480
568912730742255616
569338966857687040
569598406181695488
569612549458522113
569623415767871489
569634454924357632
569708004075044864
568502210268692480
568912730742255616
569338966857687040
569598406181695488
569612549458522113
569623415767871489
569634454924357632
569708004075044864
569942656522047490
570283544125288448
568502210268692480
568912730742255616
569338966857687040
569598406181695488
569612549458522113
569623415767871489
569634454924357632
569708004075044864
569942656522047490
570283544125288448
568502210268692480
568912730742255616
569338966857687040
569598406181695488
569612549458522113
569623415767871489
569634454924357632
569708004075044864
569942656522047490
570283544125288448
568502210268692480
568912730742255616
569338966857687040
569598406181695488
569612549458522113
569623415767871489
569634454924357632
569708004075044864
569942656522047490
570283544125288448
568502210268692480
568912730742255616
569338966857687040
569598406181695488
569612549458522113
569623415767871489
569634454924357632
569708004075044864
569942656522047490
570283544125288448
568502210268692480
568912730742255616
569338966857687040
569598406181695488
569612549458522113
569623415767871489
569634454924357632
569708004075044864
569942656522047490
570283544125288448
