567805001050890240
567807333498355713
567909106553483264
568022599843893248
568056298937430016
568382780251480064
568860389640962048
568894101766012929
568963494390820864
569222424236916736
569533159475277825
569577959440257025
569607852236640256
569638063825154049
569675979284721665
567805001050890240
567807333498355713
567909106553483264
568022599843893248
568056298937430016
568382780251480064
568860389640962048
568894101766012929
568963494390820864
569222424236916736
569533159475277825
569577959440257025
569607852236640256
569638063825154049
569675979284721665
567805001050890240
567807333498355713
567909106553483264
568022599843893248
568056298937430016
568382780251480064
568860389640962048
568894101766012929
568963494390820864
569222424236916736
569533159475277825
569577959440257025
569607852236640256
569638063825154049
569675979284721665
569944182011379712
569963935429824512
570057871058079745
570262096094498816
570278024303775745
570282087065919488
570288799860846592
567805001050890240
567807333498355713
567909106553483264
568022599843893248
568056298937430016
568382780251480064
568860389640962048
568894101766012929
568963494390820864
569222424236916736
569533159475277825
569577959440257025
569607852236640256
569638063825154049
569675979284721665
569944182011379712
569963935429824512
570057871058079745
570262096094498816
570278024303775745
570282087065919488
570288799860846592
567805001050890240
567807333498355713
567909106553483264
568022599843893248
568056298937430016
568382780251480064
568860389640962048
568894101766012929
568963494390820864
569222424236916736
569533159475277825
569577959440257025
569607852236640256
569638063825154049
569675979284721665
569944182011379712
569963935429824512
570057871058079745
570262096094498816
570278024303775745
570282087065919488
570288799860846592
567805001050890240
567807333498355713
567909106553483264
568022599843893248
568056298937430016
568382780251480064
568860389640962048
568894101766012929
568963494390820864
569222424236916736
569533159475277825
569577959440257025
569607852236640256
569638063825154049
569675979284721665
569944182011379712
569963935429824512
570057871058079745
570262096094498816
570278024303775745
570282087065919488
570288799860846592
567805001050890240
567807333498355713
567909106553483264
568022599843893248
568056298937430016
568382780251480064
568860389640962048
568894101766012929
568963494390820864
569222424236916736
569533159475277825
569577959440257025
569607852236640256
569638063825154049
569675979284721665
569944182011379712
569963935429824512
570057871058079745
570262096094498816
570278024303775745
570282087065919488
570288799860846592
567805001050890240
567807333498355713
567909106553483264
568022599843893248
568056298937430016
568382780251480064
568860389640962048
568894101766012929
568963494390820864
569222424236916736
569533159475277825
569577959440257025
569607852236640256
569638063825154049
569675979284721665
569944182011379712
569963935429824512
570057871058079745
570262096094498816
570278024303775745
570282087065919488
570288799860846592
