567730472076464129
567803477762797570
567805001050890240
567806898549051392
568062811856703489
568088650430468096
568096711450566657
568383068244819968
568505037833396224
568527941723774976
568541894076026881
568553101587832832
568581908075933696
568755688442191872
568760648135544832
569566511184125952
569605930146353152
569636013443719169
569671712830308352
569688698301784064
569698949474291713
569710019333107714
567730472076464129
567803477762797570
567805001050890240
567806898549051392
568062811856703489
568088650430468096
568096711450566657
568383068244819968
568505037833396224
568527941723774976
568541894076026881
568553101587832832
568581908075933696
568755688442191872
568760648135544832
569566511184125952
569605930146353152
569636013443719169
569671712830308352
569688698301784064
569698949474291713
569710019333107714
569839889564307458
567730472076464129
567803477762797570
567805001050890240
567806898549051392
568062811856703489
568088650430468096
568096711450566657
568383068244819968
568505037833396224
568527941723774976
568541894076026881
568553101587832832
568581908075933696
568755688442191872
568760648135544832
569566511184125952
569605930146353152
569636013443719169
569671712830308352
569688698301784064
569698949474291713
569710019333107714
569839889564307458
569899102198206464
569908759125991424
569910536755748865
569923730614460416
569997196298293249
570050891929280512
570196530566701056
570295745921880064
570296273611448320
570304544128815104
570306217001799680
567730472076464129
567803477762797570
567805001050890240
567806898549051392
568062811856703489
568088650430468096
568096711450566657
568383068244819968
568505037833396224
568527941723774976
568541894076026881
568553101587832832
568581908075933696
568755688442191872
568760648135544832
569566511184125952
569605930146353152
569636013443719169
569671712830308352
569688698301784064
569698949474291713
569710019333107714
569839889564307458
569899102198206464
569908759125991424
569910536755748865
569923730614460416
569997196298293249
570050891929280512
570196530566701056
570295745921880064
570296273611448320
570304544128815104
570306217001799680
567730472076464129
567803477762797570
567805001050890240
567806898549051392
568062811856703489
568088650430468096
568096711450566657
568383068244819968
568505037833396224
568527941723774976
568541894076026881
568553101587832832
568581908075933696
568755688442191872
568760648135544832
569566511184125952
569605930146353152
569636013443719169
569671712830308352
569688698301784064
569698949474291713
569710019333107714
569839889564307458
569899102198206464
569908759125991424
569910536755748865
569923730614460416
569997196298293249
570050891929280512
570196530566701056
570295745921880064
570296273611448320
570304544128815104
570306217001799680
567730472076464129
567803477762797570
567805001050890240
567806898549051392
568062811856703489
568088650430468096
568096711450566657
568383068244819968
568505037833396224
568527941723774976
568541894076026881
568553101587832832
568581908075933696
568755688442191872
568760648135544832
569566511184125952
569605930146353152
569636013443719169
569671712830308352
569688698301784064
569698949474291713
569710019333107714
569839889564307458
569899102198206464
569908759125991424
569910536755748865
569923730614460416
569997196298293249
570050891929280512
570196530566701056
570295745921880064
570296273611448320
570304544128815104
570306217001799680
567730472076464129
567803477762797570
567805001050890240
567806898549051392
568062811856703489
568088650430468096
568096711450566657
568383068244819968
568505037833396224
568527941723774976
568541894076026881
568553101587832832
568581908075933696
568755688442191872
568760648135544832
569566511184125952
569605930146353152
569636013443719169
569671712830308352
569688698301784064
569698949474291713
569710019333107714
569839889564307458
569899102198206464
569908759125991424
569910536755748865
569923730614460416
569997196298293249
570050891929280512
570196530566701056
570295745921880064
570296273611448320
570304544128815104
570306217001799680
567730472076464129
567803477762797570
567805001050890240
567806898549051392
568062811856703489
568088650430468096
568096711450566657
568383068244819968
568505037833396224
568527941723774976
568541894076026881
568553101587832832
568581908075933696
568755688442191872
568760648135544832
569566511184125952
569605930146353152
569636013443719169
569671712830308352
569688698301784064
569698949474291713
569710019333107714
569839889564307458
569899102198206464
569908759125991424
569910536755748865
569923730614460416
569997196298293249
570050891929280512
570196530566701056
570295745921880064
570296273611448320
570304544128815104
570306217001799680
