569027718626480128
569710964712411136
569027718626480128
569710964712411136
569027718626480128
569710964712411136
570001282603229186
570267902726803456
569027718626480128
569710964712411136
570001282603229186
570267902726803456
569027718626480128
569710964712411136
570001282603229186
570267902726803456
569027718626480128
569710964712411136
570001282603229186
570267902726803456
569027718626480128
569710964712411136
570001282603229186
570267902726803456
569027718626480128
569710964712411136
570001282603229186
570267902726803456
