568249421877653505
568965937875066880
569317718886903809
569366889719304192
569600989055086592
569601264679559168
568249421877653505
568965937875066880
569317718886903809
569366889719304192
569600989055086592
569601264679559168
568249421877653505
568965937875066880
569317718886903809
569366889719304192
569600989055086592
569601264679559168
569893716711747584
570039279050579968
570095172303900672
570267535515324417
568249421877653505
568965937875066880
569317718886903809
569366889719304192
569600989055086592
569601264679559168
569893716711747584
570039279050579968
570095172303900672
570267535515324417
568249421877653505
568965937875066880
569317718886903809
569366889719304192
569600989055086592
569601264679559168
569893716711747584
570039279050579968
570095172303900672
570267535515324417
568249421877653505
568965937875066880
569317718886903809
569366889719304192
569600989055086592
569601264679559168
569893716711747584
570039279050579968
570095172303900672
570267535515324417
568249421877653505
568965937875066880
569317718886903809
569366889719304192
569600989055086592
569601264679559168
569893716711747584
570039279050579968
570095172303900672
570267535515324417
568249421877653505
568965937875066880
569317718886903809
569366889719304192
569600989055086592
569601264679559168
569893716711747584
570039279050579968
570095172303900672
570267535515324417
