568236691397279745
568464076122279937
568569324245532672
568855933360607232
568882014415249408
569633099174322177
569672763536842752
569753036014247936
568236691397279745
568464076122279937
568569324245532672
568855933360607232
568882014415249408
569633099174322177
569672763536842752
569753036014247936
569826633152110592
568236691397279745
568464076122279937
568569324245532672
568855933360607232
568882014415249408
569633099174322177
569672763536842752
569753036014247936
569826633152110592
569851605358669824
569915133113323520
570086501222096896
570220154363232256
568236691397279745
568464076122279937
568569324245532672
568855933360607232
568882014415249408
569633099174322177
569672763536842752
569753036014247936
569826633152110592
569851605358669824
569915133113323520
570086501222096896
570220154363232256
568236691397279745
568464076122279937
568569324245532672
568855933360607232
568882014415249408
569633099174322177
569672763536842752
569753036014247936
569826633152110592
569851605358669824
569915133113323520
570086501222096896
570220154363232256
568236691397279745
568464076122279937
568569324245532672
568855933360607232
568882014415249408
569633099174322177
569672763536842752
569753036014247936
569826633152110592
569851605358669824
569915133113323520
570086501222096896
570220154363232256
568236691397279745
568464076122279937
568569324245532672
568855933360607232
568882014415249408
569633099174322177
569672763536842752
569753036014247936
569826633152110592
569851605358669824
569915133113323520
570086501222096896
570220154363232256
568236691397279745
568464076122279937
568569324245532672
568855933360607232
568882014415249408
569633099174322177
569672763536842752
569753036014247936
569826633152110592
569851605358669824
569915133113323520
570086501222096896
570220154363232256
