569669381128654848
569669381128654848
569669381128654848
569939966584852480
570068976778153984
570078733735821313
570136706877272064
569669381128654848
569939966584852480
570068976778153984
570078733735821313
570136706877272064
569669381128654848
569939966584852480
570068976778153984
570078733735821313
570136706877272064
569669381128654848
569939966584852480
570068976778153984
570078733735821313
570136706877272064
569669381128654848
569939966584852480
570068976778153984
570078733735821313
570136706877272064
569669381128654848
569939966584852480
570068976778153984
570078733735821313
570136706877272064
