567842593440145408
567883234614210560
567906937423073280
568185323668291584
568216602866376704
568232942612447232
568373623737556992
568432918110064640
568451138221166592
568490268271484929
568491142410571778
568706442850660352
568784261064622080
568823817679847425
568877085479071744
569124496990466051
569238148032671744
569256434736746496
569260922365063169
569267207324246019
569290509883187202
569305546819571712
569323273172832256
569358476402499584
569540460810620928
569544350364889088
569577959440257025
569635513138860032
569661901468270592
569698519742861312
569715908664430593
567842593440145408
567883234614210560
567906937423073280
568185323668291584
568216602866376704
568232942612447232
568373623737556992
568432918110064640
568451138221166592
568490268271484929
568491142410571778
568706442850660352
568784261064622080
568823817679847425
568877085479071744
569124496990466051
569238148032671744
569256434736746496
569260922365063169
569267207324246019
569290509883187202
569305546819571712
569323273172832256
569358476402499584
569540460810620928
569544350364889088
569577959440257025
569635513138860032
569661901468270592
569698519742861312
569715908664430593
567842593440145408
567883234614210560
567906937423073280
568185323668291584
568216602866376704
568232942612447232
568373623737556992
568432918110064640
568451138221166592
568490268271484929
568491142410571778
568706442850660352
568784261064622080
568823817679847425
568877085479071744
569124496990466051
569238148032671744
569256434736746496
569260922365063169
569267207324246019
569290509883187202
569305546819571712
569323273172832256
569358476402499584
569540460810620928
569544350364889088
569577959440257025
569635513138860032
569661901468270592
569698519742861312
569715908664430593
569894012800217088
569941957490774016
569993437690245120
570004771496714241
570076476252356608
570188794730848256
570210970330669056
570295405818335236
