567758882484793344
567892508987908096
568044275910512640
568051605247021056
568171015131394048
568472185993629696
568479680229208064
568480476803035137
568481179646758913
568481836290220033
568483559532568576
568491035564879872
568496664677363712
568499384704479233
568500854082420737
568505918540750848
568522744356212738
568629385105793024
568630879246901248
568633361595412481
568929979981033472
569590965880532993
569615855505387520
569658878939410432
569665019899572226
569690252450799616
567758882484793344
567892508987908096
568044275910512640
568051605247021056
568171015131394048
568472185993629696
568479680229208064
568480476803035137
568481179646758913
568481836290220033
568483559532568576
568491035564879872
568496664677363712
568499384704479233
568500854082420737
568505918540750848
568522744356212738
568629385105793024
568630879246901248
568633361595412481
568929979981033472
569590965880532993
569615855505387520
569658878939410432
569665019899572226
569690252450799616
567758882484793344
567892508987908096
568044275910512640
568051605247021056
568171015131394048
568472185993629696
568479680229208064
568480476803035137
568481179646758913
568481836290220033
568483559532568576
568491035564879872
568496664677363712
568499384704479233
568500854082420737
568505918540750848
568522744356212738
568629385105793024
568630879246901248
568633361595412481
568929979981033472
569590965880532993
569615855505387520
569658878939410432
569665019899572226
569690252450799616
569924092280774656
569962686219288576
569980365386809344
569998668775862272
569999091028983808
569999640516370432
570019099268358144
570035338925592577
570074886606958592
570174713072369664
570264740817010689
570293661377961984
567758882484793344
567892508987908096
568044275910512640
568051605247021056
568171015131394048
568472185993629696
568479680229208064
568480476803035137
568481179646758913
568481836290220033
568483559532568576
568491035564879872
568496664677363712
568499384704479233
568500854082420737
568505918540750848
568522744356212738
568629385105793024
568630879246901248
568633361595412481
568929979981033472
569590965880532993
569615855505387520
569658878939410432
569665019899572226
569690252450799616
569924092280774656
569962686219288576
569980365386809344
569998668775862272
569999091028983808
569999640516370432
570019099268358144
570035338925592577
570074886606958592
570174713072369664
570264740817010689
570293661377961984
567758882484793344
567892508987908096
568044275910512640
568051605247021056
568171015131394048
568472185993629696
568479680229208064
568480476803035137
568481179646758913
568481836290220033
568483559532568576
568491035564879872
568496664677363712
568499384704479233
568500854082420737
568505918540750848
568522744356212738
568629385105793024
568630879246901248
568633361595412481
568929979981033472
569590965880532993
569615855505387520
569658878939410432
569665019899572226
569690252450799616
569924092280774656
569962686219288576
569980365386809344
569998668775862272
569999091028983808
569999640516370432
570019099268358144
570035338925592577
570074886606958592
570174713072369664
570264740817010689
570293661377961984
567758882484793344
567892508987908096
568044275910512640
568051605247021056
568171015131394048
568472185993629696
568479680229208064
568480476803035137
568481179646758913
568481836290220033
568483559532568576
568491035564879872
568496664677363712
568499384704479233
568500854082420737
568505918540750848
568522744356212738
568629385105793024
568630879246901248
568633361595412481
568929979981033472
569590965880532993
569615855505387520
569658878939410432
569665019899572226
569690252450799616
569924092280774656
569962686219288576
569980365386809344
569998668775862272
569999091028983808
569999640516370432
570019099268358144
570035338925592577
570074886606958592
570174713072369664
570264740817010689
570293661377961984
567758882484793344
567892508987908096
568044275910512640
568051605247021056
568171015131394048
568472185993629696
568479680229208064
568480476803035137
568481179646758913
568481836290220033
568483559532568576
568491035564879872
568496664677363712
568499384704479233
568500854082420737
568505918540750848
568522744356212738
568629385105793024
568630879246901248
568633361595412481
568929979981033472
569590965880532993
569615855505387520
569658878939410432
569665019899572226
569690252450799616
569924092280774656
569962686219288576
569980365386809344
569998668775862272
569999091028983808
569999640516370432
570019099268358144
570035338925592577
570074886606958592
570174713072369664
570264740817010689
570293661377961984
567758882484793344
567892508987908096
568044275910512640
568051605247021056
568171015131394048
568472185993629696
568479680229208064
568480476803035137
568481179646758913
568481836290220033
568483559532568576
568491035564879872
568496664677363712
568499384704479233
568500854082420737
568505918540750848
568522744356212738
568629385105793024
568630879246901248
568633361595412481
568929979981033472
569590965880532993
569615855505387520
569658878939410432
569665019899572226
569690252450799616
569924092280774656
569962686219288576
569980365386809344
569998668775862272
569999091028983808
569999640516370432
570019099268358144
570035338925592577
570074886606958592
570174713072369664
570264740817010689
570293661377961984
