568434065067491328
569683558081687552
568434065067491328
569683558081687552
568434065067491328
569683558081687552
570089091276128258
570282469791911936
570295795985080320
568434065067491328
569683558081687552
570089091276128258
570282469791911936
570295795985080320
568434065067491328
569683558081687552
570089091276128258
570282469791911936
570295795985080320
568434065067491328
569683558081687552
570089091276128258
570282469791911936
570295795985080320
568434065067491328
569683558081687552
570089091276128258
570282469791911936
570295795985080320
568434065067491328
569683558081687552
570089091276128258
570282469791911936
570295795985080320
