567772565956222976
567824260207738880
567878205157281793
567892179953262592
568802906280845312
568813431962226688
568958697856040961
569129269139537920
569184788784918528
569188792541818880
569326940252991488
569542909533384707
569555395339018241
569601519663906819
569604985110994945
569661509988708352
569682194236641282
569692610543005697
569716101027745792
567772565956222976
567824260207738880
567878205157281793
567892179953262592
568802906280845312
568813431962226688
568958697856040961
569129269139537920
569184788784918528
569188792541818880
569326940252991488
569542909533384707
569555395339018241
569601519663906819
569604985110994945
569661509988708352
569682194236641282
569692610543005697
569716101027745792
567772565956222976
567824260207738880
567878205157281793
567892179953262592
568802906280845312
568813431962226688
568958697856040961
569129269139537920
569184788784918528
569188792541818880
569326940252991488
569542909533384707
569555395339018241
569601519663906819
569604985110994945
569661509988708352
569682194236641282
569692610543005697
569716101027745792
569914957552353280
570021329065394176
570069345818161152
570091270334509056
570254579578720256
