567793186698190848
567811268900556802
567817455234715649
567967937446834177
568070522908442625
568605113457242112
568778115956092928
569056573731020800
569635479383085056
569639784819372032
569675481857064960
569724281334034432
567793186698190848
567811268900556802
567817455234715649
567967937446834177
568070522908442625
568605113457242112
568778115956092928
569056573731020800
569635479383085056
569639784819372032
569675481857064960
569724281334034432
569839216512917504
567793186698190848
567811268900556802
567817455234715649
567967937446834177
568070522908442625
568605113457242112
568778115956092928
569056573731020800
569635479383085056
569639784819372032
569675481857064960
569724281334034432
569839216512917504
569974668406296577
