567894002286096384
568248950450311169
568568900767653889
568773869512761345
568860978231709697
569258454633701376
569661649138941952
569685261518376960
567894002286096384
568248950450311169
568568900767653889
568773869512761345
568860978231709697
569258454633701376
569661649138941952
569685261518376960
567894002286096384
568248950450311169
568568900767653889
568773869512761345
568860978231709697
569258454633701376
569661649138941952
569685261518376960
569874973021622272
570115988714164225
570150741022617600
570242205463359488
570264011574415360
