567701830805618688
567713896627470336
567714192980201472
567728229340172288
567737598115082241
567745233900044289
567764034418909186
567772565956222976
567797894431117312
567809403668430849
567819711950635009
567831160978677760
567837314782765056
567865044580638720
567875699056467968
567897629364850689
567903653933101056
567905194563997696
567908831545544706
567915499868131328
567925957090238464
567926839630557184
568041051182616576
568041225174953985
568066927723212800
568068509613178880
568086156899966976
568089179520954368
568101513605681152
568155289146363904
568161023091478530
568161901089132544
568164721406418945
568165058229997569
568178665189711872
568183502161743873
568203124760055808
568219901359460353
568223950926446593
568240338164252672
568246093856641024
568246736222879744
568248950450311169
568269372151734273
568295728272900096
568308793005617152
568394078817267712
568419711521841152
568436943131951104
568437120966258688
568437415603507200
568437634835595264
568443892569235457
568449520645906432
568464337146404864
568469645843279872
568494397144358914
568512284202438656
568513003307429888
568513007849840640
568551937185951744
568562631616942080
568562804837490688
568575335148580864
568575417650679808
568579873926746112
568589571929350144
568600144406568962
568606101412962304
568607646204465152
568607755042484224
568608189089869825
568634603885502464
568648917551697920
568656888935481344
568668364144398336
568670928407625729
568724832898162688
568755688442191872
568755759670022147
568774385965932545
568776950665371648
568791283575201792
568799543698935808
568809620019527680
568812829324775428
568821070767255552
568825542792720385
568832682269888512
568834558268973056
568835255722860544
568862914154770432
568868944557133825
568878979576410112
568883464923000832
568921968818270208
568923795228139521
568947768149938176
568951064688373760
568958074230190080
568962582934978562
568972783234912257
569016065600008193
569077393886810112
569083230361673728
569160924960919552
569175432702107648
569184788784918528
569185842876571648
569239087493857281
569241834670698496
569259442547470336
569263732280451072
569269140386488320
569282692014977025
569283532167757826
569287318898495490
569295822006960128
569305409925873664
569317626687717376
569343607326547968
569346451526041600
569374561197789184
569453313462132736
569487075797565440
569506408145784832
569509520034156544
569512447717085185
569518200410546176
569520477351383040
569525270907981825
569529416155402240
569542242983124992
569544742595391489
569562133249130496
569566673235271680
569579153604743171
569580180353609729
569581303785328640
569589379385008129
569589643487928321
569592402085847041
569593045777321985
569593278636675072
569598991463268352
569602860020850688
569604655166009345
569609680961572866
569611581920808960
569615983205347329
569625210070175744
569625848334000128
569633282855301120
569641247075213312
569642200595898368
569644957188939777
569657112109965312
569659620517662721
569659637575917568
569660648738697216
569664636179476480
569674597479677952
569679976053805056
569680242194980864
569682149277900800
569682228269068288
569687374193680384
569688050386620416
569688822486847488
569689983969202180
569692610543005697
569695553644322816
569696313824161792
569698044175757312
569699171868938241
569704587315138560
569714127792254976
569716101027745792
569742876793372672
569748099616215040
569748501342478336
569771711408644096
569787232292245504
567701830805618688
567713896627470336
567714192980201472
567728229340172288
567737598115082241
567745233900044289
567764034418909186
567772565956222976
567797894431117312
567809403668430849
567819711950635009
567831160978677760
567837314782765056
567865044580638720
567875699056467968
567897629364850689
567903653933101056
567905194563997696
567908831545544706
567915499868131328
567925957090238464
567926839630557184
568041051182616576
568041225174953985
568066927723212800
568068509613178880
568086156899966976
568089179520954368
568101513605681152
568155289146363904
568161023091478530
568161901089132544
568164721406418945
568165058229997569
568178665189711872
568183502161743873
568203124760055808
568219901359460353
568223950926446593
568240338164252672
568246093856641024
568246736222879744
568248950450311169
568269372151734273
568295728272900096
568308793005617152
568394078817267712
568419711521841152
568436943131951104
568437120966258688
568437415603507200
568437634835595264
568443892569235457
568449520645906432
568464337146404864
568469645843279872
568494397144358914
568512284202438656
568513003307429888
568513007849840640
568551937185951744
568562631616942080
568562804837490688
568575335148580864
568575417650679808
568579873926746112
568589571929350144
568600144406568962
568606101412962304
568607646204465152
568607755042484224
568608189089869825
568634603885502464
568648917551697920
568656888935481344
568668364144398336
568670928407625729
568724832898162688
568755688442191872
568755759670022147
568774385965932545
568776950665371648
568791283575201792
568799543698935808
568809620019527680
568812829324775428
568821070767255552
568825542792720385
568832682269888512
568834558268973056
568835255722860544
568862914154770432
568868944557133825
568878979576410112
568883464923000832
568921968818270208
568923795228139521
568947768149938176
568951064688373760
568958074230190080
568962582934978562
568972783234912257
569016065600008193
569077393886810112
569083230361673728
569160924960919552
569175432702107648
569184788784918528
569185842876571648
569239087493857281
569241834670698496
569259442547470336
569263732280451072
569269140386488320
569282692014977025
569283532167757826
569287318898495490
569295822006960128
569305409925873664
569317626687717376
569343607326547968
569346451526041600
569374561197789184
569453313462132736
569487075797565440
569506408145784832
569509520034156544
569512447717085185
569518200410546176
569520477351383040
569525270907981825
569529416155402240
569542242983124992
569544742595391489
569562133249130496
569566673235271680
569579153604743171
569580180353609729
569581303785328640
569589379385008129
569589643487928321
569592402085847041
569593045777321985
569593278636675072
569598991463268352
569602860020850688
569604655166009345
569609680961572866
569611581920808960
569615983205347329
569625210070175744
569625848334000128
569633282855301120
569641247075213312
569642200595898368
569644957188939777
569657112109965312
569659620517662721
569659637575917568
569660648738697216
569664636179476480
569674597479677952
569679976053805056
569680242194980864
569682149277900800
569682228269068288
569687374193680384
569688050386620416
569688822486847488
569689983969202180
569692610543005697
569695553644322816
569696313824161792
569698044175757312
569699171868938241
569704587315138560
569714127792254976
569716101027745792
569742876793372672
569748099616215040
569748501342478336
569771711408644096
569787232292245504
569821947049218048
569839377104285696
567701830805618688
567713896627470336
567714192980201472
567728229340172288
567737598115082241
567745233900044289
567764034418909186
567772565956222976
567797894431117312
567809403668430849
567819711950635009
567831160978677760
567837314782765056
567865044580638720
567875699056467968
567897629364850689
567903653933101056
567905194563997696
567908831545544706
567915499868131328
567925957090238464
567926839630557184
568041051182616576
568041225174953985
568066927723212800
568068509613178880
568086156899966976
568089179520954368
568101513605681152
568155289146363904
568161023091478530
568161901089132544
568164721406418945
568165058229997569
568178665189711872
568183502161743873
568203124760055808
568219901359460353
568223950926446593
568240338164252672
568246093856641024
568246736222879744
568248950450311169
568269372151734273
568295728272900096
568308793005617152
568394078817267712
568419711521841152
568436943131951104
568437120966258688
568437415603507200
568437634835595264
568443892569235457
568449520645906432
568464337146404864
568469645843279872
568494397144358914
568512284202438656
568513003307429888
568513007849840640
568551937185951744
568562631616942080
568562804837490688
568575335148580864
568575417650679808
568579873926746112
568589571929350144
568600144406568962
568606101412962304
568607646204465152
568607755042484224
568608189089869825
568634603885502464
568648917551697920
568656888935481344
568668364144398336
568670928407625729
568724832898162688
568755688442191872
568755759670022147
568774385965932545
568776950665371648
568791283575201792
568799543698935808
568809620019527680
568812829324775428
568821070767255552
568825542792720385
568832682269888512
568834558268973056
568835255722860544
568862914154770432
568868944557133825
568878979576410112
568883464923000832
568921968818270208
568923795228139521
568947768149938176
568951064688373760
568958074230190080
568962582934978562
568972783234912257
569016065600008193
569077393886810112
569083230361673728
569160924960919552
569175432702107648
569184788784918528
569185842876571648
569239087493857281
569241834670698496
569259442547470336
569263732280451072
569269140386488320
569282692014977025
569283532167757826
569287318898495490
569295822006960128
569305409925873664
569317626687717376
569343607326547968
569346451526041600
569374561197789184
569453313462132736
569487075797565440
569506408145784832
569509520034156544
569512447717085185
569518200410546176
569520477351383040
569525270907981825
569529416155402240
569542242983124992
569544742595391489
569562133249130496
569566673235271680
569579153604743171
569580180353609729
569581303785328640
569589379385008129
569589643487928321
569592402085847041
569593045777321985
569593278636675072
569598991463268352
569602860020850688
569604655166009345
569609680961572866
569611581920808960
569615983205347329
569625210070175744
569625848334000128
569633282855301120
569641247075213312
569642200595898368
569644957188939777
569657112109965312
569659620517662721
569659637575917568
569660648738697216
569664636179476480
569674597479677952
569679976053805056
569680242194980864
569682149277900800
569682228269068288
569687374193680384
569688050386620416
569688822486847488
569689983969202180
569692610543005697
569695553644322816
569696313824161792
569698044175757312
569699171868938241
569704587315138560
569714127792254976
569716101027745792
569742876793372672
569748099616215040
569748501342478336
569771711408644096
569787232292245504
569821947049218048
569839377104285696
569846237865885697
569851578276048896
569852334324518912
569862572540878848
569865190822572033
569880322487263232
569885201293307905
569886219057926144
569912776199704578
569916555154169856
569919970446053377
569920778306584576
569930942833258496
569933357515026432
569933777931145216
569942287318458369
569942903683813376
569960010249334784
569975026239164416
569987277734207488
570003343222964224
570006301968867328
570012047917907969
570030590466121728
570031211336368128
570042186399657984
570056648137576449
570079918782095360
570083397873373184
570086488324485121
570115452568891392
570119853312311296
570142665246965760
570191874151092225
570192886689628160
570204435663581184
570233869212856320
570249440176570368
570257377460514816
570282469791911936
570307026263384064
