567749848074813442
567761267826651139
567854566122864640
568166099184783360
568183137467043840
568206236081995776
568560786756366336
568561858875142144
568658885361438720
569319046790819840
569338341306572800
569516908195815425
569517323180236800
569605593159352322
569650320613052416
569671000486502400
569671435309809664
569737333827887105
567749848074813442
567761267826651139
567854566122864640
568166099184783360
568183137467043840
568206236081995776
568560786756366336
568561858875142144
568658885361438720
569319046790819840
569338341306572800
569516908195815425
569517323180236800
569605593159352322
569650320613052416
569671000486502400
569671435309809664
569737333827887105
567749848074813442
567761267826651139
567854566122864640
568166099184783360
568183137467043840
568206236081995776
568560786756366336
568561858875142144
568658885361438720
569319046790819840
569338341306572800
569516908195815425
569517323180236800
569605593159352322
569650320613052416
569671000486502400
569671435309809664
569737333827887105
570015432750399488
570235686470746112
