567737617031380992
569011846432366592
569014098811351040
569301386262745089
569301593587208193
567737617031380992
569011846432366592
569014098811351040
569301386262745089
569301593587208193
567737617031380992
569011846432366592
569014098811351040
569301386262745089
569301593587208193
570272880556011520
570282333892251648
567737617031380992
569011846432366592
569014098811351040
569301386262745089
569301593587208193
570272880556011520
570282333892251648
567737617031380992
569011846432366592
569014098811351040
569301386262745089
569301593587208193
570272880556011520
570282333892251648
567737617031380992
569011846432366592
569014098811351040
569301386262745089
569301593587208193
570272880556011520
570282333892251648
567737617031380992
569011846432366592
569014098811351040
569301386262745089
569301593587208193
570272880556011520
570282333892251648
567737617031380992
569011846432366592
569014098811351040
569301386262745089
569301593587208193
570272880556011520
570282333892251648
