567614049425555457
567761568889581569
567867483622748160
568492370821562368
568847735530643457
568925711077117953
569028851860254720
569204692401590273
569216546779705344
569275378331717633
569313760864632832
569533355248766976
569587844693536768
569660648738697216
569672234949742592
569722876879884288
569737333827887105
567614049425555457
567761568889581569
567867483622748160
568492370821562368
568847735530643457
568925711077117953
569028851860254720
569204692401590273
569216546779705344
569275378331717633
569313760864632832
569533355248766976
569587844693536768
569660648738697216
569672234949742592
569722876879884288
569737333827887105
567614049425555457
567761568889581569
567867483622748160
568492370821562368
568847735530643457
568925711077117953
569028851860254720
569204692401590273
569216546779705344
569275378331717633
569313760864632832
569533355248766976
569587844693536768
569660648738697216
569672234949742592
569722876879884288
569737333827887105
569858231759085571
570017458742030336
570039094257938432
570094701371469825
570115243747074048
