567721764285726720
568054955967418368
568064123621093377
568068214325784576
568532221180534784
568639956622512128
568893498193158144
568951506042425346
568977439398821888
569030858759213056
569163696041172992
569229483288317952
569342650068934657
569538524321419265
569568079761403904
569588375037960192
569644414395486209
569669629951549440
569691144897953793
567721764285726720
568054955967418368
568064123621093377
568068214325784576
568532221180534784
568639956622512128
568893498193158144
568951506042425346
568977439398821888
569030858759213056
569163696041172992
569229483288317952
569342650068934657
569538524321419265
569568079761403904
569588375037960192
569644414395486209
569669629951549440
569691144897953793
567721764285726720
568054955967418368
568064123621093377
568068214325784576
568532221180534784
568639956622512128
568893498193158144
568951506042425346
568977439398821888
569030858759213056
569163696041172992
569229483288317952
569342650068934657
569538524321419265
569568079761403904
569588375037960192
569644414395486209
569669629951549440
569691144897953793
569881548515708928
569982307634794497
569996412286582784
