567688325276770306
567704339448209409
567733656106459136
567757203093090305
567757851104641024
567778453006655488
567787583138230272
567817558418804737
567829387485130752
567846970141716481
567849200295124992
567849520781893632
567855171335626752
567858317831249920
567863197341847552
567872810770657280
567886632155680770
567906248852533248
567907813126582272
567915852260978688
567973066929614848
568042046608580608
568055480226066434
568056439291256832
568058610296565760
568064027437301760
568064123621093377
568068214325784576
568088472772157440
568095440517754881
568104519633993728
568110846057975808
568133264168214528
568137336095170560
568167414493532161
568170794670551040
568185516971204608
568200350697717760
568202255205335041
568237611208318976
568238379847921665
568242359928037377
568258896038506496
568303606710956032
568401416982806528
568413356492599296
568433948126154752
568434482270707712
568447937929289729
568474825989054464
568502870435336192
568503322828783617
568517447847780353
568558135637463040
568562804837490688
568567970450055170
568643040073506816
568795746721513472
568834834040164352
568861568609456128
568915699290284032
568967580595064832
568969519252680706
569163696041172992
569164886397353985
569170590831132672
569221156504530944
569223862941929472
569226128168062976
569259056017178624
569260280687005697
569261077877248000
569269761240010752
569275249725870080
569277512892551168
569365709500710912
569397984519016448
569429411646156800
569459618881019905
569482263345307648
569540826231152640
569551241967067136
569561425955332097
569562867281690625
569563148472225794
569564610837086209
569566514132717568
569567084721655808
569567629083430912
569587140490866689
569588375037960192
569592590632247297
569594855556452352
569596156927303681
569596325076955137
569597072350978048
569597220871282690
569603127223066624
569605877512024064
569606093393010688
569607321908862977
569607647051317249
569607918569410560
569608446586200064
569609699152273409
569610485101768704
569614365755899905
569618056605016064
569620169971998721
569621228048089088
569621367806664705
569622243526909952
569626796385116160
569631293429821440
569631375487139841
569631742631354369
569635291490693120
569635428237778944
569636003473793024
569644414395486209
569644697309872128
569645502729457666
569646347705561088
569650320613052416
569654562031685632
569658322413965312
569658340147646464
569664787946164224
569665193266909184
569665983113080832
569674237079744512
569682747712770048
569685261518376960
569688233002401792
569691100090273792
569704220472913920
569708573762023424
569709666625675264
569715908664430593
569718651709820930
569724545738760192
569727598130962432
569729569428627456
569740409787658240
569758473535164416
569791667827388416
567688325276770306
567704339448209409
567733656106459136
567757203093090305
567757851104641024
567778453006655488
567787583138230272
567817558418804737
567829387485130752
567846970141716481
567849200295124992
567849520781893632
567855171335626752
567858317831249920
567863197341847552
567872810770657280
567886632155680770
567906248852533248
567907813126582272
567915852260978688
567973066929614848
568042046608580608
568055480226066434
568056439291256832
568058610296565760
568064027437301760
568064123621093377
568068214325784576
568088472772157440
568095440517754881
568104519633993728
568110846057975808
568133264168214528
568137336095170560
568167414493532161
568170794670551040
568185516971204608
568200350697717760
568202255205335041
568237611208318976
568238379847921665
568242359928037377
568258896038506496
568303606710956032
568401416982806528
568413356492599296
568433948126154752
568434482270707712
568447937929289729
568474825989054464
568502870435336192
568503322828783617
568517447847780353
568558135637463040
568562804837490688
568567970450055170
568643040073506816
568795746721513472
568834834040164352
568861568609456128
568915699290284032
568967580595064832
568969519252680706
569163696041172992
569164886397353985
569170590831132672
569221156504530944
569223862941929472
569226128168062976
569259056017178624
569260280687005697
569261077877248000
569269761240010752
569275249725870080
569277512892551168
569365709500710912
569397984519016448
569429411646156800
569459618881019905
569482263345307648
569540826231152640
569551241967067136
569561425955332097
569562867281690625
569563148472225794
569564610837086209
569566514132717568
569567084721655808
569567629083430912
569587140490866689
569588375037960192
569592590632247297
569594855556452352
569596156927303681
569596325076955137
569597072350978048
569597220871282690
569603127223066624
569605877512024064
569606093393010688
569607321908862977
569607647051317249
569607918569410560
569608446586200064
569609699152273409
569610485101768704
569614365755899905
569618056605016064
569620169971998721
569621228048089088
569621367806664705
569622243526909952
569626796385116160
569631293429821440
569631375487139841
569631742631354369
569635291490693120
569635428237778944
569636003473793024
569644414395486209
569644697309872128
569645502729457666
569646347705561088
569650320613052416
569654562031685632
569658322413965312
569658340147646464
569664787946164224
569665193266909184
569665983113080832
569674237079744512
569682747712770048
569685261518376960
569688233002401792
569691100090273792
569704220472913920
569708573762023424
569709666625675264
569715908664430593
569718651709820930
569724545738760192
569727598130962432
569729569428627456
569740409787658240
569758473535164416
569791667827388416
569826992251473921
569841575737499648
567688325276770306
567704339448209409
567733656106459136
567757203093090305
567757851104641024
567778453006655488
567787583138230272
567817558418804737
567829387485130752
567846970141716481
567849200295124992
567849520781893632
567855171335626752
567858317831249920
567863197341847552
567872810770657280
567886632155680770
567906248852533248
567907813126582272
567915852260978688
567973066929614848
568042046608580608
568055480226066434
568056439291256832
568058610296565760
568064027437301760
568064123621093377
568068214325784576
568088472772157440
568095440517754881
568104519633993728
568110846057975808
568133264168214528
568137336095170560
568167414493532161
568170794670551040
568185516971204608
568200350697717760
568202255205335041
568237611208318976
568238379847921665
568242359928037377
568258896038506496
568303606710956032
568401416982806528
568413356492599296
568433948126154752
568434482270707712
568447937929289729
568474825989054464
568502870435336192
568503322828783617
568517447847780353
568558135637463040
568562804837490688
568567970450055170
568643040073506816
568795746721513472
568834834040164352
568861568609456128
568915699290284032
568967580595064832
568969519252680706
569163696041172992
569164886397353985
569170590831132672
569221156504530944
569223862941929472
569226128168062976
569259056017178624
569260280687005697
569261077877248000
569269761240010752
569275249725870080
569277512892551168
569365709500710912
569397984519016448
569429411646156800
569459618881019905
569482263345307648
569540826231152640
569551241967067136
569561425955332097
569562867281690625
569563148472225794
569564610837086209
569566514132717568
569567084721655808
569567629083430912
569587140490866689
569588375037960192
569592590632247297
569594855556452352
569596156927303681
569596325076955137
569597072350978048
569597220871282690
569603127223066624
569605877512024064
569606093393010688
569607321908862977
569607647051317249
569607918569410560
569608446586200064
569609699152273409
569610485101768704
569614365755899905
569618056605016064
569620169971998721
569621228048089088
569621367806664705
569622243526909952
569626796385116160
569631293429821440
569631375487139841
569631742631354369
569635291490693120
569635428237778944
569636003473793024
569644414395486209
569644697309872128
569645502729457666
569646347705561088
569650320613052416
569654562031685632
569658322413965312
569658340147646464
569664787946164224
569665193266909184
569665983113080832
569674237079744512
569682747712770048
569685261518376960
569688233002401792
569691100090273792
569704220472913920
569708573762023424
569709666625675264
569715908664430593
569718651709820930
569724545738760192
569727598130962432
569729569428627456
569740409787658240
569758473535164416
569791667827388416
569826992251473921
569841575737499648
569844379176853504
569845041440677888
569855866255462401
569857475098202113
569863183961165826
569866081164111873
569881548515708928
569888397205962753
569890258181070848
569891937924358145
569894983265710081
569901979151024129
569903376583913472
569906662061944834
569909058250997760
569910528279228416
569921747195076608
569922305423495168
569922437195829248
569928060587233280
569933646385188864
569933901944066048
569934457215410176
569940147615113216
569940323746516993
569941957490774016
569942226224050176
569949415458213888
569955742276407297
569956726318850048
569956742122983424
569957000752140290
569957170369814528
569961302338072576
569966826639110147
569970938525016065
569972985521532929
569973945270546432
569974508435562496
569988842335244289
569995235608137728
569996479416438784
570000071644872704
570011304221667328
570013108070014976
570013523650048002
570039094257938432
570044681670696960
570059874480091136
570062116096331776
570063192581390336
570066283233972224
570078673090408448
570083458925490176
570101371409559552
570123304498917377
570133607223840768
570156001485312000
570187686213918721
570188405541175297
570207643874123777
570222414400860160
570224942681206786
570245656972894208
570254375081414656
570254579578720256
570259700937134080
570267608773054464
570275314036649984
570278869133107201
570279220502511617
570296516314845185
570298285350629376
570299252141903873
570301395141836801
