567736717352763394
567772012735922176
567772565956222976
567815252881977344
567821292797186048
567829543723102208
567859338615865344
567864117047865344
567881305754595328
567903883047088128
567943461476806656
567972174398689280
568087284483928064
568107407647207424
568153430776287233
568176390325075968
568177882620661760
568181761114546176
568182544124014592
568186002759671808
568199579201605632
568220131819720705
568410282298621952
568443870570278912
568542052205666305
568606225027485696
568609263485984768
568831574474661888
568885117373927425
568965883730776065
568971802015170560
569022319437357056
569064161747083266
569072664997801984
569129625592274944
569233194723078144
569248672606597121
569261989735718914
569355179717369857
569356387785900032
569516566380875778
569544350364889088
569551863260913664
569555395339018241
569555719885885441
569556500928188416
569594386066984960
569596097540132864
569604665240895488
569640574971715584
569671454419079169
569677478077136897
569684626949718017
569684654380486656
569684963777503232
567736717352763394
567772012735922176
567772565956222976
567815252881977344
567821292797186048
567829543723102208
567859338615865344
567864117047865344
567881305754595328
567903883047088128
567943461476806656
567972174398689280
568087284483928064
568107407647207424
568153430776287233
568176390325075968
568177882620661760
568181761114546176
568182544124014592
568186002759671808
568199579201605632
568220131819720705
568410282298621952
568443870570278912
568542052205666305
568606225027485696
568609263485984768
568831574474661888
568885117373927425
568965883730776065
568971802015170560
569022319437357056
569064161747083266
569072664997801984
569129625592274944
569233194723078144
569248672606597121
569261989735718914
569355179717369857
569356387785900032
569516566380875778
569544350364889088
569551863260913664
569555395339018241
569555719885885441
569556500928188416
569594386066984960
569596097540132864
569604665240895488
569640574971715584
569671454419079169
569677478077136897
569684626949718017
569684654380486656
569684963777503232
569838589879685120
567736717352763394
567772012735922176
567772565956222976
567815252881977344
567821292797186048
567829543723102208
567859338615865344
567864117047865344
567881305754595328
567903883047088128
567943461476806656
567972174398689280
568087284483928064
568107407647207424
568153430776287233
568176390325075968
568177882620661760
568181761114546176
568182544124014592
568186002759671808
568199579201605632
568220131819720705
568410282298621952
568443870570278912
568542052205666305
568606225027485696
568609263485984768
568831574474661888
568885117373927425
568965883730776065
568971802015170560
569022319437357056
569064161747083266
569072664997801984
569129625592274944
569233194723078144
569248672606597121
569261989735718914
569355179717369857
569356387785900032
569516566380875778
569544350364889088
569551863260913664
569555395339018241
569555719885885441
569556500928188416
569594386066984960
569596097540132864
569604665240895488
569640574971715584
569671454419079169
569677478077136897
569684626949718017
569684654380486656
569684963777503232
569838589879685120
569852965315584000
569875532600385536
569937143314849792
569945910546989057
569989551051177984
569992310563450880
569992602025644034
569993218730934273
570044516318748672
570057601976631296
570066166930145280
570079290953486338
570085628576202752
570094749933289473
570101194678517761
570179562174328832
570182980142022656
570193599977148416
570267915154538496
570275462921850880
570278803399798784
570282347267895296
