567808255566602240
568927427847544833
569660461601447936
567808255566602240
568927427847544833
569660461601447936
567808255566602240
568927427847544833
569660461601447936
569963064495366145
567808255566602240
568927427847544833
569660461601447936
569963064495366145
567808255566602240
568927427847544833
569660461601447936
569963064495366145
567808255566602240
568927427847544833
569660461601447936
569963064495366145
567808255566602240
568927427847544833
569660461601447936
569963064495366145
567808255566602240
568927427847544833
569660461601447936
569963064495366145
