568967907042037761
569159165626716160
569585747503611905
568967907042037761
569159165626716160
569585747503611905
568967907042037761
569159165626716160
569585747503611905
569935639539425280
569935818783125504
570278803399798784
568967907042037761
569159165626716160
569585747503611905
569935639539425280
569935818783125504
570278803399798784
568967907042037761
569159165626716160
569585747503611905
569935639539425280
569935818783125504
570278803399798784
568967907042037761
569159165626716160
569585747503611905
569935639539425280
569935818783125504
570278803399798784
568967907042037761
569159165626716160
569585747503611905
569935639539425280
569935818783125504
570278803399798784
568967907042037761
569159165626716160
569585747503611905
569935639539425280
569935818783125504
570278803399798784
