567734618095230976
568364889280020481
568767621186912256
569083604216623104
569307047285690369
567734618095230976
568364889280020481
568767621186912256
569083604216623104
569307047285690369
567734618095230976
568364889280020481
568767621186912256
569083604216623104
569307047285690369
569977907222880256
570044516318748672
570288961064710145
567734618095230976
568364889280020481
568767621186912256
569083604216623104
569307047285690369
569977907222880256
570044516318748672
570288961064710145
567734618095230976
568364889280020481
568767621186912256
569083604216623104
569307047285690369
569977907222880256
570044516318748672
570288961064710145
567734618095230976
568364889280020481
568767621186912256
569083604216623104
569307047285690369
569977907222880256
570044516318748672
570288961064710145
567734618095230976
568364889280020481
568767621186912256
569083604216623104
569307047285690369
569977907222880256
570044516318748672
570288961064710145
567734618095230976
568364889280020481
568767621186912256
569083604216623104
569307047285690369
569977907222880256
570044516318748672
570288961064710145
