567729700110602240
568129661227499524
568431007654924288
567729700110602240
568129661227499524
568431007654924288
567729700110602240
568129661227499524
568431007654924288
570081695342309377
567729700110602240
568129661227499524
568431007654924288
570081695342309377
567729700110602240
568129661227499524
568431007654924288
570081695342309377
567729700110602240
568129661227499524
568431007654924288
570081695342309377
567729700110602240
568129661227499524
568431007654924288
570081695342309377
567729700110602240
568129661227499524
568431007654924288
570081695342309377
