567830303121870848
567832862130577408
568491094327078912
568677157569826816
568816016622354432
568877353478299648
569125033509048320
569144929093615616
569228110937202688
569526559012495361
569624798860587008
569639294152806400
569665983113080832
569723768773349376
569728283568418816
567830303121870848
567832862130577408
568491094327078912
568677157569826816
568816016622354432
568877353478299648
569125033509048320
569144929093615616
569228110937202688
569526559012495361
569624798860587008
569639294152806400
569665983113080832
569723768773349376
569728283568418816
567830303121870848
567832862130577408
568491094327078912
568677157569826816
568816016622354432
568877353478299648
569125033509048320
569144929093615616
569228110937202688
569526559012495361
569624798860587008
569639294152806400
569665983113080832
569723768773349376
569728283568418816
569876325588197377
569976131748823040
570172301163008000
570219877006503936
570259268844314625
