567741692854276096
568152534507855872
568175323470290944
568649643187310593
568813269906890753
568819025733652481
568946825798905856
568989687353729024
569533479362408448
569667805643034624
569671454419079169
567741692854276096
568152534507855872
568175323470290944
568649643187310593
568813269906890753
568819025733652481
568946825798905856
568989687353729024
569533479362408448
569667805643034624
569671454419079169
567741692854276096
568152534507855872
568175323470290944
568649643187310593
568813269906890753
568819025733652481
568946825798905856
568989687353729024
569533479362408448
569667805643034624
569671454419079169
569862572540878848
569951363670642689
570071482182692865
567741692854276096
568152534507855872
568175323470290944
568649643187310593
568813269906890753
568819025733652481
568946825798905856
568989687353729024
569533479362408448
569667805643034624
569671454419079169
569862572540878848
569951363670642689
570071482182692865
567741692854276096
568152534507855872
568175323470290944
568649643187310593
568813269906890753
568819025733652481
568946825798905856
568989687353729024
569533479362408448
569667805643034624
569671454419079169
569862572540878848
569951363670642689
570071482182692865
567741692854276096
568152534507855872
568175323470290944
568649643187310593
568813269906890753
568819025733652481
568946825798905856
568989687353729024
569533479362408448
569667805643034624
569671454419079169
569862572540878848
569951363670642689
570071482182692865
567741692854276096
568152534507855872
568175323470290944
568649643187310593
568813269906890753
568819025733652481
568946825798905856
568989687353729024
569533479362408448
569667805643034624
569671454419079169
569862572540878848
569951363670642689
570071482182692865
567741692854276096
568152534507855872
568175323470290944
568649643187310593
568813269906890753
568819025733652481
568946825798905856
568989687353729024
569533479362408448
569667805643034624
569671454419079169
569862572540878848
569951363670642689
570071482182692865
