567728057700876288
567802829567467520
567842647739654144
567894427244589056
568069363280035840
568075934609346560
568096554638159872
568158427664527360
568167414493532161
568202174917976064
568246340246999041
568433610765815808
568478204190720000
568548980122103808
568560083103137793
568564757172764672
568579899243380736
568625749214642176
568760785113120768
568785504004497408
568823990321598465
568869609622904832
568915741551886336
568966873880137728
569007852607680512
569008601009762305
569016588411789312
569171651381702657
569183387816038401
569271561481531392
569322372995551232
569330115114627073
569365604832047104
569461469042966528
569513151517073408
569542699222573056
569567629083430912
569588082284101633
569603127223066624
569606513859305473
569607661655715841
569609621834301440
569613523648532480
569619246520479745
569631567032627200
569659637575917568
569701794567163905
569729732952109056
569758956941234176
567728057700876288
567802829567467520
567842647739654144
567894427244589056
568069363280035840
568075934609346560
568096554638159872
568158427664527360
568167414493532161
568202174917976064
568246340246999041
568433610765815808
568478204190720000
568548980122103808
568560083103137793
568564757172764672
568579899243380736
568625749214642176
568760785113120768
568785504004497408
568823990321598465
568869609622904832
568915741551886336
568966873880137728
569007852607680512
569008601009762305
569016588411789312
569171651381702657
569183387816038401
569271561481531392
569322372995551232
569330115114627073
569365604832047104
569461469042966528
569513151517073408
569542699222573056
569567629083430912
569588082284101633
569603127223066624
569606513859305473
569607661655715841
569609621834301440
569613523648532480
569619246520479745
569631567032627200
569659637575917568
569701794567163905
569729732952109056
569758956941234176
569838260077228032
567728057700876288
567802829567467520
567842647739654144
567894427244589056
568069363280035840
568075934609346560
568096554638159872
568158427664527360
568167414493532161
568202174917976064
568246340246999041
568433610765815808
568478204190720000
568548980122103808
568560083103137793
568564757172764672
568579899243380736
568625749214642176
568760785113120768
568785504004497408
568823990321598465
568869609622904832
568915741551886336
568966873880137728
569007852607680512
569008601009762305
569016588411789312
569171651381702657
569183387816038401
569271561481531392
569322372995551232
569330115114627073
569365604832047104
569461469042966528
569513151517073408
569542699222573056
569567629083430912
569588082284101633
569603127223066624
569606513859305473
569607661655715841
569609621834301440
569613523648532480
569619246520479745
569631567032627200
569659637575917568
569701794567163905
569729732952109056
569758956941234176
569838260077228032
569876015834484736
569906446881697793
569906807696551936
569912835871879168
569919020784185344
569953411988369408
569957516748066817
569958224968982528
569972935227674624
569983149028962304
569987277734207488
569990034444689408
570000126636216320
570040750412406784
570115366023770112
570222998919225344
570259691579809792
570281731510571009
567728057700876288
567802829567467520
567842647739654144
567894427244589056
568069363280035840
568075934609346560
568096554638159872
568158427664527360
568167414493532161
568202174917976064
568246340246999041
568433610765815808
568478204190720000
568548980122103808
568560083103137793
568564757172764672
568579899243380736
568625749214642176
568760785113120768
568785504004497408
568823990321598465
568869609622904832
568915741551886336
568966873880137728
569007852607680512
569008601009762305
569016588411789312
569171651381702657
569183387816038401
569271561481531392
569322372995551232
569330115114627073
569365604832047104
569461469042966528
569513151517073408
569542699222573056
569567629083430912
569588082284101633
569603127223066624
569606513859305473
569607661655715841
569609621834301440
569613523648532480
569619246520479745
569631567032627200
569659637575917568
569701794567163905
569729732952109056
569758956941234176
569838260077228032
569876015834484736
569906446881697793
569906807696551936
569912835871879168
569919020784185344
569953411988369408
569957516748066817
569958224968982528
569972935227674624
569983149028962304
569987277734207488
569990034444689408
570000126636216320
570040750412406784
570115366023770112
570222998919225344
570259691579809792
570281731510571009
567728057700876288
567802829567467520
567842647739654144
567894427244589056
568069363280035840
568075934609346560
568096554638159872
568158427664527360
568167414493532161
568202174917976064
568246340246999041
568433610765815808
568478204190720000
568548980122103808
568560083103137793
568564757172764672
568579899243380736
568625749214642176
568760785113120768
568785504004497408
568823990321598465
568869609622904832
568915741551886336
568966873880137728
569007852607680512
569008601009762305
569016588411789312
569171651381702657
569183387816038401
569271561481531392
569322372995551232
569330115114627073
569365604832047104
569461469042966528
569513151517073408
569542699222573056
569567629083430912
569588082284101633
569603127223066624
569606513859305473
569607661655715841
569609621834301440
569613523648532480
569619246520479745
569631567032627200
569659637575917568
569701794567163905
569729732952109056
569758956941234176
569838260077228032
569876015834484736
569906446881697793
569906807696551936
569912835871879168
569919020784185344
569953411988369408
569957516748066817
569958224968982528
569972935227674624
569983149028962304
569987277734207488
569990034444689408
570000126636216320
570040750412406784
570115366023770112
570222998919225344
570259691579809792
570281731510571009
567728057700876288
567802829567467520
567842647739654144
567894427244589056
568069363280035840
568075934609346560
568096554638159872
568158427664527360
568167414493532161
568202174917976064
568246340246999041
568433610765815808
568478204190720000
568548980122103808
568560083103137793
568564757172764672
568579899243380736
568625749214642176
568760785113120768
568785504004497408
568823990321598465
568869609622904832
568915741551886336
568966873880137728
569007852607680512
569008601009762305
569016588411789312
569171651381702657
569183387816038401
569271561481531392
569322372995551232
569330115114627073
569365604832047104
569461469042966528
569513151517073408
569542699222573056
569567629083430912
569588082284101633
569603127223066624
569606513859305473
569607661655715841
569609621834301440
569613523648532480
569619246520479745
569631567032627200
569659637575917568
569701794567163905
569729732952109056
569758956941234176
569838260077228032
569876015834484736
569906446881697793
569906807696551936
569912835871879168
569919020784185344
569953411988369408
569957516748066817
569958224968982528
569972935227674624
569983149028962304
569987277734207488
569990034444689408
570000126636216320
570040750412406784
570115366023770112
570222998919225344
570259691579809792
570281731510571009
567728057700876288
567802829567467520
567842647739654144
567894427244589056
568069363280035840
568075934609346560
568096554638159872
568158427664527360
568167414493532161
568202174917976064
568246340246999041
568433610765815808
568478204190720000
568548980122103808
568560083103137793
568564757172764672
568579899243380736
568625749214642176
568760785113120768
568785504004497408
568823990321598465
568869609622904832
568915741551886336
568966873880137728
569007852607680512
569008601009762305
569016588411789312
569171651381702657
569183387816038401
569271561481531392
569322372995551232
569330115114627073
569365604832047104
569461469042966528
569513151517073408
569542699222573056
569567629083430912
569588082284101633
569603127223066624
569606513859305473
569607661655715841
569609621834301440
569613523648532480
569619246520479745
569631567032627200
569659637575917568
569701794567163905
569729732952109056
569758956941234176
569838260077228032
569876015834484736
569906446881697793
569906807696551936
569912835871879168
569919020784185344
569953411988369408
569957516748066817
569958224968982528
569972935227674624
569983149028962304
569987277734207488
569990034444689408
570000126636216320
570040750412406784
570115366023770112
570222998919225344
570259691579809792
570281731510571009
567728057700876288
567802829567467520
567842647739654144
567894427244589056
568069363280035840
568075934609346560
568096554638159872
568158427664527360
568167414493532161
568202174917976064
568246340246999041
568433610765815808
568478204190720000
568548980122103808
568560083103137793
568564757172764672
568579899243380736
568625749214642176
568760785113120768
568785504004497408
568823990321598465
568869609622904832
568915741551886336
568966873880137728
569007852607680512
569008601009762305
569016588411789312
569171651381702657
569183387816038401
569271561481531392
569322372995551232
569330115114627073
569365604832047104
569461469042966528
569513151517073408
569542699222573056
569567629083430912
569588082284101633
569603127223066624
569606513859305473
569607661655715841
569609621834301440
569613523648532480
569619246520479745
569631567032627200
569659637575917568
569701794567163905
569729732952109056
569758956941234176
569838260077228032
569876015834484736
569906446881697793
569906807696551936
569912835871879168
569919020784185344
569953411988369408
569957516748066817
569958224968982528
569972935227674624
569983149028962304
569987277734207488
569990034444689408
570000126636216320
570040750412406784
570115366023770112
570222998919225344
570259691579809792
570281731510571009
