567832862130577408
568571021554556929
568625749214642176
569624299788750848
569680835894497280
569680920162258945
567832862130577408
568571021554556929
568625749214642176
569624299788750848
569680835894497280
569680920162258945
567832862130577408
568571021554556929
568625749214642176
569624299788750848
569680835894497280
569680920162258945
569976293573447682
567832862130577408
568571021554556929
568625749214642176
569624299788750848
569680835894497280
569680920162258945
569976293573447682
567832862130577408
568571021554556929
568625749214642176
569624299788750848
569680835894497280
569680920162258945
569976293573447682
567832862130577408
568571021554556929
568625749214642176
569624299788750848
569680835894497280
569680920162258945
569976293573447682
567832862130577408
568571021554556929
568625749214642176
569624299788750848
569680835894497280
569680920162258945
569976293573447682
567832862130577408
568571021554556929
568625749214642176
569624299788750848
569680835894497280
569680920162258945
569976293573447682
