567766512392364032
567804350040416256
567805894885638144
567811306900975616
568044275910512640
568183699658944512
568228614275260416
568272715519561728
568441968327573504
568556238012678144
568815686446788608
568854082536001536
568954558589702144
569152740414218240
569346317706768385
569507060209090561
569522879764807680
569654749055864832
569678905344270336
569690131235340288
567766512392364032
567804350040416256
567805894885638144
567811306900975616
568044275910512640
568183699658944512
568228614275260416
568272715519561728
568441968327573504
568556238012678144
568815686446788608
568854082536001536
568954558589702144
569152740414218240
569346317706768385
569507060209090561
569522879764807680
569654749055864832
569678905344270336
569690131235340288
569834388919328768
567766512392364032
567804350040416256
567805894885638144
567811306900975616
568044275910512640
568183699658944512
568228614275260416
568272715519561728
568441968327573504
568556238012678144
568815686446788608
568854082536001536
568954558589702144
569152740414218240
569346317706768385
569507060209090561
569522879764807680
569654749055864832
569678905344270336
569690131235340288
569834388919328768
569851578276048896
569864610016321536
569880364811837441
569902219602100225
569905534020820992
569917442455175168
569919319821434880
569919414948237312
569933724743274496
569952408450805760
570034112863608832
570073592848715776
570108724636831745
570223703285477376
570257377460514816
570275248052039680
570285115655348226
