568067938843893761
569132950006185985
569515731022454784
569533202835984385
568067938843893761
569132950006185985
569515731022454784
569533202835984385
568067938843893761
569132950006185985
569515731022454784
569533202835984385
570262460395098112
568067938843893761
569132950006185985
569515731022454784
569533202835984385
570262460395098112
568067938843893761
569132950006185985
569515731022454784
569533202835984385
570262460395098112
568067938843893761
569132950006185985
569515731022454784
569533202835984385
570262460395098112
568067938843893761
569132950006185985
569515731022454784
569533202835984385
570262460395098112
568067938843893761
569132950006185985
569515731022454784
569533202835984385
570262460395098112
