567734128011784192
567742912579272704
567754165904887810
567757203093090305
567772685472915456
567831806944223232
567871439585435648
567874505881845760
567917894144770049
567918283866898432
567919829589442560
568044626654806016
568077746481586176
568159714737049601
568170564289867776
568211263303639040
568232802749161472
568249132323770368
568482785389899776
568491142410571778
568491484401557504
568564342150598656
568570905690898432
568639207846989824
568764097015058432
568787787815776256
568817350864023552
568894805914169345
568921407813521409
568999888043638785
569179517522046977
569182303034974208
569217285593788416
569254216415481856
569258544714911746
569262517333196800
569281033365037056
569294326259253248
569325844906115072
569358476402499584
569363354428567552
569428333500375040
569587686496825344
569604033083789312
569618371148443649
569623190730887168
569623606684209154
569630885450002432
569634385823182852
569650859371405312
569651129136459776
569657895522054145
569660691256188929
569682751063924736
569697298768203776
569704066760232960
569719540520628224
569723994468962304
569724056645140480
569724186173640705
569790297875599361
567734128011784192
567742912579272704
567754165904887810
567757203093090305
567772685472915456
567831806944223232
567871439585435648
567874505881845760
567917894144770049
567918283866898432
567919829589442560
568044626654806016
568077746481586176
568159714737049601
568170564289867776
568211263303639040
568232802749161472
568249132323770368
568482785389899776
568491142410571778
568491484401557504
568564342150598656
568570905690898432
568639207846989824
568764097015058432
568787787815776256
568817350864023552
568894805914169345
568921407813521409
568999888043638785
569179517522046977
569182303034974208
569217285593788416
569254216415481856
569258544714911746
569262517333196800
569281033365037056
569294326259253248
569325844906115072
569358476402499584
569363354428567552
569428333500375040
569587686496825344
569604033083789312
569618371148443649
569623190730887168
569623606684209154
569630885450002432
569634385823182852
569650859371405312
569651129136459776
569657895522054145
569660691256188929
569682751063924736
569697298768203776
569704066760232960
569719540520628224
569723994468962304
569724056645140480
569724186173640705
569790297875599361
569818507891871744
567734128011784192
567742912579272704
567754165904887810
567757203093090305
567772685472915456
567831806944223232
567871439585435648
567874505881845760
567917894144770049
567918283866898432
567919829589442560
568044626654806016
568077746481586176
568159714737049601
568170564289867776
568211263303639040
568232802749161472
568249132323770368
568482785389899776
568491142410571778
568491484401557504
568564342150598656
568570905690898432
568639207846989824
568764097015058432
568787787815776256
568817350864023552
568894805914169345
568921407813521409
568999888043638785
569179517522046977
569182303034974208
569217285593788416
569254216415481856
569258544714911746
569262517333196800
569281033365037056
569294326259253248
569325844906115072
569358476402499584
569363354428567552
569428333500375040
569587686496825344
569604033083789312
569618371148443649
569623190730887168
569623606684209154
569630885450002432
569634385823182852
569650859371405312
569651129136459776
569657895522054145
569660691256188929
569682751063924736
569697298768203776
569704066760232960
569719540520628224
569723994468962304
569724056645140480
569724186173640705
569790297875599361
569818507891871744
569848398129565696
569868201720287232
569924772349538304
569932833709527041
569940323746516993
569944514137362432
569947001456070656
569976848786034688
570005000643956736
570006707935571969
570040251764183040
570057809037008896
570063322449616896
570069642976239616
570070483338731520
570126389279662080
570132410588917760
570162212616212480
570212047692161025
570226695724244992
570236587386122240
570265300685488129
570265699215675392
570283453750489088
570288349392605186
570289587794407425
567734128011784192
567742912579272704
567754165904887810
567757203093090305
567772685472915456
567831806944223232
567871439585435648
567874505881845760
567917894144770049
567918283866898432
567919829589442560
568044626654806016
568077746481586176
568159714737049601
568170564289867776
568211263303639040
568232802749161472
568249132323770368
568482785389899776
568491142410571778
568491484401557504
568564342150598656
568570905690898432
568639207846989824
568764097015058432
568787787815776256
568817350864023552
568894805914169345
568921407813521409
568999888043638785
569179517522046977
569182303034974208
569217285593788416
569254216415481856
569258544714911746
569262517333196800
569281033365037056
569294326259253248
569325844906115072
569358476402499584
569363354428567552
569428333500375040
569587686496825344
569604033083789312
569618371148443649
569623190730887168
569623606684209154
569630885450002432
569634385823182852
569650859371405312
569651129136459776
569657895522054145
569660691256188929
569682751063924736
569697298768203776
569704066760232960
569719540520628224
569723994468962304
569724056645140480
569724186173640705
569790297875599361
569818507891871744
569848398129565696
569868201720287232
569924772349538304
569932833709527041
569940323746516993
569944514137362432
569947001456070656
569976848786034688
570005000643956736
570006707935571969
570040251764183040
570057809037008896
570063322449616896
570069642976239616
570070483338731520
570126389279662080
570132410588917760
570162212616212480
570212047692161025
570226695724244992
570236587386122240
570265300685488129
570265699215675392
570283453750489088
570288349392605186
570289587794407425
567734128011784192
567742912579272704
567754165904887810
567757203093090305
567772685472915456
567831806944223232
567871439585435648
567874505881845760
567917894144770049
567918283866898432
567919829589442560
568044626654806016
568077746481586176
568159714737049601
568170564289867776
568211263303639040
568232802749161472
568249132323770368
568482785389899776
568491142410571778
568491484401557504
568564342150598656
568570905690898432
568639207846989824
568764097015058432
568787787815776256
568817350864023552
568894805914169345
568921407813521409
568999888043638785
569179517522046977
569182303034974208
569217285593788416
569254216415481856
569258544714911746
569262517333196800
569281033365037056
569294326259253248
569325844906115072
569358476402499584
569363354428567552
569428333500375040
569587686496825344
569604033083789312
569618371148443649
569623190730887168
569623606684209154
569630885450002432
569634385823182852
569650859371405312
569651129136459776
569657895522054145
569660691256188929
569682751063924736
569697298768203776
569704066760232960
569719540520628224
569723994468962304
569724056645140480
569724186173640705
569790297875599361
569818507891871744
569848398129565696
569868201720287232
569924772349538304
569932833709527041
569940323746516993
569944514137362432
569947001456070656
569976848786034688
570005000643956736
570006707935571969
570040251764183040
570057809037008896
570063322449616896
570069642976239616
570070483338731520
570126389279662080
570132410588917760
570162212616212480
570212047692161025
570226695724244992
570236587386122240
570265300685488129
570265699215675392
570283453750489088
570288349392605186
570289587794407425
567734128011784192
567742912579272704
567754165904887810
567757203093090305
567772685472915456
567831806944223232
567871439585435648
567874505881845760
567917894144770049
567918283866898432
567919829589442560
568044626654806016
568077746481586176
568159714737049601
568170564289867776
568211263303639040
568232802749161472
568249132323770368
568482785389899776
568491142410571778
568491484401557504
568564342150598656
568570905690898432
568639207846989824
568764097015058432
568787787815776256
568817350864023552
568894805914169345
568921407813521409
568999888043638785
569179517522046977
569182303034974208
569217285593788416
569254216415481856
569258544714911746
569262517333196800
569281033365037056
569294326259253248
569325844906115072
569358476402499584
569363354428567552
569428333500375040
569587686496825344
569604033083789312
569618371148443649
569623190730887168
569623606684209154
569630885450002432
569634385823182852
569650859371405312
569651129136459776
569657895522054145
569660691256188929
569682751063924736
569697298768203776
569704066760232960
569719540520628224
569723994468962304
569724056645140480
569724186173640705
569790297875599361
569818507891871744
569848398129565696
569868201720287232
569924772349538304
569932833709527041
569940323746516993
569944514137362432
569947001456070656
569976848786034688
570005000643956736
570006707935571969
570040251764183040
570057809037008896
570063322449616896
570069642976239616
570070483338731520
570126389279662080
570132410588917760
570162212616212480
570212047692161025
570226695724244992
570236587386122240
570265300685488129
570265699215675392
570283453750489088
570288349392605186
570289587794407425
567734128011784192
567742912579272704
567754165904887810
567757203093090305
567772685472915456
567831806944223232
567871439585435648
567874505881845760
567917894144770049
567918283866898432
567919829589442560
568044626654806016
568077746481586176
568159714737049601
568170564289867776
568211263303639040
568232802749161472
568249132323770368
568482785389899776
568491142410571778
568491484401557504
568564342150598656
568570905690898432
568639207846989824
568764097015058432
568787787815776256
568817350864023552
568894805914169345
568921407813521409
568999888043638785
569179517522046977
569182303034974208
569217285593788416
569254216415481856
569258544714911746
569262517333196800
569281033365037056
569294326259253248
569325844906115072
569358476402499584
569363354428567552
569428333500375040
569587686496825344
569604033083789312
569618371148443649
569623190730887168
569623606684209154
569630885450002432
569634385823182852
569650859371405312
569651129136459776
569657895522054145
569660691256188929
569682751063924736
569697298768203776
569704066760232960
569719540520628224
569723994468962304
569724056645140480
569724186173640705
569790297875599361
569818507891871744
569848398129565696
569868201720287232
569924772349538304
569932833709527041
569940323746516993
569944514137362432
569947001456070656
569976848786034688
570005000643956736
570006707935571969
570040251764183040
570057809037008896
570063322449616896
570069642976239616
570070483338731520
570126389279662080
570132410588917760
570162212616212480
570212047692161025
570226695724244992
570236587386122240
570265300685488129
570265699215675392
570283453750489088
570288349392605186
570289587794407425
567734128011784192
567742912579272704
567754165904887810
567757203093090305
567772685472915456
567831806944223232
567871439585435648
567874505881845760
567917894144770049
567918283866898432
567919829589442560
568044626654806016
568077746481586176
568159714737049601
568170564289867776
568211263303639040
568232802749161472
568249132323770368
568482785389899776
568491142410571778
568491484401557504
568564342150598656
568570905690898432
568639207846989824
568764097015058432
568787787815776256
568817350864023552
568894805914169345
568921407813521409
568999888043638785
569179517522046977
569182303034974208
569217285593788416
569254216415481856
569258544714911746
569262517333196800
569281033365037056
569294326259253248
569325844906115072
569358476402499584
569363354428567552
569428333500375040
569587686496825344
569604033083789312
569618371148443649
569623190730887168
569623606684209154
569630885450002432
569634385823182852
569650859371405312
569651129136459776
569657895522054145
569660691256188929
569682751063924736
569697298768203776
569704066760232960
569719540520628224
569723994468962304
569724056645140480
569724186173640705
569790297875599361
569818507891871744
569848398129565696
569868201720287232
569924772349538304
569932833709527041
569940323746516993
569944514137362432
569947001456070656
569976848786034688
570005000643956736
570006707935571969
570040251764183040
570057809037008896
570063322449616896
570069642976239616
570070483338731520
570126389279662080
570132410588917760
570162212616212480
570212047692161025
570226695724244992
570236587386122240
570265300685488129
570265699215675392
570283453750489088
570288349392605186
570289587794407425
