567912664996786177
568214651336396801
568546837231042560
568637437812944896
568839278681174016
568843160224452608
567912664996786177
568214651336396801
568546837231042560
568637437812944896
568839278681174016
568843160224452608
567912664996786177
568214651336396801
568546837231042560
568637437812944896
568839278681174016
568843160224452608
567912664996786177
568214651336396801
568546837231042560
568637437812944896
568839278681174016
568843160224452608
567912664996786177
568214651336396801
568546837231042560
568637437812944896
568839278681174016
568843160224452608
567912664996786177
568214651336396801
568546837231042560
568637437812944896
568839278681174016
568843160224452608
567912664996786177
568214651336396801
568546837231042560
568637437812944896
568839278681174016
568843160224452608
567912664996786177
568214651336396801
568546837231042560
568637437812944896
568839278681174016
568843160224452608
