567786135904980993
567918173992910848
568109390026448896
568416602728890370
569016588411789312
569588651925098496
569659230929555456
567786135904980993
567918173992910848
568109390026448896
568416602728890370
569016588411789312
569588651925098496
569659230929555456
567786135904980993
567918173992910848
568109390026448896
568416602728890370
569016588411789312
569588651925098496
569659230929555456
569885859954229248
569915133113323520
570021075355963392
570078673090408448
570188794730848256
570261359377698817
567786135904980993
567918173992910848
568109390026448896
568416602728890370
569016588411789312
569588651925098496
569659230929555456
569885859954229248
569915133113323520
570021075355963392
570078673090408448
570188794730848256
570261359377698817
567786135904980993
567918173992910848
568109390026448896
568416602728890370
569016588411789312
569588651925098496
569659230929555456
569885859954229248
569915133113323520
570021075355963392
570078673090408448
570188794730848256
570261359377698817
567786135904980993
567918173992910848
568109390026448896
568416602728890370
569016588411789312
569588651925098496
569659230929555456
569885859954229248
569915133113323520
570021075355963392
570078673090408448
570188794730848256
570261359377698817
567786135904980993
567918173992910848
568109390026448896
568416602728890370
569016588411789312
569588651925098496
569659230929555456
569885859954229248
569915133113323520
570021075355963392
570078673090408448
570188794730848256
570261359377698817
567786135904980993
567918173992910848
568109390026448896
568416602728890370
569016588411789312
569588651925098496
569659230929555456
569885859954229248
569915133113323520
570021075355963392
570078673090408448
570188794730848256
570261359377698817
