568099620456423424
568826225621405696
569229572123680769
569304100048912384
569704005250777090
568099620456423424
568826225621405696
569229572123680769
569304100048912384
569704005250777090
568099620456423424
568826225621405696
569229572123680769
569304100048912384
569704005250777090
569960010249334784
568099620456423424
568826225621405696
569229572123680769
569304100048912384
569704005250777090
569960010249334784
568099620456423424
568826225621405696
569229572123680769
569304100048912384
569704005250777090
569960010249334784
568099620456423424
568826225621405696
569229572123680769
569304100048912384
569704005250777090
569960010249334784
568099620456423424
568826225621405696
569229572123680769
569304100048912384
569704005250777090
569960010249334784
568099620456423424
568826225621405696
569229572123680769
569304100048912384
569704005250777090
569960010249334784
