567713868747902976
567731546661326848
567747769176432640
567808067237326848
567823510245236739
567831549539966976
567843014300692480
567851561474383873
568079633998086144
568228614275260416
568797768162127872
568994507074772992
569183494259273728
569225196386660352
569248875825008640
569355332113309696
569357127040540673
569363188120207360
569365709500710912
569368532242145280
569372595067490304
569376145000390656
569387005131546624
569434598825992192
569497632361594880
569531768321269760
569717188468334593
569717336959160323
567713868747902976
567731546661326848
567747769176432640
567808067237326848
567823510245236739
567831549539966976
567843014300692480
567851561474383873
568079633998086144
568228614275260416
568797768162127872
568994507074772992
569183494259273728
569225196386660352
569248875825008640
569355332113309696
569357127040540673
569363188120207360
569365709500710912
569368532242145280
569372595067490304
569376145000390656
569387005131546624
569434598825992192
569497632361594880
569531768321269760
569717188468334593
569717336959160323
569823770308939776
567713868747902976
567731546661326848
567747769176432640
567808067237326848
567823510245236739
567831549539966976
567843014300692480
567851561474383873
568079633998086144
568228614275260416
568797768162127872
568994507074772992
569183494259273728
569225196386660352
569248875825008640
569355332113309696
569357127040540673
569363188120207360
569365709500710912
569368532242145280
569372595067490304
569376145000390656
569387005131546624
569434598825992192
569497632361594880
569531768321269760
569717188468334593
569717336959160323
569823770308939776
569852112605089792
569921001301024770
569933565321990144
569946428547551233
570101910402940928
570123207824568320
570244720229797889
570276806512779264
567713868747902976
567731546661326848
567747769176432640
567808067237326848
567823510245236739
567831549539966976
567843014300692480
567851561474383873
568079633998086144
568228614275260416
568797768162127872
568994507074772992
569183494259273728
569225196386660352
569248875825008640
569355332113309696
569357127040540673
569363188120207360
569365709500710912
569368532242145280
569372595067490304
569376145000390656
569387005131546624
569434598825992192
569497632361594880
569531768321269760
569717188468334593
569717336959160323
569823770308939776
569852112605089792
569921001301024770
569933565321990144
569946428547551233
570101910402940928
570123207824568320
570244720229797889
570276806512779264
567713868747902976
567731546661326848
567747769176432640
567808067237326848
567823510245236739
567831549539966976
567843014300692480
567851561474383873
568079633998086144
568228614275260416
568797768162127872
568994507074772992
569183494259273728
569225196386660352
569248875825008640
569355332113309696
569357127040540673
569363188120207360
569365709500710912
569368532242145280
569372595067490304
569376145000390656
569387005131546624
569434598825992192
569497632361594880
569531768321269760
569717188468334593
569717336959160323
569823770308939776
569852112605089792
569921001301024770
569933565321990144
569946428547551233
570101910402940928
570123207824568320
570244720229797889
570276806512779264
567713868747902976
567731546661326848
567747769176432640
567808067237326848
567823510245236739
567831549539966976
567843014300692480
567851561474383873
568079633998086144
568228614275260416
568797768162127872
568994507074772992
569183494259273728
569225196386660352
569248875825008640
569355332113309696
569357127040540673
569363188120207360
569365709500710912
569368532242145280
569372595067490304
569376145000390656
569387005131546624
569434598825992192
569497632361594880
569531768321269760
569717188468334593
569717336959160323
569823770308939776
569852112605089792
569921001301024770
569933565321990144
569946428547551233
570101910402940928
570123207824568320
570244720229797889
570276806512779264
567713868747902976
567731546661326848
567747769176432640
567808067237326848
567823510245236739
567831549539966976
567843014300692480
567851561474383873
568079633998086144
568228614275260416
568797768162127872
568994507074772992
569183494259273728
569225196386660352
569248875825008640
569355332113309696
569357127040540673
569363188120207360
569365709500710912
569368532242145280
569372595067490304
569376145000390656
569387005131546624
569434598825992192
569497632361594880
569531768321269760
569717188468334593
569717336959160323
569823770308939776
569852112605089792
569921001301024770
569933565321990144
569946428547551233
570101910402940928
570123207824568320
570244720229797889
570276806512779264
567713868747902976
567731546661326848
567747769176432640
567808067237326848
567823510245236739
567831549539966976
567843014300692480
567851561474383873
568079633998086144
568228614275260416
568797768162127872
568994507074772992
569183494259273728
569225196386660352
569248875825008640
569355332113309696
569357127040540673
569363188120207360
569365709500710912
569368532242145280
569372595067490304
569376145000390656
569387005131546624
569434598825992192
569497632361594880
569531768321269760
569717188468334593
569717336959160323
569823770308939776
569852112605089792
569921001301024770
569933565321990144
569946428547551233
570101910402940928
570123207824568320
570244720229797889
570276806512779264
