567821166775156736
568042975856619520
569047438880841728
569627485240844288
569710260136640512
567821166775156736
568042975856619520
569047438880841728
569627485240844288
569710260136640512
567821166775156736
568042975856619520
569047438880841728
569627485240844288
569710260136640512
569882442129133568
569901979151024129
569921646057926656
567821166775156736
568042975856619520
569047438880841728
569627485240844288
569710260136640512
569882442129133568
569901979151024129
569921646057926656
567821166775156736
568042975856619520
569047438880841728
569627485240844288
569710260136640512
569882442129133568
569901979151024129
569921646057926656
567821166775156736
568042975856619520
569047438880841728
569627485240844288
569710260136640512
569882442129133568
569901979151024129
569921646057926656
567821166775156736
568042975856619520
569047438880841728
569627485240844288
569710260136640512
569882442129133568
569901979151024129
569921646057926656
567821166775156736
568042975856619520
569047438880841728
569627485240844288
569710260136640512
569882442129133568
569901979151024129
569921646057926656
