567730390291714048
567794720425144321
567799935173947392
569155039983497216
569510808847196160
569727488131092481
569798946740166656
567730390291714048
567794720425144321
567799935173947392
569155039983497216
569510808847196160
569727488131092481
569798946740166656
567730390291714048
567794720425144321
567799935173947392
569155039983497216
569510808847196160
569727488131092481
569798946740166656
570000777768345600
567730390291714048
567794720425144321
567799935173947392
569155039983497216
569510808847196160
569727488131092481
569798946740166656
570000777768345600
567730390291714048
567794720425144321
567799935173947392
569155039983497216
569510808847196160
569727488131092481
569798946740166656
570000777768345600
567730390291714048
567794720425144321
567799935173947392
569155039983497216
569510808847196160
569727488131092481
569798946740166656
570000777768345600
567730390291714048
567794720425144321
567799935173947392
569155039983497216
569510808847196160
569727488131092481
569798946740166656
570000777768345600
567730390291714048
567794720425144321
567799935173947392
569155039983497216
569510808847196160
569727488131092481
569798946740166656
570000777768345600
