568103967185444866
568194265022648320
568823603627565056
568948170060746752
568103967185444866
568194265022648320
568823603627565056
568948170060746752
568103967185444866
568194265022648320
568823603627565056
568948170060746752
568103967185444866
568194265022648320
568823603627565056
568948170060746752
568103967185444866
568194265022648320
568823603627565056
568948170060746752
568103967185444866
568194265022648320
568823603627565056
568948170060746752
568103967185444866
568194265022648320
568823603627565056
568948170060746752
568103967185444866
568194265022648320
568823603627565056
568948170060746752
