567617486703853568
567728227465310208
567738715657609216
567739453884465152
567739553251725312
567742148603170816
567748330734641152
567748407070953472
567754096272224256
567765457731624960
567766512392364032
567768484612816896
567774229249421312
567775776582672384
567783113309585409
567784912011689984
567791323597524992
567802937394655232
567804350040416256
567804488687345665
567806788708626433
567836728100200449
567856355907760128
568030511530172416
568052343922507776
568063182230724608
568093190185566208
568111819325366273
568140506116571136
568148251569999873
568154805362950146
568166479327313920
568169352383602688
568176078595985408
568184231819481088
568199988255330304
568201465958772736
568210483959836672
568215000306724864
568228505160433665
568235890205532160
568255534941544448
568272715519561728
568275123037286400
568302985802956800
568372335012679680
568377392420356096
568387402810728448
568432918110064640
568438094652956673
568438312177762304
568440278853525504
568441968327573504
568448902011224064
568450643175866368
568458701046050816
568460278662193152
568469582295379969
568481515899908096
568482353254928384
568484603658420224
568496176116457472
568527304348942336
568544738032242688
568547007003955200
568559381295407104
568565615327227904
568566331169247232
568583360811016192
568611364803096577
568774192029523969
568776728333541376
568781422804262912
568807908374286336
568815686446788608
568823775745028096
568830255282040832
568830614289252352
568845241526038528
568851512509800448
568852204750135296
568853687130390528
568854401802051584
568858239372103680
568861255731154944
568864796717805568
568865011717705730
568870394708545536
568872291427160065
568878265814949889
568879053496655872
568882014415249408
568883264791785472
568900016636452864
568909605499215872
568932998051016704
568955060165554176
568959416524886016
568967313598386176
568968480717983744
568986491608834048
568995447768899584
569008329038524417
569017218316369921
569027718626480128
569096764835414016
569165102307545088
569165128366755840
569170590831132672
569178210325430272
569184833361936387
569185684268789761
569191687794270209
569207912251289600
569209016276004864
569209306874122241
569222424236916736
569227063300718593
569246373020717057
569251768770502656
569255493610442752
569257918815539200
569261128532041728
569261236094967808
569267194028298241
569278020441284608
569290361870426112
569301244948324353
569304845091524608
569307917712805889
569313734566547456
569317490276360193
569319188528963584
569322901691707392
569324558999691264
569363221791928320
569363796113764352
569372422509453313
569383892542738432
569488587135295488
569502753694691328
569503512968572928
569507060209090561
569520712379052032
569522307657388032
569531988702576640
569535503827017730
569537571685924864
569544819510345728
569586743831191552
569587157574135808
569589829735821312
569590151657103360
569593694963310593
569596097540132864
569597220871282690
569602069335838720
569610824647626752
569612120758878208
569621879633391616
569638441803075585
569641693726842880
569646005315973120
569650612545187840
569659367001186304
569660698231308290
569664965658972160
569666840370110465
569675979284721665
569677848983801856
569683872046194688
569691438784647168
569713993532600321
569723205142880256
569729821397291008
569733719256272896
569770321563279360
569785074910154752
569785570320195585
569795284764532736
569799402119770113
567617486703853568
567728227465310208
567738715657609216
567739453884465152
567739553251725312
567742148603170816
567748330734641152
567748407070953472
567754096272224256
567765457731624960
567766512392364032
567768484612816896
567774229249421312
567775776582672384
567783113309585409
567784912011689984
567791323597524992
567802937394655232
567804350040416256
567804488687345665
567806788708626433
567836728100200449
567856355907760128
568030511530172416
568052343922507776
568063182230724608
568093190185566208
568111819325366273
568140506116571136
568148251569999873
568154805362950146
568166479327313920
568169352383602688
568176078595985408
568184231819481088
568199988255330304
568201465958772736
568210483959836672
568215000306724864
568228505160433665
568235890205532160
568255534941544448
568272715519561728
568275123037286400
568302985802956800
568372335012679680
568377392420356096
568387402810728448
568432918110064640
568438094652956673
568438312177762304
568440278853525504
568441968327573504
568448902011224064
568450643175866368
568458701046050816
568460278662193152
568469582295379969
568481515899908096
568482353254928384
568484603658420224
568496176116457472
568527304348942336
568544738032242688
568547007003955200
568559381295407104
568565615327227904
568566331169247232
568583360811016192
568611364803096577
568774192029523969
568776728333541376
568781422804262912
568807908374286336
568815686446788608
568823775745028096
568830255282040832
568830614289252352
568845241526038528
568851512509800448
568852204750135296
568853687130390528
568854401802051584
568858239372103680
568861255731154944
568864796717805568
568865011717705730
568870394708545536
568872291427160065
568878265814949889
568879053496655872
568882014415249408
568883264791785472
568900016636452864
568909605499215872
568932998051016704
568955060165554176
568959416524886016
568967313598386176
568968480717983744
568986491608834048
568995447768899584
569008329038524417
569017218316369921
569027718626480128
569096764835414016
569165102307545088
569165128366755840
569170590831132672
569178210325430272
569184833361936387
569185684268789761
569191687794270209
569207912251289600
569209016276004864
569209306874122241
569222424236916736
569227063300718593
569246373020717057
569251768770502656
569255493610442752
569257918815539200
569261128532041728
569261236094967808
569267194028298241
569278020441284608
569290361870426112
569301244948324353
569304845091524608
569307917712805889
569313734566547456
569317490276360193
569319188528963584
569322901691707392
569324558999691264
569363221791928320
569363796113764352
569372422509453313
569383892542738432
569488587135295488
569502753694691328
569503512968572928
569507060209090561
569520712379052032
569522307657388032
569531988702576640
569535503827017730
569537571685924864
569544819510345728
569586743831191552
569587157574135808
569589829735821312
569590151657103360
569593694963310593
569596097540132864
569597220871282690
569602069335838720
569610824647626752
569612120758878208
569621879633391616
569638441803075585
569641693726842880
569646005315973120
569650612545187840
569659367001186304
569660698231308290
569664965658972160
569666840370110465
569675979284721665
569677848983801856
569683872046194688
569691438784647168
569713993532600321
569723205142880256
569729821397291008
569733719256272896
569770321563279360
569785074910154752
569785570320195585
569795284764532736
569799402119770113
569829233423360000
569834388919328768
569835312106618880
569836091651592192
569840341899026432
569842758967386112
567617486703853568
567728227465310208
567738715657609216
567739453884465152
567739553251725312
567742148603170816
567748330734641152
567748407070953472
567754096272224256
567765457731624960
567766512392364032
567768484612816896
567774229249421312
567775776582672384
567783113309585409
567784912011689984
567791323597524992
567802937394655232
567804350040416256
567804488687345665
567806788708626433
567836728100200449
567856355907760128
568030511530172416
568052343922507776
568063182230724608
568093190185566208
568111819325366273
568140506116571136
568148251569999873
568154805362950146
568166479327313920
568169352383602688
568176078595985408
568184231819481088
568199988255330304
568201465958772736
568210483959836672
568215000306724864
568228505160433665
568235890205532160
568255534941544448
568272715519561728
568275123037286400
568302985802956800
568372335012679680
568377392420356096
568387402810728448
568432918110064640
568438094652956673
568438312177762304
568440278853525504
568441968327573504
568448902011224064
568450643175866368
568458701046050816
568460278662193152
568469582295379969
568481515899908096
568482353254928384
568484603658420224
568496176116457472
568527304348942336
568544738032242688
568547007003955200
568559381295407104
568565615327227904
568566331169247232
568583360811016192
568611364803096577
568774192029523969
568776728333541376
568781422804262912
568807908374286336
568815686446788608
568823775745028096
568830255282040832
568830614289252352
568845241526038528
568851512509800448
568852204750135296
568853687130390528
568854401802051584
568858239372103680
568861255731154944
568864796717805568
568865011717705730
568870394708545536
568872291427160065
568878265814949889
568879053496655872
568882014415249408
568883264791785472
568900016636452864
568909605499215872
568932998051016704
568955060165554176
568959416524886016
568967313598386176
568968480717983744
568986491608834048
568995447768899584
569008329038524417
569017218316369921
569027718626480128
569096764835414016
569165102307545088
569165128366755840
569170590831132672
569178210325430272
569184833361936387
569185684268789761
569191687794270209
569207912251289600
569209016276004864
569209306874122241
569222424236916736
569227063300718593
569246373020717057
569251768770502656
569255493610442752
569257918815539200
569261128532041728
569261236094967808
569267194028298241
569278020441284608
569290361870426112
569301244948324353
569304845091524608
569307917712805889
569313734566547456
569317490276360193
569319188528963584
569322901691707392
569324558999691264
569363221791928320
569363796113764352
569372422509453313
569383892542738432
569488587135295488
569502753694691328
569503512968572928
569507060209090561
569520712379052032
569522307657388032
569531988702576640
569535503827017730
569537571685924864
569544819510345728
569586743831191552
569587157574135808
569589829735821312
569590151657103360
569593694963310593
569596097540132864
569597220871282690
569602069335838720
569610824647626752
569612120758878208
569621879633391616
569638441803075585
569641693726842880
569646005315973120
569650612545187840
569659367001186304
569660698231308290
569664965658972160
569666840370110465
569675979284721665
569677848983801856
569683872046194688
569691438784647168
569713993532600321
569723205142880256
569729821397291008
569733719256272896
569770321563279360
569785074910154752
569785570320195585
569795284764532736
569799402119770113
569829233423360000
569834388919328768
569835312106618880
569836091651592192
569840341899026432
569842758967386112
569846356409339906
569852332797775872
569864693998690304
569866272218836992
569868055502696449
569868207940603904
569881463233097728
569885605401915392
569890258181070848
569891260405665792
569892024708689920
569892361691463682
569894307508965377
569904716328673280
569905534020820992
569905765420441600
569913838746742784
569915972758446080
569917442455175168
569923507263557632
569930406591664128
569935261947330560
569938485844422656
569938945871626240
569943434536091649
569946475163033600
569952929756672001
569954670006763520
569963645402099712
569966609080586240
569973105075990528
569979211722596353
569980631548973057
569983375584272384
569989023478841345
569989971156860928
570000101654925312
570001983408635904
570009252426883072
570015223408668672
570017357747380224
570021301223604224
570022372901847042
570035728832446465
570049195446444033
570060726523584512
570065297568194560
570069236971806720
570083363169669121
570087270524411904
570088135851266048
570109867031191552
570123495180410881
570135557151580160
570175669096882176
570202204281425920
570205323992174592
570210145239592960
570214488739225601
570215359963406337
570215386102292480
570217606025748480
570223703285477376
570226164146397184
570240336519258112
570240647678050304
570242420643917824
570247839563034624
570256329543012352
570257564023128064
570272015598411776
570275944012783616
570284482588246016
570297185704812545
570304873620746240
570305365159632899
570307109704900608
570307369328095232
570309340952993796
567617486703853568
567728227465310208
567738715657609216
567739453884465152
567739553251725312
567742148603170816
567748330734641152
567748407070953472
567754096272224256
567765457731624960
567766512392364032
567768484612816896
567774229249421312
567775776582672384
567783113309585409
567784912011689984
567791323597524992
567802937394655232
567804350040416256
567804488687345665
567806788708626433
567836728100200449
567856355907760128
568030511530172416
568052343922507776
568063182230724608
568093190185566208
568111819325366273
568140506116571136
568148251569999873
568154805362950146
568166479327313920
568169352383602688
568176078595985408
568184231819481088
568199988255330304
568201465958772736
568210483959836672
568215000306724864
568228505160433665
568235890205532160
568255534941544448
568272715519561728
568275123037286400
568302985802956800
568372335012679680
568377392420356096
568387402810728448
568432918110064640
568438094652956673
568438312177762304
568440278853525504
568441968327573504
568448902011224064
568450643175866368
568458701046050816
568460278662193152
568469582295379969
568481515899908096
568482353254928384
568484603658420224
568496176116457472
568527304348942336
568544738032242688
568547007003955200
568559381295407104
568565615327227904
568566331169247232
568583360811016192
568611364803096577
568774192029523969
568776728333541376
568781422804262912
568807908374286336
568815686446788608
568823775745028096
568830255282040832
568830614289252352
568845241526038528
568851512509800448
568852204750135296
568853687130390528
568854401802051584
568858239372103680
568861255731154944
568864796717805568
568865011717705730
568870394708545536
568872291427160065
568878265814949889
568879053496655872
568882014415249408
568883264791785472
568900016636452864
568909605499215872
568932998051016704
568955060165554176
568959416524886016
568967313598386176
568968480717983744
568986491608834048
568995447768899584
569008329038524417
569017218316369921
569027718626480128
569096764835414016
569165102307545088
569165128366755840
569170590831132672
569178210325430272
569184833361936387
569185684268789761
569191687794270209
569207912251289600
569209016276004864
569209306874122241
569222424236916736
569227063300718593
569246373020717057
569251768770502656
569255493610442752
569257918815539200
569261128532041728
569261236094967808
569267194028298241
569278020441284608
569290361870426112
569301244948324353
569304845091524608
569307917712805889
569313734566547456
569317490276360193
569319188528963584
569322901691707392
569324558999691264
569363221791928320
569363796113764352
569372422509453313
569383892542738432
569488587135295488
569502753694691328
569503512968572928
569507060209090561
569520712379052032
569522307657388032
569531988702576640
569535503827017730
569537571685924864
569544819510345728
569586743831191552
569587157574135808
569589829735821312
569590151657103360
569593694963310593
569596097540132864
569597220871282690
569602069335838720
569610824647626752
569612120758878208
569621879633391616
569638441803075585
569641693726842880
569646005315973120
569650612545187840
569659367001186304
569660698231308290
569664965658972160
569666840370110465
569675979284721665
569677848983801856
569683872046194688
569691438784647168
569713993532600321
569723205142880256
569729821397291008
569733719256272896
569770321563279360
569785074910154752
569785570320195585
569795284764532736
569799402119770113
569829233423360000
569834388919328768
569835312106618880
569836091651592192
569840341899026432
569842758967386112
569846356409339906
569852332797775872
569864693998690304
569866272218836992
569868055502696449
569868207940603904
569881463233097728
569885605401915392
569890258181070848
569891260405665792
569892024708689920
569892361691463682
569894307508965377
569904716328673280
569905534020820992
569905765420441600
569913838746742784
569915972758446080
569917442455175168
569923507263557632
569930406591664128
569935261947330560
569938485844422656
569938945871626240
569943434536091649
569946475163033600
569952929756672001
569954670006763520
569963645402099712
569966609080586240
569973105075990528
569979211722596353
569980631548973057
569983375584272384
569989023478841345
569989971156860928
570000101654925312
570001983408635904
570009252426883072
570015223408668672
570017357747380224
570021301223604224
570022372901847042
570035728832446465
570049195446444033
570060726523584512
570065297568194560
570069236971806720
570083363169669121
570087270524411904
570088135851266048
570109867031191552
570123495180410881
570135557151580160
570175669096882176
570202204281425920
570205323992174592
570210145239592960
570214488739225601
570215359963406337
570215386102292480
570217606025748480
570223703285477376
570226164146397184
570240336519258112
570240647678050304
570242420643917824
570247839563034624
570256329543012352
570257564023128064
570272015598411776
570275944012783616
570284482588246016
570297185704812545
570304873620746240
570305365159632899
570307109704900608
570307369328095232
570309340952993796
567617486703853568
567728227465310208
567738715657609216
567739453884465152
567739553251725312
567742148603170816
567748330734641152
567748407070953472
567754096272224256
567765457731624960
567766512392364032
567768484612816896
567774229249421312
567775776582672384
567783113309585409
567784912011689984
567791323597524992
567802937394655232
567804350040416256
567804488687345665
567806788708626433
567836728100200449
567856355907760128
568030511530172416
568052343922507776
568063182230724608
568093190185566208
568111819325366273
568140506116571136
568148251569999873
568154805362950146
568166479327313920
568169352383602688
568176078595985408
568184231819481088
568199988255330304
568201465958772736
568210483959836672
568215000306724864
568228505160433665
568235890205532160
568255534941544448
568272715519561728
568275123037286400
568302985802956800
568372335012679680
568377392420356096
568387402810728448
568432918110064640
568438094652956673
568438312177762304
568440278853525504
568441968327573504
568448902011224064
568450643175866368
568458701046050816
568460278662193152
568469582295379969
568481515899908096
568482353254928384
568484603658420224
568496176116457472
568527304348942336
568544738032242688
568547007003955200
568559381295407104
568565615327227904
568566331169247232
568583360811016192
568611364803096577
568774192029523969
568776728333541376
568781422804262912
568807908374286336
568815686446788608
568823775745028096
568830255282040832
568830614289252352
568845241526038528
568851512509800448
568852204750135296
568853687130390528
568854401802051584
568858239372103680
568861255731154944
568864796717805568
568865011717705730
568870394708545536
568872291427160065
568878265814949889
568879053496655872
568882014415249408
568883264791785472
568900016636452864
568909605499215872
568932998051016704
568955060165554176
568959416524886016
568967313598386176
568968480717983744
568986491608834048
568995447768899584
569008329038524417
569017218316369921
569027718626480128
569096764835414016
569165102307545088
569165128366755840
569170590831132672
569178210325430272
569184833361936387
569185684268789761
569191687794270209
569207912251289600
569209016276004864
569209306874122241
569222424236916736
569227063300718593
569246373020717057
569251768770502656
569255493610442752
569257918815539200
569261128532041728
569261236094967808
569267194028298241
569278020441284608
569290361870426112
569301244948324353
569304845091524608
569307917712805889
569313734566547456
569317490276360193
569319188528963584
569322901691707392
569324558999691264
569363221791928320
569363796113764352
569372422509453313
569383892542738432
569488587135295488
569502753694691328
569503512968572928
569507060209090561
569520712379052032
569522307657388032
569531988702576640
569535503827017730
569537571685924864
569544819510345728
569586743831191552
569587157574135808
569589829735821312
569590151657103360
569593694963310593
569596097540132864
569597220871282690
569602069335838720
569610824647626752
569612120758878208
569621879633391616
569638441803075585
569641693726842880
569646005315973120
569650612545187840
569659367001186304
569660698231308290
569664965658972160
569666840370110465
569675979284721665
569677848983801856
569683872046194688
569691438784647168
569713993532600321
569723205142880256
569729821397291008
569733719256272896
569770321563279360
569785074910154752
569785570320195585
569795284764532736
569799402119770113
569829233423360000
569834388919328768
569835312106618880
569836091651592192
569840341899026432
569842758967386112
569846356409339906
569852332797775872
569864693998690304
569866272218836992
569868055502696449
569868207940603904
569881463233097728
569885605401915392
569890258181070848
569891260405665792
569892024708689920
569892361691463682
569894307508965377
569904716328673280
569905534020820992
569905765420441600
569913838746742784
569915972758446080
569917442455175168
569923507263557632
569930406591664128
569935261947330560
569938485844422656
569938945871626240
569943434536091649
569946475163033600
569952929756672001
569954670006763520
569963645402099712
569966609080586240
569973105075990528
569979211722596353
569980631548973057
569983375584272384
569989023478841345
569989971156860928
570000101654925312
570001983408635904
570009252426883072
570015223408668672
570017357747380224
570021301223604224
570022372901847042
570035728832446465
570049195446444033
570060726523584512
570065297568194560
570069236971806720
570083363169669121
570087270524411904
570088135851266048
570109867031191552
570123495180410881
570135557151580160
570175669096882176
570202204281425920
570205323992174592
570210145239592960
570214488739225601
570215359963406337
570215386102292480
570217606025748480
570223703285477376
570226164146397184
570240336519258112
570240647678050304
570242420643917824
570247839563034624
570256329543012352
570257564023128064
570272015598411776
570275944012783616
570284482588246016
570297185704812545
570304873620746240
570305365159632899
570307109704900608
570307369328095232
570309340952993796
567617486703853568
567728227465310208
567738715657609216
567739453884465152
567739553251725312
567742148603170816
567748330734641152
567748407070953472
567754096272224256
567765457731624960
567766512392364032
567768484612816896
567774229249421312
567775776582672384
567783113309585409
567784912011689984
567791323597524992
567802937394655232
567804350040416256
567804488687345665
567806788708626433
567836728100200449
567856355907760128
568030511530172416
568052343922507776
568063182230724608
568093190185566208
568111819325366273
568140506116571136
568148251569999873
568154805362950146
568166479327313920
568169352383602688
568176078595985408
568184231819481088
568199988255330304
568201465958772736
568210483959836672
568215000306724864
568228505160433665
568235890205532160
568255534941544448
568272715519561728
568275123037286400
568302985802956800
568372335012679680
568377392420356096
568387402810728448
568432918110064640
568438094652956673
568438312177762304
568440278853525504
568441968327573504
568448902011224064
568450643175866368
568458701046050816
568460278662193152
568469582295379969
568481515899908096
568482353254928384
568484603658420224
568496176116457472
568527304348942336
568544738032242688
568547007003955200
568559381295407104
568565615327227904
568566331169247232
568583360811016192
568611364803096577
568774192029523969
568776728333541376
568781422804262912
568807908374286336
568815686446788608
568823775745028096
568830255282040832
568830614289252352
568845241526038528
568851512509800448
568852204750135296
568853687130390528
568854401802051584
568858239372103680
568861255731154944
568864796717805568
568865011717705730
568870394708545536
568872291427160065
568878265814949889
568879053496655872
568882014415249408
568883264791785472
568900016636452864
568909605499215872
568932998051016704
568955060165554176
568959416524886016
568967313598386176
568968480717983744
568986491608834048
568995447768899584
569008329038524417
569017218316369921
569027718626480128
569096764835414016
569165102307545088
569165128366755840
569170590831132672
569178210325430272
569184833361936387
569185684268789761
569191687794270209
569207912251289600
569209016276004864
569209306874122241
569222424236916736
569227063300718593
569246373020717057
569251768770502656
569255493610442752
569257918815539200
569261128532041728
569261236094967808
569267194028298241
569278020441284608
569290361870426112
569301244948324353
569304845091524608
569307917712805889
569313734566547456
569317490276360193
569319188528963584
569322901691707392
569324558999691264
569363221791928320
569363796113764352
569372422509453313
569383892542738432
569488587135295488
569502753694691328
569503512968572928
569507060209090561
569520712379052032
569522307657388032
569531988702576640
569535503827017730
569537571685924864
569544819510345728
569586743831191552
569587157574135808
569589829735821312
569590151657103360
569593694963310593
569596097540132864
569597220871282690
569602069335838720
569610824647626752
569612120758878208
569621879633391616
569638441803075585
569641693726842880
569646005315973120
569650612545187840
569659367001186304
569660698231308290
569664965658972160
569666840370110465
569675979284721665
569677848983801856
569683872046194688
569691438784647168
569713993532600321
569723205142880256
569729821397291008
569733719256272896
569770321563279360
569785074910154752
569785570320195585
569795284764532736
569799402119770113
569829233423360000
569834388919328768
569835312106618880
569836091651592192
569840341899026432
569842758967386112
569846356409339906
569852332797775872
569864693998690304
569866272218836992
569868055502696449
569868207940603904
569881463233097728
569885605401915392
569890258181070848
569891260405665792
569892024708689920
569892361691463682
569894307508965377
569904716328673280
569905534020820992
569905765420441600
569913838746742784
569915972758446080
569917442455175168
569923507263557632
569930406591664128
569935261947330560
569938485844422656
569938945871626240
569943434536091649
569946475163033600
569952929756672001
569954670006763520
569963645402099712
569966609080586240
569973105075990528
569979211722596353
569980631548973057
569983375584272384
569989023478841345
569989971156860928
570000101654925312
570001983408635904
570009252426883072
570015223408668672
570017357747380224
570021301223604224
570022372901847042
570035728832446465
570049195446444033
570060726523584512
570065297568194560
570069236971806720
570083363169669121
570087270524411904
570088135851266048
570109867031191552
570123495180410881
570135557151580160
570175669096882176
570202204281425920
570205323992174592
570210145239592960
570214488739225601
570215359963406337
570215386102292480
570217606025748480
570223703285477376
570226164146397184
570240336519258112
570240647678050304
570242420643917824
570247839563034624
570256329543012352
570257564023128064
570272015598411776
570275944012783616
570284482588246016
570297185704812545
570304873620746240
570305365159632899
570307109704900608
570307369328095232
570309340952993796
567617486703853568
567728227465310208
567738715657609216
567739453884465152
567739553251725312
567742148603170816
567748330734641152
567748407070953472
567754096272224256
567765457731624960
567766512392364032
567768484612816896
567774229249421312
567775776582672384
567783113309585409
567784912011689984
567791323597524992
567802937394655232
567804350040416256
567804488687345665
567806788708626433
567836728100200449
567856355907760128
568030511530172416
568052343922507776
568063182230724608
568093190185566208
568111819325366273
568140506116571136
568148251569999873
568154805362950146
568166479327313920
568169352383602688
568176078595985408
568184231819481088
568199988255330304
568201465958772736
568210483959836672
568215000306724864
568228505160433665
568235890205532160
568255534941544448
568272715519561728
568275123037286400
568302985802956800
568372335012679680
568377392420356096
568387402810728448
568432918110064640
568438094652956673
568438312177762304
568440278853525504
568441968327573504
568448902011224064
568450643175866368
568458701046050816
568460278662193152
568469582295379969
568481515899908096
568482353254928384
568484603658420224
568496176116457472
568527304348942336
568544738032242688
568547007003955200
568559381295407104
568565615327227904
568566331169247232
568583360811016192
568611364803096577
568774192029523969
568776728333541376
568781422804262912
568807908374286336
568815686446788608
568823775745028096
568830255282040832
568830614289252352
568845241526038528
568851512509800448
568852204750135296
568853687130390528
568854401802051584
568858239372103680
568861255731154944
568864796717805568
568865011717705730
568870394708545536
568872291427160065
568878265814949889
568879053496655872
568882014415249408
568883264791785472
568900016636452864
568909605499215872
568932998051016704
568955060165554176
568959416524886016
568967313598386176
568968480717983744
568986491608834048
568995447768899584
569008329038524417
569017218316369921
569027718626480128
569096764835414016
569165102307545088
569165128366755840
569170590831132672
569178210325430272
569184833361936387
569185684268789761
569191687794270209
569207912251289600
569209016276004864
569209306874122241
569222424236916736
569227063300718593
569246373020717057
569251768770502656
569255493610442752
569257918815539200
569261128532041728
569261236094967808
569267194028298241
569278020441284608
569290361870426112
569301244948324353
569304845091524608
569307917712805889
569313734566547456
569317490276360193
569319188528963584
569322901691707392
569324558999691264
569363221791928320
569363796113764352
569372422509453313
569383892542738432
569488587135295488
569502753694691328
569503512968572928
569507060209090561
569520712379052032
569522307657388032
569531988702576640
569535503827017730
569537571685924864
569544819510345728
569586743831191552
569587157574135808
569589829735821312
569590151657103360
569593694963310593
569596097540132864
569597220871282690
569602069335838720
569610824647626752
569612120758878208
569621879633391616
569638441803075585
569641693726842880
569646005315973120
569650612545187840
569659367001186304
569660698231308290
569664965658972160
569666840370110465
569675979284721665
569677848983801856
569683872046194688
569691438784647168
569713993532600321
569723205142880256
569729821397291008
569733719256272896
569770321563279360
569785074910154752
569785570320195585
569795284764532736
569799402119770113
569829233423360000
569834388919328768
569835312106618880
569836091651592192
569840341899026432
569842758967386112
569846356409339906
569852332797775872
569864693998690304
569866272218836992
569868055502696449
569868207940603904
569881463233097728
569885605401915392
569890258181070848
569891260405665792
569892024708689920
569892361691463682
569894307508965377
569904716328673280
569905534020820992
569905765420441600
569913838746742784
569915972758446080
569917442455175168
569923507263557632
569930406591664128
569935261947330560
569938485844422656
569938945871626240
569943434536091649
569946475163033600
569952929756672001
569954670006763520
569963645402099712
569966609080586240
569973105075990528
569979211722596353
569980631548973057
569983375584272384
569989023478841345
569989971156860928
570000101654925312
570001983408635904
570009252426883072
570015223408668672
570017357747380224
570021301223604224
570022372901847042
570035728832446465
570049195446444033
570060726523584512
570065297568194560
570069236971806720
570083363169669121
570087270524411904
570088135851266048
570109867031191552
570123495180410881
570135557151580160
570175669096882176
570202204281425920
570205323992174592
570210145239592960
570214488739225601
570215359963406337
570215386102292480
570217606025748480
570223703285477376
570226164146397184
570240336519258112
570240647678050304
570242420643917824
570247839563034624
570256329543012352
570257564023128064
570272015598411776
570275944012783616
570284482588246016
570297185704812545
570304873620746240
570305365159632899
570307109704900608
570307369328095232
570309340952993796
567617486703853568
567728227465310208
567738715657609216
567739453884465152
567739553251725312
567742148603170816
567748330734641152
567748407070953472
567754096272224256
567765457731624960
567766512392364032
567768484612816896
567774229249421312
567775776582672384
567783113309585409
567784912011689984
567791323597524992
567802937394655232
567804350040416256
567804488687345665
567806788708626433
567836728100200449
567856355907760128
568030511530172416
568052343922507776
568063182230724608
568093190185566208
568111819325366273
568140506116571136
568148251569999873
568154805362950146
568166479327313920
568169352383602688
568176078595985408
568184231819481088
568199988255330304
568201465958772736
568210483959836672
568215000306724864
568228505160433665
568235890205532160
568255534941544448
568272715519561728
568275123037286400
568302985802956800
568372335012679680
568377392420356096
568387402810728448
568432918110064640
568438094652956673
568438312177762304
568440278853525504
568441968327573504
568448902011224064
568450643175866368
568458701046050816
568460278662193152
568469582295379969
568481515899908096
568482353254928384
568484603658420224
568496176116457472
568527304348942336
568544738032242688
568547007003955200
568559381295407104
568565615327227904
568566331169247232
568583360811016192
568611364803096577
568774192029523969
568776728333541376
568781422804262912
568807908374286336
568815686446788608
568823775745028096
568830255282040832
568830614289252352
568845241526038528
568851512509800448
568852204750135296
568853687130390528
568854401802051584
568858239372103680
568861255731154944
568864796717805568
568865011717705730
568870394708545536
568872291427160065
568878265814949889
568879053496655872
568882014415249408
568883264791785472
568900016636452864
568909605499215872
568932998051016704
568955060165554176
568959416524886016
568967313598386176
568968480717983744
568986491608834048
568995447768899584
569008329038524417
569017218316369921
569027718626480128
569096764835414016
569165102307545088
569165128366755840
569170590831132672
569178210325430272
569184833361936387
569185684268789761
569191687794270209
569207912251289600
569209016276004864
569209306874122241
569222424236916736
569227063300718593
569246373020717057
569251768770502656
569255493610442752
569257918815539200
569261128532041728
569261236094967808
569267194028298241
569278020441284608
569290361870426112
569301244948324353
569304845091524608
569307917712805889
569313734566547456
569317490276360193
569319188528963584
569322901691707392
569324558999691264
569363221791928320
569363796113764352
569372422509453313
569383892542738432
569488587135295488
569502753694691328
569503512968572928
569507060209090561
569520712379052032
569522307657388032
569531988702576640
569535503827017730
569537571685924864
569544819510345728
569586743831191552
569587157574135808
569589829735821312
569590151657103360
569593694963310593
569596097540132864
569597220871282690
569602069335838720
569610824647626752
569612120758878208
569621879633391616
569638441803075585
569641693726842880
569646005315973120
569650612545187840
569659367001186304
569660698231308290
569664965658972160
569666840370110465
569675979284721665
569677848983801856
569683872046194688
569691438784647168
569713993532600321
569723205142880256
569729821397291008
569733719256272896
569770321563279360
569785074910154752
569785570320195585
569795284764532736
569799402119770113
569829233423360000
569834388919328768
569835312106618880
569836091651592192
569840341899026432
569842758967386112
569846356409339906
569852332797775872
569864693998690304
569866272218836992
569868055502696449
569868207940603904
569881463233097728
569885605401915392
569890258181070848
569891260405665792
569892024708689920
569892361691463682
569894307508965377
569904716328673280
569905534020820992
569905765420441600
569913838746742784
569915972758446080
569917442455175168
569923507263557632
569930406591664128
569935261947330560
569938485844422656
569938945871626240
569943434536091649
569946475163033600
569952929756672001
569954670006763520
569963645402099712
569966609080586240
569973105075990528
569979211722596353
569980631548973057
569983375584272384
569989023478841345
569989971156860928
570000101654925312
570001983408635904
570009252426883072
570015223408668672
570017357747380224
570021301223604224
570022372901847042
570035728832446465
570049195446444033
570060726523584512
570065297568194560
570069236971806720
570083363169669121
570087270524411904
570088135851266048
570109867031191552
570123495180410881
570135557151580160
570175669096882176
570202204281425920
570205323992174592
570210145239592960
570214488739225601
570215359963406337
570215386102292480
570217606025748480
570223703285477376
570226164146397184
570240336519258112
570240647678050304
570242420643917824
570247839563034624
570256329543012352
570257564023128064
570272015598411776
570275944012783616
570284482588246016
570297185704812545
570304873620746240
570305365159632899
570307109704900608
570307369328095232
570309340952993796
