567594449874587648
567811093369790464
567830991491997696
567847120990048256
568152817656930305
568163524314144768
568185339245756416
568444359391252480
568586894776406017
568677786329735168
568827397103099904
568877085479071744
569212300265017345
569342641571291136
569491295766343681
569555930028748800
569587048811761664
569604659712811009
569605699308818432
569613265631780865
569658322732756992
569687874288914432
569693430902861824
567594449874587648
567811093369790464
567830991491997696
567847120990048256
568152817656930305
568163524314144768
568185339245756416
568444359391252480
568586894776406017
568677786329735168
568827397103099904
568877085479071744
569212300265017345
569342641571291136
569491295766343681
569555930028748800
569587048811761664
569604659712811009
569605699308818432
569613265631780865
569658322732756992
569687874288914432
569693430902861824
567594449874587648
567811093369790464
567830991491997696
567847120990048256
568152817656930305
568163524314144768
568185339245756416
568444359391252480
568586894776406017
568677786329735168
568827397103099904
568877085479071744
569212300265017345
569342641571291136
569491295766343681
569555930028748800
569587048811761664
569604659712811009
569605699308818432
569613265631780865
569658322732756992
569687874288914432
569693430902861824
569987608912142337
570021329065394176
570047737347088384
570058699676520448
570059462976917507
570060752926728192
570224962184867840
