567874505881845760
568081401053974528
568211021497638912
568216196132302848
568255867751165952
568440058895863808
568458185071132672
568791283575201792
568820729879367680
568959665360384000
569261063406882816
569368621077692417
569608446586200064
569661926067736576
567874505881845760
568081401053974528
568211021497638912
568216196132302848
568255867751165952
568440058895863808
568458185071132672
568791283575201792
568820729879367680
568959665360384000
569261063406882816
569368621077692417
569608446586200064
569661926067736576
567874505881845760
568081401053974528
568211021497638912
568216196132302848
568255867751165952
568440058895863808
568458185071132672
568791283575201792
568820729879367680
568959665360384000
569261063406882816
569368621077692417
569608446586200064
569661926067736576
569872009380941825
567874505881845760
568081401053974528
568211021497638912
568216196132302848
568255867751165952
568440058895863808
568458185071132672
568791283575201792
568820729879367680
568959665360384000
569261063406882816
569368621077692417
569608446586200064
569661926067736576
569872009380941825
567874505881845760
568081401053974528
568211021497638912
568216196132302848
568255867751165952
568440058895863808
568458185071132672
568791283575201792
568820729879367680
568959665360384000
569261063406882816
569368621077692417
569608446586200064
569661926067736576
569872009380941825
567874505881845760
568081401053974528
568211021497638912
568216196132302848
568255867751165952
568440058895863808
568458185071132672
568791283575201792
568820729879367680
568959665360384000
569261063406882816
569368621077692417
569608446586200064
569661926067736576
569872009380941825
567874505881845760
568081401053974528
568211021497638912
568216196132302848
568255867751165952
568440058895863808
568458185071132672
568791283575201792
568820729879367680
568959665360384000
569261063406882816
569368621077692417
569608446586200064
569661926067736576
569872009380941825
567874505881845760
568081401053974528
568211021497638912
568216196132302848
568255867751165952
568440058895863808
568458185071132672
568791283575201792
568820729879367680
568959665360384000
569261063406882816
569368621077692417
569608446586200064
569661926067736576
569872009380941825
