568084748020649984
568085571509334016
568104783061520384
568107670177239040
568180422070247424
568187577909563392
568429136584286209
568430198254747649
568621122368851968
568622422309482496
568624572985004033
568658885361438720
568781747128803328
568836616166313984
568913108153946112
568942133698146306
568971982554963969
569558600353390592
568084748020649984
568085571509334016
568104783061520384
568107670177239040
568180422070247424
568187577909563392
568429136584286209
568430198254747649
568621122368851968
568622422309482496
568624572985004033
568658885361438720
568781747128803328
568836616166313984
568913108153946112
568942133698146306
568971982554963969
569558600353390592
568084748020649984
568085571509334016
568104783061520384
568107670177239040
568180422070247424
568187577909563392
568429136584286209
568430198254747649
568621122368851968
568622422309482496
568624572985004033
568658885361438720
568781747128803328
568836616166313984
568913108153946112
568942133698146306
568971982554963969
569558600353390592
568084748020649984
568085571509334016
568104783061520384
568107670177239040
568180422070247424
568187577909563392
568429136584286209
568430198254747649
568621122368851968
568622422309482496
568624572985004033
568658885361438720
568781747128803328
568836616166313984
568913108153946112
568942133698146306
568971982554963969
569558600353390592
568084748020649984
568085571509334016
568104783061520384
568107670177239040
568180422070247424
568187577909563392
568429136584286209
568430198254747649
568621122368851968
568622422309482496
568624572985004033
568658885361438720
568781747128803328
568836616166313984
568913108153946112
568942133698146306
568971982554963969
569558600353390592
568084748020649984
568085571509334016
568104783061520384
568107670177239040
568180422070247424
568187577909563392
568429136584286209
568430198254747649
568621122368851968
568622422309482496
568624572985004033
568658885361438720
568781747128803328
568836616166313984
568913108153946112
568942133698146306
568971982554963969
569558600353390592
568084748020649984
568085571509334016
568104783061520384
568107670177239040
568180422070247424
568187577909563392
568429136584286209
568430198254747649
568621122368851968
568622422309482496
568624572985004033
568658885361438720
568781747128803328
568836616166313984
568913108153946112
568942133698146306
568971982554963969
569558600353390592
568084748020649984
568085571509334016
568104783061520384
568107670177239040
568180422070247424
568187577909563392
568429136584286209
568430198254747649
568621122368851968
568622422309482496
568624572985004033
568658885361438720
568781747128803328
568836616166313984
568913108153946112
568942133698146306
568971982554963969
569558600353390592
