567696188602712064
567713868747902976
567728229340172288
567728800864010242
567736870365171713
567738171215994880
567743200614289408
567744842935980032
567756963329867776
567760331829559296
567776364351074304
567778703959408641
567802111321444352
567803306928775168
567804923782627330
567806898549051392
567811918711504896
567812841081688064
567873229055991808
567887301021413376
567888186967470080
567905194563997696
567905267033055233
567909745211879424
567918173992910848
568062811856703489
568105932917481472
568116996761452544
568157757406183424
568159483786084352
568164721406418945
568165349004316672
568166268546748416
568215307170521088
568216890918637568
568238725626355712
568241989453393920
568267340405542914
568373807414714369
568382780251480064
568474546275287040
568482893913333762
568491460250742784
568494749247778816
568502210268692480
568522744356212738
568552263641210881
568558484653883392
568562512284659713
568574188086296576
568574614110117888
568594726317887488
568607425047240704
568652138915766272
568671211430891520
568678961229762560
568716015338717184
568762393083449345
568782924302065665
568823689422053376
568840215089041409
568843696105496577
568856846523502594
568874496507174912
568877353478299648
568878979576410112
568883988338581504
568902492118888448
568927631103696896
568928251554299906
568948170060746752
568963398781808640
568965309505380352
568982821454245888
569030858759213056
569120836264853505
569125033509048320
569140808227672064
569143944266833920
569154129362186240
569163241781403648
569164415322492928
569164871465439232
569171651381702657
569190933297807360
569213503954915329
569232748663214080
569242387878428672
569247394002563072
569252439548952576
569270012894060545
569272359334453249
569294326259253248
569301330306699264
569301745219850241
569329378061979648
569339928678522880
569351289026568192
569352559598682112
569352847898386432
569357810867138560
569365818229829632
569368523178270721
569374127187820545
569436595746684929
569471837614137344
569475909226401792
569481897203494914
569489006955769856
569497791623512065
569504232971362304
569504866260930560
569515688898875393
569520929128251392
569533202835984385
569558713079443456
569559370104639488
569568079761403904
569574646229684224
569576236541825024
569592674400907264
569596783011217408
569598457809276928
569601275672829952
569601913832022016
569607757784952832
569608282442047488
569619001820590081
569620017840398337
569621698905022464
569624798860587008
569624948190261249
569627069463842816
569628494214225922
569635479383085056
569636454869151744
569643301332258817
569643388611330048
569644716343455744
569644902637813761
569645582387556352
569645701291843584
569647082870415361
569649433635368961
569652313813430273
569652510950100992
569660666014859264
569665766628286464
569666042672369665
569666115477098496
569666679963312129
569669603443519490
569669786810114048
569679871707783168
569682751063924736
569682818306953216
569685746723848193
569687374193680384
569698085821001728
569698519742861312
569698949474291713
569709452594524160
569718807939428354
569724056645140480
569727628766281728
569735461033213952
569740409787658240
569747280552538112
569748937545883648
569756967935148032
569801089022734336
569801303204851713
569817130801221632
567696188602712064
567713868747902976
567728229340172288
567728800864010242
567736870365171713
567738171215994880
567743200614289408
567744842935980032
567756963329867776
567760331829559296
567776364351074304
567778703959408641
567802111321444352
567803306928775168
567804923782627330
567806898549051392
567811918711504896
567812841081688064
567873229055991808
567887301021413376
567888186967470080
567905194563997696
567905267033055233
567909745211879424
567918173992910848
568062811856703489
568105932917481472
568116996761452544
568157757406183424
568159483786084352
568164721406418945
568165349004316672
568166268546748416
568215307170521088
568216890918637568
568238725626355712
568241989453393920
568267340405542914
568373807414714369
568382780251480064
568474546275287040
568482893913333762
568491460250742784
568494749247778816
568502210268692480
568522744356212738
568552263641210881
568558484653883392
568562512284659713
568574188086296576
568574614110117888
568594726317887488
568607425047240704
568652138915766272
568671211430891520
568678961229762560
568716015338717184
568762393083449345
568782924302065665
568823689422053376
568840215089041409
568843696105496577
568856846523502594
568874496507174912
568877353478299648
568878979576410112
568883988338581504
568902492118888448
568927631103696896
568928251554299906
568948170060746752
568963398781808640
568965309505380352
568982821454245888
569030858759213056
569120836264853505
569125033509048320
569140808227672064
569143944266833920
569154129362186240
569163241781403648
569164415322492928
569164871465439232
569171651381702657
569190933297807360
569213503954915329
569232748663214080
569242387878428672
569247394002563072
569252439548952576
569270012894060545
569272359334453249
569294326259253248
569301330306699264
569301745219850241
569329378061979648
569339928678522880
569351289026568192
569352559598682112
569352847898386432
569357810867138560
569365818229829632
569368523178270721
569374127187820545
569436595746684929
569471837614137344
569475909226401792
569481897203494914
569489006955769856
569497791623512065
569504232971362304
569504866260930560
569515688898875393
569520929128251392
569533202835984385
569558713079443456
569559370104639488
569568079761403904
569574646229684224
569576236541825024
569592674400907264
569596783011217408
569598457809276928
569601275672829952
569601913832022016
569607757784952832
569608282442047488
569619001820590081
569620017840398337
569621698905022464
569624798860587008
569624948190261249
569627069463842816
569628494214225922
569635479383085056
569636454869151744
569643301332258817
569643388611330048
569644716343455744
569644902637813761
569645582387556352
569645701291843584
569647082870415361
569649433635368961
569652313813430273
569652510950100992
569660666014859264
569665766628286464
569666042672369665
569666115477098496
569666679963312129
569669603443519490
569669786810114048
569679871707783168
569682751063924736
569682818306953216
569685746723848193
569687374193680384
569698085821001728
569698519742861312
569698949474291713
569709452594524160
569718807939428354
569724056645140480
569727628766281728
569735461033213952
569740409787658240
569747280552538112
569748937545883648
569756967935148032
569801089022734336
569801303204851713
569817130801221632
569823770308939776
567696188602712064
567713868747902976
567728229340172288
567728800864010242
567736870365171713
567738171215994880
567743200614289408
567744842935980032
567756963329867776
567760331829559296
567776364351074304
567778703959408641
567802111321444352
567803306928775168
567804923782627330
567806898549051392
567811918711504896
567812841081688064
567873229055991808
567887301021413376
567888186967470080
567905194563997696
567905267033055233
567909745211879424
567918173992910848
568062811856703489
568105932917481472
568116996761452544
568157757406183424
568159483786084352
568164721406418945
568165349004316672
568166268546748416
568215307170521088
568216890918637568
568238725626355712
568241989453393920
568267340405542914
568373807414714369
568382780251480064
568474546275287040
568482893913333762
568491460250742784
568494749247778816
568502210268692480
568522744356212738
568552263641210881
568558484653883392
568562512284659713
568574188086296576
568574614110117888
568594726317887488
568607425047240704
568652138915766272
568671211430891520
568678961229762560
568716015338717184
568762393083449345
568782924302065665
568823689422053376
568840215089041409
568843696105496577
568856846523502594
568874496507174912
568877353478299648
568878979576410112
568883988338581504
568902492118888448
568927631103696896
568928251554299906
568948170060746752
568963398781808640
568965309505380352
568982821454245888
569030858759213056
569120836264853505
569125033509048320
569140808227672064
569143944266833920
569154129362186240
569163241781403648
569164415322492928
569164871465439232
569171651381702657
569190933297807360
569213503954915329
569232748663214080
569242387878428672
569247394002563072
569252439548952576
569270012894060545
569272359334453249
569294326259253248
569301330306699264
569301745219850241
569329378061979648
569339928678522880
569351289026568192
569352559598682112
569352847898386432
569357810867138560
569365818229829632
569368523178270721
569374127187820545
569436595746684929
569471837614137344
569475909226401792
569481897203494914
569489006955769856
569497791623512065
569504232971362304
569504866260930560
569515688898875393
569520929128251392
569533202835984385
569558713079443456
569559370104639488
569568079761403904
569574646229684224
569576236541825024
569592674400907264
569596783011217408
569598457809276928
569601275672829952
569601913832022016
569607757784952832
569608282442047488
569619001820590081
569620017840398337
569621698905022464
569624798860587008
569624948190261249
569627069463842816
569628494214225922
569635479383085056
569636454869151744
569643301332258817
569643388611330048
569644716343455744
569644902637813761
569645582387556352
569645701291843584
569647082870415361
569649433635368961
569652313813430273
569652510950100992
569660666014859264
569665766628286464
569666042672369665
569666115477098496
569666679963312129
569669603443519490
569669786810114048
569679871707783168
569682751063924736
569682818306953216
569685746723848193
569687374193680384
569698085821001728
569698519742861312
569698949474291713
569709452594524160
569718807939428354
569724056645140480
569727628766281728
569735461033213952
569740409787658240
569747280552538112
569748937545883648
569756967935148032
569801089022734336
569801303204851713
569817130801221632
569823770308939776
569846678351540224
569847920192655361
569851299916869633
569852334324518912
569852380327612416
569868010665611265
569870252508635136
569874150636048384
569876325588197377
569877197093097472
569881004262989824
569881062169567232
569881548515708928
569882324713783296
569891023335387136
569908990118723584
569910299983130625
569910971222892545
569923730614460416
569926843853185024
569935531213086721
569936565138403328
569940889902034944
569940989403635712
569941082420568064
569946703522091008
569956170393194496
569956192111316992
569967493487292416
569972422130032640
569975175321653248
569976131748823040
569977492720779264
569981899332059136
570011533205336064
570013289188630529
570022626724220928
570023530466840576
570042339575640066
570055898367799296
570070877351469057
570175461298475008
570199267668676609
570232671353376769
570235609933078529
570244720229797889
570245513720647680
570249806540451843
570254375081414656
570254579578720256
570257317859610624
570262096094498816
570265280674459648
570267066919313408
570268646544510976
570273378403102720
570276196405125120
570276917301137409
570286882623369217
570290034009636865
570304244001193984
570306529947193344
570307026263384064
