567818953881419776
568258906159501312
568380045431058432
568511969335984128
568574014505029632
568951601777512448
569242046621491200
569283511192051712
569310115377102850
569341821505163264
569359780491476992
569494748341407744
569627480425766912
567818953881419776
568258906159501312
568380045431058432
568511969335984128
568574014505029632
568951601777512448
569242046621491200
569283511192051712
569310115377102850
569341821505163264
569359780491476992
569494748341407744
569627480425766912
567818953881419776
568258906159501312
568380045431058432
568511969335984128
568574014505029632
568951601777512448
569242046621491200
569283511192051712
569310115377102850
569341821505163264
569359780491476992
569494748341407744
569627480425766912
569860371626004480
569879528891416577
569914808339836928
569951021398683650
570177697814425600
570299252141903873
