569202715571703808
569596652622721024
569202715571703808
569596652622721024
569202715571703808
569596652622721024
569966440381595648
570020852210774016
569202715571703808
569596652622721024
569966440381595648
570020852210774016
569202715571703808
569596652622721024
569966440381595648
570020852210774016
569202715571703808
569596652622721024
569966440381595648
570020852210774016
569202715571703808
569596652622721024
569966440381595648
570020852210774016
569202715571703808
569596652622721024
569966440381595648
570020852210774016
