567671602280923136
567717985092395008
567737962541375490
567752542491516928
567759608643452929
567780392179351553
567805001050890240
567818690096541696
567823510245236739
567861727833894913
567862181208805376
567864939349557248
567867168429182976
567875130824658946
568087713972236289
568107310117212161
568112842261594112
568116430966648833
568135153903656960
568157857151102976
568188243713372161
568188595456118785
568231913040814080
568240532746473472
568251315220041728
568433759919452160
568456567835619328
568506661373145089
568514819369754624
568582374549807104
568597262378655744
568619609101721601
568626368373780481
568648777315147777
568656507480481792
568735994838589441
568752951164063745
568760283864416257
568782924302065665
568820729879367680
568829852721106944
568843439107919872
568891233386561537
568894805914169345
568929979981033472
568944054303625217
568963398781808640
569025401906794496
569116399039344640
569121160149012480
569125711556042752
569154503188070400
569202656486432768
569250176369471489
569262680965402624
569317718886903809
569538524321419265
569584372820647936
569640163393073152
569657504273027073
569663725172436992
569683334311366656
569688901922615296
569697662494121984
569730682949398528
569730747675897856
569731104070115329
569753041420865536
569810990189191168
567671602280923136
567717985092395008
567737962541375490
567752542491516928
567759608643452929
567780392179351553
567805001050890240
567818690096541696
567823510245236739
567861727833894913
567862181208805376
567864939349557248
567867168429182976
567875130824658946
568087713972236289
568107310117212161
568112842261594112
568116430966648833
568135153903656960
568157857151102976
568188243713372161
568188595456118785
568231913040814080
568240532746473472
568251315220041728
568433759919452160
568456567835619328
568506661373145089
568514819369754624
568582374549807104
568597262378655744
568619609101721601
568626368373780481
568648777315147777
568656507480481792
568735994838589441
568752951164063745
568760283864416257
568782924302065665
568820729879367680
568829852721106944
568843439107919872
568891233386561537
568894805914169345
568929979981033472
568944054303625217
568963398781808640
569025401906794496
569116399039344640
569121160149012480
569125711556042752
569154503188070400
569202656486432768
569250176369471489
569262680965402624
569317718886903809
569538524321419265
569584372820647936
569640163393073152
569657504273027073
569663725172436992
569683334311366656
569688901922615296
569697662494121984
569730682949398528
569730747675897856
569731104070115329
569753041420865536
569810990189191168
567671602280923136
567717985092395008
567737962541375490
567752542491516928
567759608643452929
567780392179351553
567805001050890240
567818690096541696
567823510245236739
567861727833894913
567862181208805376
567864939349557248
567867168429182976
567875130824658946
568087713972236289
568107310117212161
568112842261594112
568116430966648833
568135153903656960
568157857151102976
568188243713372161
568188595456118785
568231913040814080
568240532746473472
568251315220041728
568433759919452160
568456567835619328
568506661373145089
568514819369754624
568582374549807104
568597262378655744
568619609101721601
568626368373780481
568648777315147777
568656507480481792
568735994838589441
568752951164063745
568760283864416257
568782924302065665
568820729879367680
568829852721106944
568843439107919872
568891233386561537
568894805914169345
568929979981033472
568944054303625217
568963398781808640
569025401906794496
569116399039344640
569121160149012480
569125711556042752
569154503188070400
569202656486432768
569250176369471489
569262680965402624
569317718886903809
569538524321419265
569584372820647936
569640163393073152
569657504273027073
569663725172436992
569683334311366656
569688901922615296
569697662494121984
569730682949398528
569730747675897856
569731104070115329
569753041420865536
569810990189191168
569851178982338563
569862869241765888
569865190822572033
569870075316064256
569879818063507457
569885201293307905
569908628141920256
569909756493746176
569937806518169600
569938322161668096
569960248548593665
569960311022850048
569976131748823040
570011417249759233
570058262743101440
570077011324096514
570079549914005504
570084217301962752
570092196247969796
570159741441335296
570223851570909185
570278644918194176
570295459631263746
570304912468402177
