567808424696893440
567816475898310656
568592520659267584
568797401772892161
568913508936458240
569253190551498752
569253414971899905
569349274049368064
569490499377061888
569521101736439809
567808424696893440
567816475898310656
568592520659267584
568797401772892161
568913508936458240
569253190551498752
569253414971899905
569349274049368064
569490499377061888
569521101736439809
567808424696893440
567816475898310656
568592520659267584
568797401772892161
568913508936458240
569253190551498752
569253414971899905
569349274049368064
569490499377061888
569521101736439809
569899917935714305
569925362471211008
570004771496714241
570240043022991361
570299182310944768
567808424696893440
567816475898310656
568592520659267584
568797401772892161
568913508936458240
569253190551498752
569253414971899905
569349274049368064
569490499377061888
569521101736439809
569899917935714305
569925362471211008
570004771496714241
570240043022991361
570299182310944768
567808424696893440
567816475898310656
568592520659267584
568797401772892161
568913508936458240
569253190551498752
569253414971899905
569349274049368064
569490499377061888
569521101736439809
569899917935714305
569925362471211008
570004771496714241
570240043022991361
570299182310944768
567808424696893440
567816475898310656
568592520659267584
568797401772892161
568913508936458240
569253190551498752
569253414971899905
569349274049368064
569490499377061888
569521101736439809
569899917935714305
569925362471211008
570004771496714241
570240043022991361
570299182310944768
567808424696893440
567816475898310656
568592520659267584
568797401772892161
568913508936458240
569253190551498752
569253414971899905
569349274049368064
569490499377061888
569521101736439809
569899917935714305
569925362471211008
570004771496714241
570240043022991361
570299182310944768
567808424696893440
567816475898310656
568592520659267584
568797401772892161
568913508936458240
569253190551498752
569253414971899905
569349274049368064
569490499377061888
569521101736439809
569899917935714305
569925362471211008
570004771496714241
570240043022991361
570299182310944768
