567820713156943872
567822648047321088
569015379021795328
569016065600008193
569275249725870080
569594402114392064
569657763069952001
569745528382038016
569747280552538112
567820713156943872
567822648047321088
569015379021795328
569016065600008193
569275249725870080
569594402114392064
569657763069952001
569745528382038016
569747280552538112
567820713156943872
567822648047321088
569015379021795328
569016065600008193
569275249725870080
569594402114392064
569657763069952001
569745528382038016
569747280552538112
569857805483675648
569858012967542786
569858278370516992
569948345583562752
567820713156943872
567822648047321088
569015379021795328
569016065600008193
569275249725870080
569594402114392064
569657763069952001
569745528382038016
569747280552538112
569857805483675648
569858012967542786
569858278370516992
569948345583562752
567820713156943872
567822648047321088
569015379021795328
569016065600008193
569275249725870080
569594402114392064
569657763069952001
569745528382038016
569747280552538112
569857805483675648
569858012967542786
569858278370516992
569948345583562752
567820713156943872
567822648047321088
569015379021795328
569016065600008193
569275249725870080
569594402114392064
569657763069952001
569745528382038016
569747280552538112
569857805483675648
569858012967542786
569858278370516992
569948345583562752
567820713156943872
567822648047321088
569015379021795328
569016065600008193
569275249725870080
569594402114392064
569657763069952001
569745528382038016
569747280552538112
569857805483675648
569858012967542786
569858278370516992
569948345583562752
567820713156943872
567822648047321088
569015379021795328
569016065600008193
569275249725870080
569594402114392064
569657763069952001
569745528382038016
569747280552538112
569857805483675648
569858012967542786
569858278370516992
569948345583562752
