569345693770502144
569508707178057728
569589379385008129
569719964023853056
569345693770502144
569508707178057728
569589379385008129
569719964023853056
569345693770502144
569508707178057728
569589379385008129
569719964023853056
569345693770502144
569508707178057728
569589379385008129
569719964023853056
569345693770502144
569508707178057728
569589379385008129
569719964023853056
569345693770502144
569508707178057728
569589379385008129
569719964023853056
569345693770502144
569508707178057728
569589379385008129
569719964023853056
569345693770502144
569508707178057728
569589379385008129
569719964023853056
