567729414822449152
567742912579272704
567752680514330624
567757897841385473
567761297879646208
567807693534031872
567818961716387840
567862586374529026
567862628460158976
567872182136619008
567892508987908096
568018490331930625
568090000199270400
568128236649095168
568258846235316225
568448902011224064
568454161962049536
568468372524023808
568602701623218177
568652355346022400
568764059732058112
568815660815519744
568827958527275008
568963494390820864
568969667106045952
568983296018751491
569006044782800896
569155666440355840
569230997650214913
569271020395241472
569286569548320769
569288052725694464
569540659209596928
569561062749700097
569597220871282690
569599532268449792
569666885035409408
569696666611261440
569717739113320448
569747046338588672
569801797851697152
569815690531758082
567729414822449152
567742912579272704
567752680514330624
567757897841385473
567761297879646208
567807693534031872
567818961716387840
567862586374529026
567862628460158976
567872182136619008
567892508987908096
568018490331930625
568090000199270400
568128236649095168
568258846235316225
568448902011224064
568454161962049536
568468372524023808
568602701623218177
568652355346022400
568764059732058112
568815660815519744
568827958527275008
568963494390820864
568969667106045952
568983296018751491
569006044782800896
569155666440355840
569230997650214913
569271020395241472
569286569548320769
569288052725694464
569540659209596928
569561062749700097
569597220871282690
569599532268449792
569666885035409408
569696666611261440
569717739113320448
569747046338588672
569801797851697152
569815690531758082
569837273828732928
567729414822449152
567742912579272704
567752680514330624
567757897841385473
567761297879646208
567807693534031872
567818961716387840
567862586374529026
567862628460158976
567872182136619008
567892508987908096
568018490331930625
568090000199270400
568128236649095168
568258846235316225
568448902011224064
568454161962049536
568468372524023808
568602701623218177
568652355346022400
568764059732058112
568815660815519744
568827958527275008
568963494390820864
568969667106045952
568983296018751491
569006044782800896
569155666440355840
569230997650214913
569271020395241472
569286569548320769
569288052725694464
569540659209596928
569561062749700097
569597220871282690
569599532268449792
569666885035409408
569696666611261440
569717739113320448
569747046338588672
569801797851697152
569815690531758082
569837273828732928
569844379176853504
569872444590129152
569896560936374272
569911608278974465
569921913667104768
570078733735821313
570079508797243392
570088600949411840
570101194678517761
570135557151580160
570183052401508352
570197883716300800
570278024303775745
570290337169739776
570296986827694080
567729414822449152
567742912579272704
567752680514330624
567757897841385473
567761297879646208
567807693534031872
567818961716387840
567862586374529026
567862628460158976
567872182136619008
567892508987908096
568018490331930625
568090000199270400
568128236649095168
568258846235316225
568448902011224064
568454161962049536
568468372524023808
568602701623218177
568652355346022400
568764059732058112
568815660815519744
568827958527275008
568963494390820864
568969667106045952
568983296018751491
569006044782800896
569155666440355840
569230997650214913
569271020395241472
569286569548320769
569288052725694464
569540659209596928
569561062749700097
569597220871282690
569599532268449792
569666885035409408
569696666611261440
569717739113320448
569747046338588672
569801797851697152
569815690531758082
569837273828732928
569844379176853504
569872444590129152
569896560936374272
569911608278974465
569921913667104768
570078733735821313
570079508797243392
570088600949411840
570101194678517761
570135557151580160
570183052401508352
570197883716300800
570278024303775745
570290337169739776
570296986827694080
567729414822449152
567742912579272704
567752680514330624
567757897841385473
567761297879646208
567807693534031872
567818961716387840
567862586374529026
567862628460158976
567872182136619008
567892508987908096
568018490331930625
568090000199270400
568128236649095168
568258846235316225
568448902011224064
568454161962049536
568468372524023808
568602701623218177
568652355346022400
568764059732058112
568815660815519744
568827958527275008
568963494390820864
568969667106045952
568983296018751491
569006044782800896
569155666440355840
569230997650214913
569271020395241472
569286569548320769
569288052725694464
569540659209596928
569561062749700097
569597220871282690
569599532268449792
569666885035409408
569696666611261440
569717739113320448
569747046338588672
569801797851697152
569815690531758082
569837273828732928
569844379176853504
569872444590129152
569896560936374272
569911608278974465
569921913667104768
570078733735821313
570079508797243392
570088600949411840
570101194678517761
570135557151580160
570183052401508352
570197883716300800
570278024303775745
570290337169739776
570296986827694080
567729414822449152
567742912579272704
567752680514330624
567757897841385473
567761297879646208
567807693534031872
567818961716387840
567862586374529026
567862628460158976
567872182136619008
567892508987908096
568018490331930625
568090000199270400
568128236649095168
568258846235316225
568448902011224064
568454161962049536
568468372524023808
568602701623218177
568652355346022400
568764059732058112
568815660815519744
568827958527275008
568963494390820864
568969667106045952
568983296018751491
569006044782800896
569155666440355840
569230997650214913
569271020395241472
569286569548320769
569288052725694464
569540659209596928
569561062749700097
569597220871282690
569599532268449792
569666885035409408
569696666611261440
569717739113320448
569747046338588672
569801797851697152
569815690531758082
569837273828732928
569844379176853504
569872444590129152
569896560936374272
569911608278974465
569921913667104768
570078733735821313
570079508797243392
570088600949411840
570101194678517761
570135557151580160
570183052401508352
570197883716300800
570278024303775745
570290337169739776
570296986827694080
567729414822449152
567742912579272704
567752680514330624
567757897841385473
567761297879646208
567807693534031872
567818961716387840
567862586374529026
567862628460158976
567872182136619008
567892508987908096
568018490331930625
568090000199270400
568128236649095168
568258846235316225
568448902011224064
568454161962049536
568468372524023808
568602701623218177
568652355346022400
568764059732058112
568815660815519744
568827958527275008
568963494390820864
568969667106045952
568983296018751491
569006044782800896
569155666440355840
569230997650214913
569271020395241472
569286569548320769
569288052725694464
569540659209596928
569561062749700097
569597220871282690
569599532268449792
569666885035409408
569696666611261440
569717739113320448
569747046338588672
569801797851697152
569815690531758082
569837273828732928
569844379176853504
569872444590129152
569896560936374272
569911608278974465
569921913667104768
570078733735821313
570079508797243392
570088600949411840
570101194678517761
570135557151580160
570183052401508352
570197883716300800
570278024303775745
570290337169739776
570296986827694080
567729414822449152
567742912579272704
567752680514330624
567757897841385473
567761297879646208
567807693534031872
567818961716387840
567862586374529026
567862628460158976
567872182136619008
567892508987908096
568018490331930625
568090000199270400
568128236649095168
568258846235316225
568448902011224064
568454161962049536
568468372524023808
568602701623218177
568652355346022400
568764059732058112
568815660815519744
568827958527275008
568963494390820864
568969667106045952
568983296018751491
569006044782800896
569155666440355840
569230997650214913
569271020395241472
569286569548320769
569288052725694464
569540659209596928
569561062749700097
569597220871282690
569599532268449792
569666885035409408
569696666611261440
569717739113320448
569747046338588672
569801797851697152
569815690531758082
569837273828732928
569844379176853504
569872444590129152
569896560936374272
569911608278974465
569921913667104768
570078733735821313
570079508797243392
570088600949411840
570101194678517761
570135557151580160
570183052401508352
570197883716300800
570278024303775745
570290337169739776
570296986827694080
