567744963870752768
567829834618904576
567873087108161536
567985128422690816
568174745293709313
568210978447323136
568262694123339776
568289529561518080
568564342150598656
568788141236199424
568824637267685377
568841068348878848
568890203923980288
568908978001993729
569309296023998464
569583943772610560
569660029093203968
569681831039074306
567744963870752768
567829834618904576
567873087108161536
567985128422690816
568174745293709313
568210978447323136
568262694123339776
568289529561518080
568564342150598656
568788141236199424
568824637267685377
568841068348878848
568890203923980288
568908978001993729
569309296023998464
569583943772610560
569660029093203968
569681831039074306
569831634817708032
567744963870752768
567829834618904576
567873087108161536
567985128422690816
568174745293709313
568210978447323136
568262694123339776
568289529561518080
568564342150598656
568788141236199424
568824637267685377
568841068348878848
568890203923980288
568908978001993729
569309296023998464
569583943772610560
569660029093203968
569681831039074306
569831634817708032
569868115481395201
569989745503297536
