567737554087059457
568091845848231937
568212893012860928
568384143379156993
568422177571258368
568439171028791297
568474931207352320
568780030538420225
569341439148236800
569643388611330048
569671087820111872
567737554087059457
568091845848231937
568212893012860928
568384143379156993
568422177571258368
568439171028791297
568474931207352320
568780030538420225
569341439148236800
569643388611330048
569671087820111872
567737554087059457
568091845848231937
568212893012860928
568384143379156993
568422177571258368
568439171028791297
568474931207352320
568780030538420225
569341439148236800
569643388611330048
569671087820111872
569865838892691456
569876427270701056
569935135895883776
569949017674809344
569974423903715328
569978312157589504
