568112409841238016
568194265022648320
569623849752358912
568112409841238016
568194265022648320
569623849752358912
568112409841238016
568194265022648320
569623849752358912
570059530567962624
568112409841238016
568194265022648320
569623849752358912
570059530567962624
568112409841238016
568194265022648320
569623849752358912
570059530567962624
568112409841238016
568194265022648320
569623849752358912
570059530567962624
568112409841238016
568194265022648320
569623849752358912
570059530567962624
568112409841238016
568194265022648320
569623849752358912
570059530567962624
