567810786576576512
567829997668470785
567837218628362241
567840923008237568
568217301243133952
569132310110588928
569178197499256832
569675637365071872
569681392369590272
569684686160719872
569813138910130176
567810786576576512
567829997668470785
567837218628362241
567840923008237568
568217301243133952
569132310110588928
569178197499256832
569675637365071872
569681392369590272
569684686160719872
569813138910130176
567810786576576512
567829997668470785
567837218628362241
567840923008237568
568217301243133952
569132310110588928
569178197499256832
569675637365071872
569681392369590272
569684686160719872
569813138910130176
570172301163008000
570174713072369664
