567634106058821632
567724133434535936
567729749087498240
567731546661326848
567732284959113216
567732811772080129
567741884140093440
567752680514330624
567753815634370560
567767810655670272
567769337256484864
567774100299739138
567775776582672384
567780888700669952
567783456420012032
567791526370365440
567791786145378304
567802808876158976
567804718886711296
567811268900556802
567816742300356608
567822848878968832
567828425278283777
567829088380919809
567853054348754944
567858173282906112
567870608152793088
567878436909228033
567897883875217408
567908391256875008
567918173992910848
567918283866898432
567919961055711232
567921295473512448
568014723926626304
568017128286261248
568035703768154112
568071159285022720
568080078875324416
568081401053974528
568098115988918273
568098977545134080
568102228587884545
568117268254568448
568136806224379904
568138663864852481
568143054856712192
568156758025187329
568157451729526784
568193347216474112
568202174917976064
568216286561374208
568218884060241920
568218962833461248
568222514956013568
568258075431477248
568308793005617152
568319110779514880
568375354982842368
568387362239205376
568391382496378880
568438094652956673
568440527328120832
568473140654788609
568482168021917697
568489967808327682
568490899396829186
568552943005224961
568578381320597504
568593538520231936
568596145456291840
568602614839033856
568611700674584576
568613712858198016
568616463407255552
568620349027323905
568701051903336448
568723674934722560
568752875205238784
568759575807184896
568763087689379840
568763876377907200
568763877992706048
568768028831289344
568769786890424320
568772824523001856
568774385965932545
568776950665371648
568787660266823680
568827568973066240
568829465788350464
568844772191940608
568880036234682370
568881291766034432
568912678917271552
568920314073260032
568931215149039617
568948462030467072
568955060165554176
568957488021827585
568977167410802688
568984098909237248
568994755268513793
568994886336307200
569005870463344640
569125697530101760
569135312175280128
569136628301729792
569144026084962305
569162600237236224
569188792541818880
569189652080533504
569190811113525249
569192081618370560
569200619430420480
569202278298755072
569206152510226432
569227342675116033
569261063406882816
569278418606559233
569284223590232064
569301330306699264
569305705750114305
569310202174025729
569332773326090240
569332961813753856
569333637382053889
569340120790233089
569351220097216512
569369008580874240
569372015980707840
569439089063280640
569512656274468864
569516852805808129
569521101736439809
569526029859094528
569526559012495361
569534268130660352
569535203888271361
569535230996045825
569539000312188928
569539074106789889
569552947903754240
569559833415970816
569560154619965440
569562990250323968
569568878977794048
569578441508458496
569581828258078721
569584561312681984
569586471570534400
569599532268449792
569602798867881985
569604198033170432
569609621834301440
569616934225846273
569619569372823552
569621744295682048
569624948190261249
569628242044428288
569635077623148545
569635939422593024
569636447956930561
569636454869151744
569641234769309696
569644249337110528
569645048696053761
569646144805953536
569646601398067200
569646982282612736
569655262765719553
569658686999818241
569659515706028033
569660558112239616
569661233923629056
569664261678600192
569666885035409408
569667805643034624
569668644529147904
569670286418841603
569674565074481152
569677513539981313
569680231012773888
569680659288969218
569682277111889920
569690664029462529
569690693888663552
569691389958553600
569692299539517441
569693012885770240
569699455919726593
569699965527666688
569700247275876352
569701550039429121
569703794453295104
569709973963468801
569714439517138944
569721379823554562
569722020776116224
569724257879502848
569727628766281728
569728483384930304
569734991862607872
569740962760499200
569743129928028160
569766662024630272
569803373530128384
567634106058821632
567724133434535936
567729749087498240
567731546661326848
567732284959113216
567732811772080129
567741884140093440
567752680514330624
567753815634370560
567767810655670272
567769337256484864
567774100299739138
567775776582672384
567780888700669952
567783456420012032
567791526370365440
567791786145378304
567802808876158976
567804718886711296
567811268900556802
567816742300356608
567822848878968832
567828425278283777
567829088380919809
567853054348754944
567858173282906112
567870608152793088
567878436909228033
567897883875217408
567908391256875008
567918173992910848
567918283866898432
567919961055711232
567921295473512448
568014723926626304
568017128286261248
568035703768154112
568071159285022720
568080078875324416
568081401053974528
568098115988918273
568098977545134080
568102228587884545
568117268254568448
568136806224379904
568138663864852481
568143054856712192
568156758025187329
568157451729526784
568193347216474112
568202174917976064
568216286561374208
568218884060241920
568218962833461248
568222514956013568
568258075431477248
568308793005617152
568319110779514880
568375354982842368
568387362239205376
568391382496378880
568438094652956673
568440527328120832
568473140654788609
568482168021917697
568489967808327682
568490899396829186
568552943005224961
568578381320597504
568593538520231936
568596145456291840
568602614839033856
568611700674584576
568613712858198016
568616463407255552
568620349027323905
568701051903336448
568723674934722560
568752875205238784
568759575807184896
568763087689379840
568763876377907200
568763877992706048
568768028831289344
568769786890424320
568772824523001856
568774385965932545
568776950665371648
568787660266823680
568827568973066240
568829465788350464
568844772191940608
568880036234682370
568881291766034432
568912678917271552
568920314073260032
568931215149039617
568948462030467072
568955060165554176
568957488021827585
568977167410802688
568984098909237248
568994755268513793
568994886336307200
569005870463344640
569125697530101760
569135312175280128
569136628301729792
569144026084962305
569162600237236224
569188792541818880
569189652080533504
569190811113525249
569192081618370560
569200619430420480
569202278298755072
569206152510226432
569227342675116033
569261063406882816
569278418606559233
569284223590232064
569301330306699264
569305705750114305
569310202174025729
569332773326090240
569332961813753856
569333637382053889
569340120790233089
569351220097216512
569369008580874240
569372015980707840
569439089063280640
569512656274468864
569516852805808129
569521101736439809
569526029859094528
569526559012495361
569534268130660352
569535203888271361
569535230996045825
569539000312188928
569539074106789889
569552947903754240
569559833415970816
569560154619965440
569562990250323968
569568878977794048
569578441508458496
569581828258078721
569584561312681984
569586471570534400
569599532268449792
569602798867881985
569604198033170432
569609621834301440
569616934225846273
569619569372823552
569621744295682048
569624948190261249
569628242044428288
569635077623148545
569635939422593024
569636447956930561
569636454869151744
569641234769309696
569644249337110528
569645048696053761
569646144805953536
569646601398067200
569646982282612736
569655262765719553
569658686999818241
569659515706028033
569660558112239616
569661233923629056
569664261678600192
569666885035409408
569667805643034624
569668644529147904
569670286418841603
569674565074481152
569677513539981313
569680231012773888
569680659288969218
569682277111889920
569690664029462529
569690693888663552
569691389958553600
569692299539517441
569693012885770240
569699455919726593
569699965527666688
569700247275876352
569701550039429121
569703794453295104
569709973963468801
569714439517138944
569721379823554562
569722020776116224
569724257879502848
569727628766281728
569728483384930304
569734991862607872
569740962760499200
569743129928028160
569766662024630272
569803373530128384
569822645065093121
569830322357084160
569837786930540545
567634106058821632
567724133434535936
567729749087498240
567731546661326848
567732284959113216
567732811772080129
567741884140093440
567752680514330624
567753815634370560
567767810655670272
567769337256484864
567774100299739138
567775776582672384
567780888700669952
567783456420012032
567791526370365440
567791786145378304
567802808876158976
567804718886711296
567811268900556802
567816742300356608
567822848878968832
567828425278283777
567829088380919809
567853054348754944
567858173282906112
567870608152793088
567878436909228033
567897883875217408
567908391256875008
567918173992910848
567918283866898432
567919961055711232
567921295473512448
568014723926626304
568017128286261248
568035703768154112
568071159285022720
568080078875324416
568081401053974528
568098115988918273
568098977545134080
568102228587884545
568117268254568448
568136806224379904
568138663864852481
568143054856712192
568156758025187329
568157451729526784
568193347216474112
568202174917976064
568216286561374208
568218884060241920
568218962833461248
568222514956013568
568258075431477248
568308793005617152
568319110779514880
568375354982842368
568387362239205376
568391382496378880
568438094652956673
568440527328120832
568473140654788609
568482168021917697
568489967808327682
568490899396829186
568552943005224961
568578381320597504
568593538520231936
568596145456291840
568602614839033856
568611700674584576
568613712858198016
568616463407255552
568620349027323905
568701051903336448
568723674934722560
568752875205238784
568759575807184896
568763087689379840
568763876377907200
568763877992706048
568768028831289344
568769786890424320
568772824523001856
568774385965932545
568776950665371648
568787660266823680
568827568973066240
568829465788350464
568844772191940608
568880036234682370
568881291766034432
568912678917271552
568920314073260032
568931215149039617
568948462030467072
568955060165554176
568957488021827585
568977167410802688
568984098909237248
568994755268513793
568994886336307200
569005870463344640
569125697530101760
569135312175280128
569136628301729792
569144026084962305
569162600237236224
569188792541818880
569189652080533504
569190811113525249
569192081618370560
569200619430420480
569202278298755072
569206152510226432
569227342675116033
569261063406882816
569278418606559233
569284223590232064
569301330306699264
569305705750114305
569310202174025729
569332773326090240
569332961813753856
569333637382053889
569340120790233089
569351220097216512
569369008580874240
569372015980707840
569439089063280640
569512656274468864
569516852805808129
569521101736439809
569526029859094528
569526559012495361
569534268130660352
569535203888271361
569535230996045825
569539000312188928
569539074106789889
569552947903754240
569559833415970816
569560154619965440
569562990250323968
569568878977794048
569578441508458496
569581828258078721
569584561312681984
569586471570534400
569599532268449792
569602798867881985
569604198033170432
569609621834301440
569616934225846273
569619569372823552
569621744295682048
569624948190261249
569628242044428288
569635077623148545
569635939422593024
569636447956930561
569636454869151744
569641234769309696
569644249337110528
569645048696053761
569646144805953536
569646601398067200
569646982282612736
569655262765719553
569658686999818241
569659515706028033
569660558112239616
569661233923629056
569664261678600192
569666885035409408
569667805643034624
569668644529147904
569670286418841603
569674565074481152
569677513539981313
569680231012773888
569680659288969218
569682277111889920
569690664029462529
569690693888663552
569691389958553600
569692299539517441
569693012885770240
569699455919726593
569699965527666688
569700247275876352
569701550039429121
569703794453295104
569709973963468801
569714439517138944
569721379823554562
569722020776116224
569724257879502848
569727628766281728
569728483384930304
569734991862607872
569740962760499200
569743129928028160
569766662024630272
569803373530128384
569822645065093121
569830322357084160
569837786930540545
569844812783996928
569858012967542786
569864437739495424
569864863171764224
569876427270701056
569879547908206592
569879623317659648
569884438504427520
569885201293307905
569885742526124032
569894088209596416
569895932394917888
569897798692286465
569902065247322112
569903197835407361
569906532277731328
569908918421299200
569918026918727680
569918918602547200
569920508923215872
569926124488118272
569933901944066048
569941858132070400
569946012988669954
569951363670642689
569956147433574401
569956201934385152
569958349514485760
569969062228439040
569970608693493760
569977974176378880
569978537953902592
569980771424976896
569989340052344832
569992310563450880
569992532123258881
569997351412228097
570010976608780288
570012000648081409
570030590466121728
570035525761011713
570052545298759680
570056648137576449
570059496300548096
570063869596475394
570074976428158976
570080545461407745
570121361953202178
570136130126897152
570138307767578625
570163259560452097
570184535507210241
570199974719455232
570214732067700736
570236014238699521
570240043022991361
570253865066602497
570262460395098112
570262977947013120
570265563035004928
570274049118625792
570275123854487552
570275153860386816
570275632518733825
570278902959988736
570283248301043712
570283851018317824
570287589216751616
570289584061480960
570291213007491076
570298644475346945
570301794850639872
570305603056349184
570307948171423745
570308309682675712
567634106058821632
567724133434535936
567729749087498240
567731546661326848
567732284959113216
567732811772080129
567741884140093440
567752680514330624
567753815634370560
567767810655670272
567769337256484864
567774100299739138
567775776582672384
567780888700669952
567783456420012032
567791526370365440
567791786145378304
567802808876158976
567804718886711296
567811268900556802
567816742300356608
567822848878968832
567828425278283777
567829088380919809
567853054348754944
567858173282906112
567870608152793088
567878436909228033
567897883875217408
567908391256875008
567918173992910848
567918283866898432
567919961055711232
567921295473512448
568014723926626304
568017128286261248
568035703768154112
568071159285022720
568080078875324416
568081401053974528
568098115988918273
568098977545134080
568102228587884545
568117268254568448
568136806224379904
568138663864852481
568143054856712192
568156758025187329
568157451729526784
568193347216474112
568202174917976064
568216286561374208
568218884060241920
568218962833461248
568222514956013568
568258075431477248
568308793005617152
568319110779514880
568375354982842368
568387362239205376
568391382496378880
568438094652956673
568440527328120832
568473140654788609
568482168021917697
568489967808327682
568490899396829186
568552943005224961
568578381320597504
568593538520231936
568596145456291840
568602614839033856
568611700674584576
568613712858198016
568616463407255552
568620349027323905
568701051903336448
568723674934722560
568752875205238784
568759575807184896
568763087689379840
568763876377907200
568763877992706048
568768028831289344
568769786890424320
568772824523001856
568774385965932545
568776950665371648
568787660266823680
568827568973066240
568829465788350464
568844772191940608
568880036234682370
568881291766034432
568912678917271552
568920314073260032
568931215149039617
568948462030467072
568955060165554176
568957488021827585
568977167410802688
568984098909237248
568994755268513793
568994886336307200
569005870463344640
569125697530101760
569135312175280128
569136628301729792
569144026084962305
569162600237236224
569188792541818880
569189652080533504
569190811113525249
569192081618370560
569200619430420480
569202278298755072
569206152510226432
569227342675116033
569261063406882816
569278418606559233
569284223590232064
569301330306699264
569305705750114305
569310202174025729
569332773326090240
569332961813753856
569333637382053889
569340120790233089
569351220097216512
569369008580874240
569372015980707840
569439089063280640
569512656274468864
569516852805808129
569521101736439809
569526029859094528
569526559012495361
569534268130660352
569535203888271361
569535230996045825
569539000312188928
569539074106789889
569552947903754240
569559833415970816
569560154619965440
569562990250323968
569568878977794048
569578441508458496
569581828258078721
569584561312681984
569586471570534400
569599532268449792
569602798867881985
569604198033170432
569609621834301440
569616934225846273
569619569372823552
569621744295682048
569624948190261249
569628242044428288
569635077623148545
569635939422593024
569636447956930561
569636454869151744
569641234769309696
569644249337110528
569645048696053761
569646144805953536
569646601398067200
569646982282612736
569655262765719553
569658686999818241
569659515706028033
569660558112239616
569661233923629056
569664261678600192
569666885035409408
569667805643034624
569668644529147904
569670286418841603
569674565074481152
569677513539981313
569680231012773888
569680659288969218
569682277111889920
569690664029462529
569690693888663552
569691389958553600
569692299539517441
569693012885770240
569699455919726593
569699965527666688
569700247275876352
569701550039429121
569703794453295104
569709973963468801
569714439517138944
569721379823554562
569722020776116224
569724257879502848
569727628766281728
569728483384930304
569734991862607872
569740962760499200
569743129928028160
569766662024630272
569803373530128384
569822645065093121
569830322357084160
569837786930540545
569844812783996928
569858012967542786
569864437739495424
569864863171764224
569876427270701056
569879547908206592
569879623317659648
569884438504427520
569885201293307905
569885742526124032
569894088209596416
569895932394917888
569897798692286465
569902065247322112
569903197835407361
569906532277731328
569908918421299200
569918026918727680
569918918602547200
569920508923215872
569926124488118272
569933901944066048
569941858132070400
569946012988669954
569951363670642689
569956147433574401
569956201934385152
569958349514485760
569969062228439040
569970608693493760
569977974176378880
569978537953902592
569980771424976896
569989340052344832
569992310563450880
569992532123258881
569997351412228097
570010976608780288
570012000648081409
570030590466121728
570035525761011713
570052545298759680
570056648137576449
570059496300548096
570063869596475394
570074976428158976
570080545461407745
570121361953202178
570136130126897152
570138307767578625
570163259560452097
570184535507210241
570199974719455232
570214732067700736
570236014238699521
570240043022991361
570253865066602497
570262460395098112
570262977947013120
570265563035004928
570274049118625792
570275123854487552
570275153860386816
570275632518733825
570278902959988736
570283248301043712
570283851018317824
570287589216751616
570289584061480960
570291213007491076
570298644475346945
570301794850639872
570305603056349184
570307948171423745
570308309682675712
567634106058821632
567724133434535936
567729749087498240
567731546661326848
567732284959113216
567732811772080129
567741884140093440
567752680514330624
567753815634370560
567767810655670272
567769337256484864
567774100299739138
567775776582672384
567780888700669952
567783456420012032
567791526370365440
567791786145378304
567802808876158976
567804718886711296
567811268900556802
567816742300356608
567822848878968832
567828425278283777
567829088380919809
567853054348754944
567858173282906112
567870608152793088
567878436909228033
567897883875217408
567908391256875008
567918173992910848
567918283866898432
567919961055711232
567921295473512448
568014723926626304
568017128286261248
568035703768154112
568071159285022720
568080078875324416
568081401053974528
568098115988918273
568098977545134080
568102228587884545
568117268254568448
568136806224379904
568138663864852481
568143054856712192
568156758025187329
568157451729526784
568193347216474112
568202174917976064
568216286561374208
568218884060241920
568218962833461248
568222514956013568
568258075431477248
568308793005617152
568319110779514880
568375354982842368
568387362239205376
568391382496378880
568438094652956673
568440527328120832
568473140654788609
568482168021917697
568489967808327682
568490899396829186
568552943005224961
568578381320597504
568593538520231936
568596145456291840
568602614839033856
568611700674584576
568613712858198016
568616463407255552
568620349027323905
568701051903336448
568723674934722560
568752875205238784
568759575807184896
568763087689379840
568763876377907200
568763877992706048
568768028831289344
568769786890424320
568772824523001856
568774385965932545
568776950665371648
568787660266823680
568827568973066240
568829465788350464
568844772191940608
568880036234682370
568881291766034432
568912678917271552
568920314073260032
568931215149039617
568948462030467072
568955060165554176
568957488021827585
568977167410802688
568984098909237248
568994755268513793
568994886336307200
569005870463344640
569125697530101760
569135312175280128
569136628301729792
569144026084962305
569162600237236224
569188792541818880
569189652080533504
569190811113525249
569192081618370560
569200619430420480
569202278298755072
569206152510226432
569227342675116033
569261063406882816
569278418606559233
569284223590232064
569301330306699264
569305705750114305
569310202174025729
569332773326090240
569332961813753856
569333637382053889
569340120790233089
569351220097216512
569369008580874240
569372015980707840
569439089063280640
569512656274468864
569516852805808129
569521101736439809
569526029859094528
569526559012495361
569534268130660352
569535203888271361
569535230996045825
569539000312188928
569539074106789889
569552947903754240
569559833415970816
569560154619965440
569562990250323968
569568878977794048
569578441508458496
569581828258078721
569584561312681984
569586471570534400
569599532268449792
569602798867881985
569604198033170432
569609621834301440
569616934225846273
569619569372823552
569621744295682048
569624948190261249
569628242044428288
569635077623148545
569635939422593024
569636447956930561
569636454869151744
569641234769309696
569644249337110528
569645048696053761
569646144805953536
569646601398067200
569646982282612736
569655262765719553
569658686999818241
569659515706028033
569660558112239616
569661233923629056
569664261678600192
569666885035409408
569667805643034624
569668644529147904
569670286418841603
569674565074481152
569677513539981313
569680231012773888
569680659288969218
569682277111889920
569690664029462529
569690693888663552
569691389958553600
569692299539517441
569693012885770240
569699455919726593
569699965527666688
569700247275876352
569701550039429121
569703794453295104
569709973963468801
569714439517138944
569721379823554562
569722020776116224
569724257879502848
569727628766281728
569728483384930304
569734991862607872
569740962760499200
569743129928028160
569766662024630272
569803373530128384
569822645065093121
569830322357084160
569837786930540545
569844812783996928
569858012967542786
569864437739495424
569864863171764224
569876427270701056
569879547908206592
569879623317659648
569884438504427520
569885201293307905
569885742526124032
569894088209596416
569895932394917888
569897798692286465
569902065247322112
569903197835407361
569906532277731328
569908918421299200
569918026918727680
569918918602547200
569920508923215872
569926124488118272
569933901944066048
569941858132070400
569946012988669954
569951363670642689
569956147433574401
569956201934385152
569958349514485760
569969062228439040
569970608693493760
569977974176378880
569978537953902592
569980771424976896
569989340052344832
569992310563450880
569992532123258881
569997351412228097
570010976608780288
570012000648081409
570030590466121728
570035525761011713
570052545298759680
570056648137576449
570059496300548096
570063869596475394
570074976428158976
570080545461407745
570121361953202178
570136130126897152
570138307767578625
570163259560452097
570184535507210241
570199974719455232
570214732067700736
570236014238699521
570240043022991361
570253865066602497
570262460395098112
570262977947013120
570265563035004928
570274049118625792
570275123854487552
570275153860386816
570275632518733825
570278902959988736
570283248301043712
570283851018317824
570287589216751616
570289584061480960
570291213007491076
570298644475346945
570301794850639872
570305603056349184
570307948171423745
570308309682675712
567634106058821632
567724133434535936
567729749087498240
567731546661326848
567732284959113216
567732811772080129
567741884140093440
567752680514330624
567753815634370560
567767810655670272
567769337256484864
567774100299739138
567775776582672384
567780888700669952
567783456420012032
567791526370365440
567791786145378304
567802808876158976
567804718886711296
567811268900556802
567816742300356608
567822848878968832
567828425278283777
567829088380919809
567853054348754944
567858173282906112
567870608152793088
567878436909228033
567897883875217408
567908391256875008
567918173992910848
567918283866898432
567919961055711232
567921295473512448
568014723926626304
568017128286261248
568035703768154112
568071159285022720
568080078875324416
568081401053974528
568098115988918273
568098977545134080
568102228587884545
568117268254568448
568136806224379904
568138663864852481
568143054856712192
568156758025187329
568157451729526784
568193347216474112
568202174917976064
568216286561374208
568218884060241920
568218962833461248
568222514956013568
568258075431477248
568308793005617152
568319110779514880
568375354982842368
568387362239205376
568391382496378880
568438094652956673
568440527328120832
568473140654788609
568482168021917697
568489967808327682
568490899396829186
568552943005224961
568578381320597504
568593538520231936
568596145456291840
568602614839033856
568611700674584576
568613712858198016
568616463407255552
568620349027323905
568701051903336448
568723674934722560
568752875205238784
568759575807184896
568763087689379840
568763876377907200
568763877992706048
568768028831289344
568769786890424320
568772824523001856
568774385965932545
568776950665371648
568787660266823680
568827568973066240
568829465788350464
568844772191940608
568880036234682370
568881291766034432
568912678917271552
568920314073260032
568931215149039617
568948462030467072
568955060165554176
568957488021827585
568977167410802688
568984098909237248
568994755268513793
568994886336307200
569005870463344640
569125697530101760
569135312175280128
569136628301729792
569144026084962305
569162600237236224
569188792541818880
569189652080533504
569190811113525249
569192081618370560
569200619430420480
569202278298755072
569206152510226432
569227342675116033
569261063406882816
569278418606559233
569284223590232064
569301330306699264
569305705750114305
569310202174025729
569332773326090240
569332961813753856
569333637382053889
569340120790233089
569351220097216512
569369008580874240
569372015980707840
569439089063280640
569512656274468864
569516852805808129
569521101736439809
569526029859094528
569526559012495361
569534268130660352
569535203888271361
569535230996045825
569539000312188928
569539074106789889
569552947903754240
569559833415970816
569560154619965440
569562990250323968
569568878977794048
569578441508458496
569581828258078721
569584561312681984
569586471570534400
569599532268449792
569602798867881985
569604198033170432
569609621834301440
569616934225846273
569619569372823552
569621744295682048
569624948190261249
569628242044428288
569635077623148545
569635939422593024
569636447956930561
569636454869151744
569641234769309696
569644249337110528
569645048696053761
569646144805953536
569646601398067200
569646982282612736
569655262765719553
569658686999818241
569659515706028033
569660558112239616
569661233923629056
569664261678600192
569666885035409408
569667805643034624
569668644529147904
569670286418841603
569674565074481152
569677513539981313
569680231012773888
569680659288969218
569682277111889920
569690664029462529
569690693888663552
569691389958553600
569692299539517441
569693012885770240
569699455919726593
569699965527666688
569700247275876352
569701550039429121
569703794453295104
569709973963468801
569714439517138944
569721379823554562
569722020776116224
569724257879502848
569727628766281728
569728483384930304
569734991862607872
569740962760499200
569743129928028160
569766662024630272
569803373530128384
569822645065093121
569830322357084160
569837786930540545
569844812783996928
569858012967542786
569864437739495424
569864863171764224
569876427270701056
569879547908206592
569879623317659648
569884438504427520
569885201293307905
569885742526124032
569894088209596416
569895932394917888
569897798692286465
569902065247322112
569903197835407361
569906532277731328
569908918421299200
569918026918727680
569918918602547200
569920508923215872
569926124488118272
569933901944066048
569941858132070400
569946012988669954
569951363670642689
569956147433574401
569956201934385152
569958349514485760
569969062228439040
569970608693493760
569977974176378880
569978537953902592
569980771424976896
569989340052344832
569992310563450880
569992532123258881
569997351412228097
570010976608780288
570012000648081409
570030590466121728
570035525761011713
570052545298759680
570056648137576449
570059496300548096
570063869596475394
570074976428158976
570080545461407745
570121361953202178
570136130126897152
570138307767578625
570163259560452097
570184535507210241
570199974719455232
570214732067700736
570236014238699521
570240043022991361
570253865066602497
570262460395098112
570262977947013120
570265563035004928
570274049118625792
570275123854487552
570275153860386816
570275632518733825
570278902959988736
570283248301043712
570283851018317824
570287589216751616
570289584061480960
570291213007491076
570298644475346945
570301794850639872
570305603056349184
570307948171423745
570308309682675712
567634106058821632
567724133434535936
567729749087498240
567731546661326848
567732284959113216
567732811772080129
567741884140093440
567752680514330624
567753815634370560
567767810655670272
567769337256484864
567774100299739138
567775776582672384
567780888700669952
567783456420012032
567791526370365440
567791786145378304
567802808876158976
567804718886711296
567811268900556802
567816742300356608
567822848878968832
567828425278283777
567829088380919809
567853054348754944
567858173282906112
567870608152793088
567878436909228033
567897883875217408
567908391256875008
567918173992910848
567918283866898432
567919961055711232
567921295473512448
568014723926626304
568017128286261248
568035703768154112
568071159285022720
568080078875324416
568081401053974528
568098115988918273
568098977545134080
568102228587884545
568117268254568448
568136806224379904
568138663864852481
568143054856712192
568156758025187329
568157451729526784
568193347216474112
568202174917976064
568216286561374208
568218884060241920
568218962833461248
568222514956013568
568258075431477248
568308793005617152
568319110779514880
568375354982842368
568387362239205376
568391382496378880
568438094652956673
568440527328120832
568473140654788609
568482168021917697
568489967808327682
568490899396829186
568552943005224961
568578381320597504
568593538520231936
568596145456291840
568602614839033856
568611700674584576
568613712858198016
568616463407255552
568620349027323905
568701051903336448
568723674934722560
568752875205238784
568759575807184896
568763087689379840
568763876377907200
568763877992706048
568768028831289344
568769786890424320
568772824523001856
568774385965932545
568776950665371648
568787660266823680
568827568973066240
568829465788350464
568844772191940608
568880036234682370
568881291766034432
568912678917271552
568920314073260032
568931215149039617
568948462030467072
568955060165554176
568957488021827585
568977167410802688
568984098909237248
568994755268513793
568994886336307200
569005870463344640
569125697530101760
569135312175280128
569136628301729792
569144026084962305
569162600237236224
569188792541818880
569189652080533504
569190811113525249
569192081618370560
569200619430420480
569202278298755072
569206152510226432
569227342675116033
569261063406882816
569278418606559233
569284223590232064
569301330306699264
569305705750114305
569310202174025729
569332773326090240
569332961813753856
569333637382053889
569340120790233089
569351220097216512
569369008580874240
569372015980707840
569439089063280640
569512656274468864
569516852805808129
569521101736439809
569526029859094528
569526559012495361
569534268130660352
569535203888271361
569535230996045825
569539000312188928
569539074106789889
569552947903754240
569559833415970816
569560154619965440
569562990250323968
569568878977794048
569578441508458496
569581828258078721
569584561312681984
569586471570534400
569599532268449792
569602798867881985
569604198033170432
569609621834301440
569616934225846273
569619569372823552
569621744295682048
569624948190261249
569628242044428288
569635077623148545
569635939422593024
569636447956930561
569636454869151744
569641234769309696
569644249337110528
569645048696053761
569646144805953536
569646601398067200
569646982282612736
569655262765719553
569658686999818241
569659515706028033
569660558112239616
569661233923629056
569664261678600192
569666885035409408
569667805643034624
569668644529147904
569670286418841603
569674565074481152
569677513539981313
569680231012773888
569680659288969218
569682277111889920
569690664029462529
569690693888663552
569691389958553600
569692299539517441
569693012885770240
569699455919726593
569699965527666688
569700247275876352
569701550039429121
569703794453295104
569709973963468801
569714439517138944
569721379823554562
569722020776116224
569724257879502848
569727628766281728
569728483384930304
569734991862607872
569740962760499200
569743129928028160
569766662024630272
569803373530128384
569822645065093121
569830322357084160
569837786930540545
569844812783996928
569858012967542786
569864437739495424
569864863171764224
569876427270701056
569879547908206592
569879623317659648
569884438504427520
569885201293307905
569885742526124032
569894088209596416
569895932394917888
569897798692286465
569902065247322112
569903197835407361
569906532277731328
569908918421299200
569918026918727680
569918918602547200
569920508923215872
569926124488118272
569933901944066048
569941858132070400
569946012988669954
569951363670642689
569956147433574401
569956201934385152
569958349514485760
569969062228439040
569970608693493760
569977974176378880
569978537953902592
569980771424976896
569989340052344832
569992310563450880
569992532123258881
569997351412228097
570010976608780288
570012000648081409
570030590466121728
570035525761011713
570052545298759680
570056648137576449
570059496300548096
570063869596475394
570074976428158976
570080545461407745
570121361953202178
570136130126897152
570138307767578625
570163259560452097
570184535507210241
570199974719455232
570214732067700736
570236014238699521
570240043022991361
570253865066602497
570262460395098112
570262977947013120
570265563035004928
570274049118625792
570275123854487552
570275153860386816
570275632518733825
570278902959988736
570283248301043712
570283851018317824
570287589216751616
570289584061480960
570291213007491076
570298644475346945
570301794850639872
570305603056349184
570307948171423745
570308309682675712
567634106058821632
567724133434535936
567729749087498240
567731546661326848
567732284959113216
567732811772080129
567741884140093440
567752680514330624
567753815634370560
567767810655670272
567769337256484864
567774100299739138
567775776582672384
567780888700669952
567783456420012032
567791526370365440
567791786145378304
567802808876158976
567804718886711296
567811268900556802
567816742300356608
567822848878968832
567828425278283777
567829088380919809
567853054348754944
567858173282906112
567870608152793088
567878436909228033
567897883875217408
567908391256875008
567918173992910848
567918283866898432
567919961055711232
567921295473512448
568014723926626304
568017128286261248
568035703768154112
568071159285022720
568080078875324416
568081401053974528
568098115988918273
568098977545134080
568102228587884545
568117268254568448
568136806224379904
568138663864852481
568143054856712192
568156758025187329
568157451729526784
568193347216474112
568202174917976064
568216286561374208
568218884060241920
568218962833461248
568222514956013568
568258075431477248
568308793005617152
568319110779514880
568375354982842368
568387362239205376
568391382496378880
568438094652956673
568440527328120832
568473140654788609
568482168021917697
568489967808327682
568490899396829186
568552943005224961
568578381320597504
568593538520231936
568596145456291840
568602614839033856
568611700674584576
568613712858198016
568616463407255552
568620349027323905
568701051903336448
568723674934722560
568752875205238784
568759575807184896
568763087689379840
568763876377907200
568763877992706048
568768028831289344
568769786890424320
568772824523001856
568774385965932545
568776950665371648
568787660266823680
568827568973066240
568829465788350464
568844772191940608
568880036234682370
568881291766034432
568912678917271552
568920314073260032
568931215149039617
568948462030467072
568955060165554176
568957488021827585
568977167410802688
568984098909237248
568994755268513793
568994886336307200
569005870463344640
569125697530101760
569135312175280128
569136628301729792
569144026084962305
569162600237236224
569188792541818880
569189652080533504
569190811113525249
569192081618370560
569200619430420480
569202278298755072
569206152510226432
569227342675116033
569261063406882816
569278418606559233
569284223590232064
569301330306699264
569305705750114305
569310202174025729
569332773326090240
569332961813753856
569333637382053889
569340120790233089
569351220097216512
569369008580874240
569372015980707840
569439089063280640
569512656274468864
569516852805808129
569521101736439809
569526029859094528
569526559012495361
569534268130660352
569535203888271361
569535230996045825
569539000312188928
569539074106789889
569552947903754240
569559833415970816
569560154619965440
569562990250323968
569568878977794048
569578441508458496
569581828258078721
569584561312681984
569586471570534400
569599532268449792
569602798867881985
569604198033170432
569609621834301440
569616934225846273
569619569372823552
569621744295682048
569624948190261249
569628242044428288
569635077623148545
569635939422593024
569636447956930561
569636454869151744
569641234769309696
569644249337110528
569645048696053761
569646144805953536
569646601398067200
569646982282612736
569655262765719553
569658686999818241
569659515706028033
569660558112239616
569661233923629056
569664261678600192
569666885035409408
569667805643034624
569668644529147904
569670286418841603
569674565074481152
569677513539981313
569680231012773888
569680659288969218
569682277111889920
569690664029462529
569690693888663552
569691389958553600
569692299539517441
569693012885770240
569699455919726593
569699965527666688
569700247275876352
569701550039429121
569703794453295104
569709973963468801
569714439517138944
569721379823554562
569722020776116224
569724257879502848
569727628766281728
569728483384930304
569734991862607872
569740962760499200
569743129928028160
569766662024630272
569803373530128384
569822645065093121
569830322357084160
569837786930540545
569844812783996928
569858012967542786
569864437739495424
569864863171764224
569876427270701056
569879547908206592
569879623317659648
569884438504427520
569885201293307905
569885742526124032
569894088209596416
569895932394917888
569897798692286465
569902065247322112
569903197835407361
569906532277731328
569908918421299200
569918026918727680
569918918602547200
569920508923215872
569926124488118272
569933901944066048
569941858132070400
569946012988669954
569951363670642689
569956147433574401
569956201934385152
569958349514485760
569969062228439040
569970608693493760
569977974176378880
569978537953902592
569980771424976896
569989340052344832
569992310563450880
569992532123258881
569997351412228097
570010976608780288
570012000648081409
570030590466121728
570035525761011713
570052545298759680
570056648137576449
570059496300548096
570063869596475394
570074976428158976
570080545461407745
570121361953202178
570136130126897152
570138307767578625
570163259560452097
570184535507210241
570199974719455232
570214732067700736
570236014238699521
570240043022991361
570253865066602497
570262460395098112
570262977947013120
570265563035004928
570274049118625792
570275123854487552
570275153860386816
570275632518733825
570278902959988736
570283248301043712
570283851018317824
570287589216751616
570289584061480960
570291213007491076
570298644475346945
570301794850639872
570305603056349184
570307948171423745
570308309682675712
