568216890918637568
568793043664560128
569364383652044800
569641234769309696
568216890918637568
568793043664560128
569364383652044800
569641234769309696
568216890918637568
568793043664560128
569364383652044800
569641234769309696
569894640675102722
570078102551834624
568216890918637568
568793043664560128
569364383652044800
569641234769309696
569894640675102722
570078102551834624
568216890918637568
568793043664560128
569364383652044800
569641234769309696
569894640675102722
570078102551834624
568216890918637568
568793043664560128
569364383652044800
569641234769309696
569894640675102722
570078102551834624
568216890918637568
568793043664560128
569364383652044800
569641234769309696
569894640675102722
570078102551834624
568216890918637568
568793043664560128
569364383652044800
569641234769309696
569894640675102722
570078102551834624
