567841308452249600
567852550512181248
568628159618424833
568875530671554561
568982915956277249
569323727818657792
569434598825992192
569603962233622528
569606966772940801
569628922431873025
569691389958553600
567841308452249600
567852550512181248
568628159618424833
568875530671554561
568982915956277249
569323727818657792
569434598825992192
569603962233622528
569606966772940801
569628922431873025
569691389958553600
567841308452249600
567852550512181248
568628159618424833
568875530671554561
568982915956277249
569323727818657792
569434598825992192
569603962233622528
569606966772940801
569628922431873025
569691389958553600
569859036360908801
569873091763032065
569981968655519744
569999614624927744
570209843199524864
570226870119215104
570299252141903873
567841308452249600
567852550512181248
568628159618424833
568875530671554561
568982915956277249
569323727818657792
569434598825992192
569603962233622528
569606966772940801
569628922431873025
569691389958553600
569859036360908801
569873091763032065
569981968655519744
569999614624927744
570209843199524864
570226870119215104
570299252141903873
567841308452249600
567852550512181248
568628159618424833
568875530671554561
568982915956277249
569323727818657792
569434598825992192
569603962233622528
569606966772940801
569628922431873025
569691389958553600
569859036360908801
569873091763032065
569981968655519744
569999614624927744
570209843199524864
570226870119215104
570299252141903873
567841308452249600
567852550512181248
568628159618424833
568875530671554561
568982915956277249
569323727818657792
569434598825992192
569603962233622528
569606966772940801
569628922431873025
569691389958553600
569859036360908801
569873091763032065
569981968655519744
569999614624927744
570209843199524864
570226870119215104
570299252141903873
567841308452249600
567852550512181248
568628159618424833
568875530671554561
568982915956277249
569323727818657792
569434598825992192
569603962233622528
569606966772940801
569628922431873025
569691389958553600
569859036360908801
569873091763032065
569981968655519744
569999614624927744
570209843199524864
570226870119215104
570299252141903873
567841308452249600
567852550512181248
568628159618424833
568875530671554561
568982915956277249
569323727818657792
569434598825992192
569603962233622528
569606966772940801
569628922431873025
569691389958553600
569859036360908801
569873091763032065
569981968655519744
569999614624927744
570209843199524864
570226870119215104
570299252141903873
