567805339790475264
567812349895245824
567814094678675458
567826054522617858
568716015338717184
567805339790475264
567812349895245824
567814094678675458
567826054522617858
568716015338717184
567805339790475264
567812349895245824
567814094678675458
567826054522617858
568716015338717184
569973204263034880
570066487056027650
570195089869447168
567805339790475264
567812349895245824
567814094678675458
567826054522617858
568716015338717184
569973204263034880
570066487056027650
570195089869447168
567805339790475264
567812349895245824
567814094678675458
567826054522617858
568716015338717184
569973204263034880
570066487056027650
570195089869447168
567805339790475264
567812349895245824
567814094678675458
567826054522617858
568716015338717184
569973204263034880
570066487056027650
570195089869447168
567805339790475264
567812349895245824
567814094678675458
567826054522617858
568716015338717184
569973204263034880
570066487056027650
570195089869447168
567805339790475264
567812349895245824
567814094678675458
567826054522617858
568716015338717184
569973204263034880
570066487056027650
570195089869447168
