567732351774781440
567746540903493632
568014845062332416
568085636592349184
568209150410248192
568456085536935936
568501367754661888
568578381320597504
569190933297807360
569343070849740801
569547458520469505
569595595754639360
569624621047111680
569655584540266496
569780773194113025
567732351774781440
567746540903493632
568014845062332416
568085636592349184
568209150410248192
568456085536935936
568501367754661888
568578381320597504
569190933297807360
569343070849740801
569547458520469505
569595595754639360
569624621047111680
569655584540266496
569780773194113025
567732351774781440
567746540903493632
568014845062332416
568085636592349184
568209150410248192
568456085536935936
568501367754661888
568578381320597504
569190933297807360
569343070849740801
569547458520469505
569595595754639360
569624621047111680
569655584540266496
569780773194113025
569850259507154944
569858507341606912
569906598472228864
569970608693493760
569999091028983808
570044019897556994
570308156699611137
