567725820056068096
567748863449395201
568056298937430016
568203369053077505
568234955672694784
568794248654426112
568917792172351488
569657264262533120
569689826221363201
567725820056068096
567748863449395201
568056298937430016
568203369053077505
568234955672694784
568794248654426112
568917792172351488
569657264262533120
569689826221363201
567725820056068096
567748863449395201
568056298937430016
568203369053077505
568234955672694784
568794248654426112
568917792172351488
569657264262533120
569689826221363201
569852657327738880
570049697924009984
570073473952968705
570272778840104960
567725820056068096
567748863449395201
568056298937430016
568203369053077505
568234955672694784
568794248654426112
568917792172351488
569657264262533120
569689826221363201
569852657327738880
570049697924009984
570073473952968705
570272778840104960
567725820056068096
567748863449395201
568056298937430016
568203369053077505
568234955672694784
568794248654426112
568917792172351488
569657264262533120
569689826221363201
569852657327738880
570049697924009984
570073473952968705
570272778840104960
567725820056068096
567748863449395201
568056298937430016
568203369053077505
568234955672694784
568794248654426112
568917792172351488
569657264262533120
569689826221363201
569852657327738880
570049697924009984
570073473952968705
570272778840104960
567725820056068096
567748863449395201
568056298937430016
568203369053077505
568234955672694784
568794248654426112
568917792172351488
569657264262533120
569689826221363201
569852657327738880
570049697924009984
570073473952968705
570272778840104960
567725820056068096
567748863449395201
568056298937430016
568203369053077505
568234955672694784
568794248654426112
568917792172351488
569657264262533120
569689826221363201
569852657327738880
570049697924009984
570073473952968705
570272778840104960
