567783802492420096
568055279839023105
568104397869350912
568191336764948480
568487688510287873
568672467889176577
568877690821877760
569075352888176640
569149949989879808
569287656607100929
569558286216929280
569596420761604096
569599260288819201
569606901325017090
569635389289459712
569643614113918976
569695553644322816
569699091367665664
569719964023853056
567783802492420096
568055279839023105
568104397869350912
568191336764948480
568487688510287873
568672467889176577
568877690821877760
569075352888176640
569149949989879808
569287656607100929
569558286216929280
569596420761604096
569599260288819201
569606901325017090
569635389289459712
569643614113918976
569695553644322816
569699091367665664
569719964023853056
567783802492420096
568055279839023105
568104397869350912
568191336764948480
568487688510287873
568672467889176577
568877690821877760
569075352888176640
569149949989879808
569287656607100929
569558286216929280
569596420761604096
569599260288819201
569606901325017090
569635389289459712
569643614113918976
569695553644322816
569699091367665664
569719964023853056
569920723038416897
569937119411462144
569963701794516992
570146467542933505
570258209534922752
570287589216751616
