567782794261438466
567813060027772928
567907430069329920
567921825948250112
568494749247778816
568619178363478018
569007580925677568
569164183473762304
569184788784918528
569190933297807360
569199095505690624
569296784922578944
569353033915584513
569353501123280896
569357781402308608
569575780864241664
569614436660432896
569643344462262274
569649222963871744
569652564544761856
569689239136423936
567782794261438466
567813060027772928
567907430069329920
567921825948250112
568494749247778816
568619178363478018
569007580925677568
569164183473762304
569184788784918528
569190933297807360
569199095505690624
569296784922578944
569353033915584513
569353501123280896
569357781402308608
569575780864241664
569614436660432896
569643344462262274
569649222963871744
569652564544761856
569689239136423936
567782794261438466
567813060027772928
567907430069329920
567921825948250112
568494749247778816
568619178363478018
569007580925677568
569164183473762304
569184788784918528
569190933297807360
569199095505690624
569296784922578944
569353033915584513
569353501123280896
569357781402308608
569575780864241664
569614436660432896
569643344462262274
569649222963871744
569652564544761856
569689239136423936
569874553175810050
569881449249316864
569901679975522304
569934076641030146
569935522497478656
569983375584272384
569997196298293249
570138307767578625
570176998355701760
570278803399798784
570307615189835777
