567743028215836672
567773445195583488
567847163465764864
568091845848231937
568426007583170560
568429136584286209
568429188975173634
568437385844924416
568440527328120832
568454606675529731
568478666868588545
569386956435488768
569639529805688832
569649617802891264
569692158287962112
567743028215836672
567773445195583488
567847163465764864
568091845848231937
568426007583170560
568429136584286209
568429188975173634
568437385844924416
568440527328120832
568454606675529731
568478666868588545
569386956435488768
569639529805688832
569649617802891264
569692158287962112
567743028215836672
567773445195583488
567847163465764864
568091845848231937
568426007583170560
568429136584286209
568429188975173634
568437385844924416
568440527328120832
568454606675529731
568478666868588545
569386956435488768
569639529805688832
569649617802891264
569692158287962112
569873050117808128
569998842579566592
567743028215836672
567773445195583488
567847163465764864
568091845848231937
568426007583170560
568429136584286209
568429188975173634
568437385844924416
568440527328120832
568454606675529731
568478666868588545
569386956435488768
569639529805688832
569649617802891264
569692158287962112
569873050117808128
569998842579566592
567743028215836672
567773445195583488
567847163465764864
568091845848231937
568426007583170560
568429136584286209
568429188975173634
568437385844924416
568440527328120832
568454606675529731
568478666868588545
569386956435488768
569639529805688832
569649617802891264
569692158287962112
569873050117808128
569998842579566592
567743028215836672
567773445195583488
567847163465764864
568091845848231937
568426007583170560
568429136584286209
568429188975173634
568437385844924416
568440527328120832
568454606675529731
568478666868588545
569386956435488768
569639529805688832
569649617802891264
569692158287962112
569873050117808128
569998842579566592
567743028215836672
567773445195583488
567847163465764864
568091845848231937
568426007583170560
568429136584286209
568429188975173634
568437385844924416
568440527328120832
568454606675529731
568478666868588545
569386956435488768
569639529805688832
569649617802891264
569692158287962112
569873050117808128
569998842579566592
567743028215836672
567773445195583488
567847163465764864
568091845848231937
568426007583170560
568429136584286209
568429188975173634
568437385844924416
568440527328120832
568454606675529731
568478666868588545
569386956435488768
569639529805688832
569649617802891264
569692158287962112
569873050117808128
569998842579566592
