567874970463780864
567884863031762945
567915499868131328
568124733851443200
568161023091478530
568178422175948801
568228124263124992
568240355772108800
568612911222026241
568664266502479872
568723674934722560
568869609622904832
569287724471066625
569482685061554176
569572184768835585
569589643487928321
569594712337854464
569611482234687488
567874970463780864
567884863031762945
567915499868131328
568124733851443200
568161023091478530
568178422175948801
568228124263124992
568240355772108800
568612911222026241
568664266502479872
568723674934722560
568869609622904832
569287724471066625
569482685061554176
569572184768835585
569589643487928321
569594712337854464
569611482234687488
567874970463780864
567884863031762945
567915499868131328
568124733851443200
568161023091478530
568178422175948801
568228124263124992
568240355772108800
568612911222026241
568664266502479872
568723674934722560
568869609622904832
569287724471066625
569482685061554176
569572184768835585
569589643487928321
569594712337854464
569611482234687488
570046710870728704
570206562855329793
567874970463780864
567884863031762945
567915499868131328
568124733851443200
568161023091478530
568178422175948801
568228124263124992
568240355772108800
568612911222026241
568664266502479872
568723674934722560
568869609622904832
569287724471066625
569482685061554176
569572184768835585
569589643487928321
569594712337854464
569611482234687488
570046710870728704
570206562855329793
567874970463780864
567884863031762945
567915499868131328
568124733851443200
568161023091478530
568178422175948801
568228124263124992
568240355772108800
568612911222026241
568664266502479872
568723674934722560
568869609622904832
569287724471066625
569482685061554176
569572184768835585
569589643487928321
569594712337854464
569611482234687488
570046710870728704
570206562855329793
567874970463780864
567884863031762945
567915499868131328
568124733851443200
568161023091478530
568178422175948801
568228124263124992
568240355772108800
568612911222026241
568664266502479872
568723674934722560
568869609622904832
569287724471066625
569482685061554176
569572184768835585
569589643487928321
569594712337854464
569611482234687488
570046710870728704
570206562855329793
567874970463780864
567884863031762945
567915499868131328
568124733851443200
568161023091478530
568178422175948801
568228124263124992
568240355772108800
568612911222026241
568664266502479872
568723674934722560
568869609622904832
569287724471066625
569482685061554176
569572184768835585
569589643487928321
569594712337854464
569611482234687488
570046710870728704
570206562855329793
567874970463780864
567884863031762945
567915499868131328
568124733851443200
568161023091478530
568178422175948801
568228124263124992
568240355772108800
568612911222026241
568664266502479872
568723674934722560
568869609622904832
569287724471066625
569482685061554176
569572184768835585
569589643487928321
569594712337854464
569611482234687488
570046710870728704
570206562855329793
