567748863449395201
567792296654299137
567795026307325952
567822717665198080
567870045981929473
568167414493532161
568171538324840449
568182386409607168
568185092163678208
568208027775569920
568211263303639040
568228746697814016
568272688273174528
568449164951953408
568454157478326272
568465174702772226
568530234368069632
568541219711819776
568573057184473089
568623875468226560
568749392083206144
568752061682208768
568757775205056512
568760152129720320
568769775515635712
568818695562260481
568843696105496577
568851396923146240
568875591308611584
568929299350179840
568938023439765504
568961160357285889
568969371118391296
568995644276383744
569071393356288000
569075196117839872
569075488926371841
569159619710361600
569250085516681216
569312530620817408
569323273172832256
569332399471001600
569335779371003904
569338492515278848
569348678911021056
569351224274718720
569470757673291777
569483303067131905
569497791623512065
569522820725788674
569523240252661760
569526029859094528
569531827989454848
569535820270583809
569553741222952960
569579575291875328
569600990430806017
569605521050898433
569605604416888832
569605710314668035
569621528951660545
569622389920641024
569636980612427776
569664668010225664
569670589646032896
569673431224074240
569674349734711296
569685186495057920
569699171868938241
569718410944188417
569718465034096640
567748863449395201
567792296654299137
567795026307325952
567822717665198080
567870045981929473
568167414493532161
568171538324840449
568182386409607168
568185092163678208
568208027775569920
568211263303639040
568228746697814016
568272688273174528
568449164951953408
568454157478326272
568465174702772226
568530234368069632
568541219711819776
568573057184473089
568623875468226560
568749392083206144
568752061682208768
568757775205056512
568760152129720320
568769775515635712
568818695562260481
568843696105496577
568851396923146240
568875591308611584
568929299350179840
568938023439765504
568961160357285889
568969371118391296
568995644276383744
569071393356288000
569075196117839872
569075488926371841
569159619710361600
569250085516681216
569312530620817408
569323273172832256
569332399471001600
569335779371003904
569338492515278848
569348678911021056
569351224274718720
569470757673291777
569483303067131905
569497791623512065
569522820725788674
569523240252661760
569526029859094528
569531827989454848
569535820270583809
569553741222952960
569579575291875328
569600990430806017
569605521050898433
569605604416888832
569605710314668035
569621528951660545
569622389920641024
569636980612427776
569664668010225664
569670589646032896
569673431224074240
569674349734711296
569685186495057920
569699171868938241
569718410944188417
569718465034096640
569825936788598786
567748863449395201
567792296654299137
567795026307325952
567822717665198080
567870045981929473
568167414493532161
568171538324840449
568182386409607168
568185092163678208
568208027775569920
568211263303639040
568228746697814016
568272688273174528
568449164951953408
568454157478326272
568465174702772226
568530234368069632
568541219711819776
568573057184473089
568623875468226560
568749392083206144
568752061682208768
568757775205056512
568760152129720320
568769775515635712
568818695562260481
568843696105496577
568851396923146240
568875591308611584
568929299350179840
568938023439765504
568961160357285889
568969371118391296
568995644276383744
569071393356288000
569075196117839872
569075488926371841
569159619710361600
569250085516681216
569312530620817408
569323273172832256
569332399471001600
569335779371003904
569338492515278848
569348678911021056
569351224274718720
569470757673291777
569483303067131905
569497791623512065
569522820725788674
569523240252661760
569526029859094528
569531827989454848
569535820270583809
569553741222952960
569579575291875328
569600990430806017
569605521050898433
569605604416888832
569605710314668035
569621528951660545
569622389920641024
569636980612427776
569664668010225664
569670589646032896
569673431224074240
569674349734711296
569685186495057920
569699171868938241
569718410944188417
569718465034096640
569825936788598786
569852084536750080
569879547908206592
569933357515026432
569960311022850048
569964670531973120
569995514558550016
570000760035024896
570004470370676737
570099717314457600
570179813845147648
570188838775103488
570205323992174592
570216606057541632
570258141599928321
570258209534922752
570281232287731712
570286035118071808
570290730796777473
570302337069264900
570303383782989824
567748863449395201
567792296654299137
567795026307325952
567822717665198080
567870045981929473
568167414493532161
568171538324840449
568182386409607168
568185092163678208
568208027775569920
568211263303639040
568228746697814016
568272688273174528
568449164951953408
568454157478326272
568465174702772226
568530234368069632
568541219711819776
568573057184473089
568623875468226560
568749392083206144
568752061682208768
568757775205056512
568760152129720320
568769775515635712
568818695562260481
568843696105496577
568851396923146240
568875591308611584
568929299350179840
568938023439765504
568961160357285889
568969371118391296
568995644276383744
569071393356288000
569075196117839872
569075488926371841
569159619710361600
569250085516681216
569312530620817408
569323273172832256
569332399471001600
569335779371003904
569338492515278848
569348678911021056
569351224274718720
569470757673291777
569483303067131905
569497791623512065
569522820725788674
569523240252661760
569526029859094528
569531827989454848
569535820270583809
569553741222952960
569579575291875328
569600990430806017
569605521050898433
569605604416888832
569605710314668035
569621528951660545
569622389920641024
569636980612427776
569664668010225664
569670589646032896
569673431224074240
569674349734711296
569685186495057920
569699171868938241
569718410944188417
569718465034096640
569825936788598786
569852084536750080
569879547908206592
569933357515026432
569960311022850048
569964670531973120
569995514558550016
570000760035024896
570004470370676737
570099717314457600
570179813845147648
570188838775103488
570205323992174592
570216606057541632
570258141599928321
570258209534922752
570281232287731712
570286035118071808
570290730796777473
570302337069264900
570303383782989824
567748863449395201
567792296654299137
567795026307325952
567822717665198080
567870045981929473
568167414493532161
568171538324840449
568182386409607168
568185092163678208
568208027775569920
568211263303639040
568228746697814016
568272688273174528
568449164951953408
568454157478326272
568465174702772226
568530234368069632
568541219711819776
568573057184473089
568623875468226560
568749392083206144
568752061682208768
568757775205056512
568760152129720320
568769775515635712
568818695562260481
568843696105496577
568851396923146240
568875591308611584
568929299350179840
568938023439765504
568961160357285889
568969371118391296
568995644276383744
569071393356288000
569075196117839872
569075488926371841
569159619710361600
569250085516681216
569312530620817408
569323273172832256
569332399471001600
569335779371003904
569338492515278848
569348678911021056
569351224274718720
569470757673291777
569483303067131905
569497791623512065
569522820725788674
569523240252661760
569526029859094528
569531827989454848
569535820270583809
569553741222952960
569579575291875328
569600990430806017
569605521050898433
569605604416888832
569605710314668035
569621528951660545
569622389920641024
569636980612427776
569664668010225664
569670589646032896
569673431224074240
569674349734711296
569685186495057920
569699171868938241
569718410944188417
569718465034096640
569825936788598786
569852084536750080
569879547908206592
569933357515026432
569960311022850048
569964670531973120
569995514558550016
570000760035024896
570004470370676737
570099717314457600
570179813845147648
570188838775103488
570205323992174592
570216606057541632
570258141599928321
570258209534922752
570281232287731712
570286035118071808
570290730796777473
570302337069264900
570303383782989824
567748863449395201
567792296654299137
567795026307325952
567822717665198080
567870045981929473
568167414493532161
568171538324840449
568182386409607168
568185092163678208
568208027775569920
568211263303639040
568228746697814016
568272688273174528
568449164951953408
568454157478326272
568465174702772226
568530234368069632
568541219711819776
568573057184473089
568623875468226560
568749392083206144
568752061682208768
568757775205056512
568760152129720320
568769775515635712
568818695562260481
568843696105496577
568851396923146240
568875591308611584
568929299350179840
568938023439765504
568961160357285889
568969371118391296
568995644276383744
569071393356288000
569075196117839872
569075488926371841
569159619710361600
569250085516681216
569312530620817408
569323273172832256
569332399471001600
569335779371003904
569338492515278848
569348678911021056
569351224274718720
569470757673291777
569483303067131905
569497791623512065
569522820725788674
569523240252661760
569526029859094528
569531827989454848
569535820270583809
569553741222952960
569579575291875328
569600990430806017
569605521050898433
569605604416888832
569605710314668035
569621528951660545
569622389920641024
569636980612427776
569664668010225664
569670589646032896
569673431224074240
569674349734711296
569685186495057920
569699171868938241
569718410944188417
569718465034096640
569825936788598786
569852084536750080
569879547908206592
569933357515026432
569960311022850048
569964670531973120
569995514558550016
570000760035024896
570004470370676737
570099717314457600
570179813845147648
570188838775103488
570205323992174592
570216606057541632
570258141599928321
570258209534922752
570281232287731712
570286035118071808
570290730796777473
570302337069264900
570303383782989824
567748863449395201
567792296654299137
567795026307325952
567822717665198080
567870045981929473
568167414493532161
568171538324840449
568182386409607168
568185092163678208
568208027775569920
568211263303639040
568228746697814016
568272688273174528
568449164951953408
568454157478326272
568465174702772226
568530234368069632
568541219711819776
568573057184473089
568623875468226560
568749392083206144
568752061682208768
568757775205056512
568760152129720320
568769775515635712
568818695562260481
568843696105496577
568851396923146240
568875591308611584
568929299350179840
568938023439765504
568961160357285889
568969371118391296
568995644276383744
569071393356288000
569075196117839872
569075488926371841
569159619710361600
569250085516681216
569312530620817408
569323273172832256
569332399471001600
569335779371003904
569338492515278848
569348678911021056
569351224274718720
569470757673291777
569483303067131905
569497791623512065
569522820725788674
569523240252661760
569526029859094528
569531827989454848
569535820270583809
569553741222952960
569579575291875328
569600990430806017
569605521050898433
569605604416888832
569605710314668035
569621528951660545
569622389920641024
569636980612427776
569664668010225664
569670589646032896
569673431224074240
569674349734711296
569685186495057920
569699171868938241
569718410944188417
569718465034096640
569825936788598786
569852084536750080
569879547908206592
569933357515026432
569960311022850048
569964670531973120
569995514558550016
570000760035024896
570004470370676737
570099717314457600
570179813845147648
570188838775103488
570205323992174592
570216606057541632
570258141599928321
570258209534922752
570281232287731712
570286035118071808
570290730796777473
570302337069264900
570303383782989824
567748863449395201
567792296654299137
567795026307325952
567822717665198080
567870045981929473
568167414493532161
568171538324840449
568182386409607168
568185092163678208
568208027775569920
568211263303639040
568228746697814016
568272688273174528
568449164951953408
568454157478326272
568465174702772226
568530234368069632
568541219711819776
568573057184473089
568623875468226560
568749392083206144
568752061682208768
568757775205056512
568760152129720320
568769775515635712
568818695562260481
568843696105496577
568851396923146240
568875591308611584
568929299350179840
568938023439765504
568961160357285889
568969371118391296
568995644276383744
569071393356288000
569075196117839872
569075488926371841
569159619710361600
569250085516681216
569312530620817408
569323273172832256
569332399471001600
569335779371003904
569338492515278848
569348678911021056
569351224274718720
569470757673291777
569483303067131905
569497791623512065
569522820725788674
569523240252661760
569526029859094528
569531827989454848
569535820270583809
569553741222952960
569579575291875328
569600990430806017
569605521050898433
569605604416888832
569605710314668035
569621528951660545
569622389920641024
569636980612427776
569664668010225664
569670589646032896
569673431224074240
569674349734711296
569685186495057920
569699171868938241
569718410944188417
569718465034096640
569825936788598786
569852084536750080
569879547908206592
569933357515026432
569960311022850048
569964670531973120
569995514558550016
570000760035024896
570004470370676737
570099717314457600
570179813845147648
570188838775103488
570205323992174592
570216606057541632
570258141599928321
570258209534922752
570281232287731712
570286035118071808
570290730796777473
570302337069264900
570303383782989824
