567740187380170752
568605001666449408
568605539866976256
569171003852468224
567740187380170752
568605001666449408
568605539866976256
569171003852468224
567740187380170752
568605001666449408
568605539866976256
569171003852468224
567740187380170752
568605001666449408
568605539866976256
569171003852468224
567740187380170752
568605001666449408
568605539866976256
569171003852468224
567740187380170752
568605001666449408
568605539866976256
569171003852468224
567740187380170752
568605001666449408
568605539866976256
569171003852468224
567740187380170752
568605001666449408
568605539866976256
569171003852468224
