568243175074242560
568403649753448448
569143454434926592
568243175074242560
568403649753448448
569143454434926592
568243175074242560
568403649753448448
569143454434926592
569878537999503360
568243175074242560
568403649753448448
569143454434926592
569878537999503360
568243175074242560
568403649753448448
569143454434926592
569878537999503360
568243175074242560
568403649753448448
569143454434926592
569878537999503360
568243175074242560
568403649753448448
569143454434926592
569878537999503360
568243175074242560
568403649753448448
569143454434926592
569878537999503360
