567780888700669952
567883234614210560
568109598034554880
568194427904069632
568203369053077505
568220131819720705
568229032652709888
568261172610220033
568351842217947136
568434014672916480
568490964173627393
568499953041080321
568792664931508225
568803073835077632
568806138973540352
568810681279111168
568819697438871553
568895856750899202
569248898071580672
569674104913014784
569759999083171840
567780888700669952
567883234614210560
568109598034554880
568194427904069632
568203369053077505
568220131819720705
568229032652709888
568261172610220033
568351842217947136
568434014672916480
568490964173627393
568499953041080321
568792664931508225
568803073835077632
568806138973540352
568810681279111168
568819697438871553
568895856750899202
569248898071580672
569674104913014784
569759999083171840
567780888700669952
567883234614210560
568109598034554880
568194427904069632
568203369053077505
568220131819720705
568229032652709888
568261172610220033
568351842217947136
568434014672916480
568490964173627393
568499953041080321
568792664931508225
568803073835077632
568806138973540352
568810681279111168
568819697438871553
568895856750899202
569248898071580672
569674104913014784
569759999083171840
569858278370516992
569863166189924352
569901314026692611
569936580883783680
569962873209937920
570102725842575360
567780888700669952
567883234614210560
568109598034554880
568194427904069632
568203369053077505
568220131819720705
568229032652709888
568261172610220033
568351842217947136
568434014672916480
568490964173627393
568499953041080321
568792664931508225
568803073835077632
568806138973540352
568810681279111168
568819697438871553
568895856750899202
569248898071580672
569674104913014784
569759999083171840
569858278370516992
569863166189924352
569901314026692611
569936580883783680
569962873209937920
570102725842575360
567780888700669952
567883234614210560
568109598034554880
568194427904069632
568203369053077505
568220131819720705
568229032652709888
568261172610220033
568351842217947136
568434014672916480
568490964173627393
568499953041080321
568792664931508225
568803073835077632
568806138973540352
568810681279111168
568819697438871553
568895856750899202
569248898071580672
569674104913014784
569759999083171840
569858278370516992
569863166189924352
569901314026692611
569936580883783680
569962873209937920
570102725842575360
567780888700669952
567883234614210560
568109598034554880
568194427904069632
568203369053077505
568220131819720705
568229032652709888
568261172610220033
568351842217947136
568434014672916480
568490964173627393
568499953041080321
568792664931508225
568803073835077632
568806138973540352
568810681279111168
568819697438871553
568895856750899202
569248898071580672
569674104913014784
569759999083171840
569858278370516992
569863166189924352
569901314026692611
569936580883783680
569962873209937920
570102725842575360
567780888700669952
567883234614210560
568109598034554880
568194427904069632
568203369053077505
568220131819720705
568229032652709888
568261172610220033
568351842217947136
568434014672916480
568490964173627393
568499953041080321
568792664931508225
568803073835077632
568806138973540352
568810681279111168
568819697438871553
568895856750899202
569248898071580672
569674104913014784
569759999083171840
569858278370516992
569863166189924352
569901314026692611
569936580883783680
569962873209937920
570102725842575360
567780888700669952
567883234614210560
568109598034554880
568194427904069632
568203369053077505
568220131819720705
568229032652709888
568261172610220033
568351842217947136
568434014672916480
568490964173627393
568499953041080321
568792664931508225
568803073835077632
568806138973540352
568810681279111168
568819697438871553
568895856750899202
569248898071580672
569674104913014784
569759999083171840
569858278370516992
569863166189924352
569901314026692611
569936580883783680
569962873209937920
570102725842575360
