567822717665198080
568076919146557440
568154777739259907
568386996525252609
568460100970668032
568466642193104897
568929754151145472
569225573773369344
569243017552375809
569337230935724032
567822717665198080
568076919146557440
568154777739259907
568386996525252609
568460100970668032
568466642193104897
568929754151145472
569225573773369344
569243017552375809
569337230935724032
567822717665198080
568076919146557440
568154777739259907
568386996525252609
568460100970668032
568466642193104897
568929754151145472
569225573773369344
569243017552375809
569337230935724032
570063450174464000
570097189617143808
570207643874123777
567822717665198080
568076919146557440
568154777739259907
568386996525252609
568460100970668032
568466642193104897
568929754151145472
569225573773369344
569243017552375809
569337230935724032
570063450174464000
570097189617143808
570207643874123777
567822717665198080
568076919146557440
568154777739259907
568386996525252609
568460100970668032
568466642193104897
568929754151145472
569225573773369344
569243017552375809
569337230935724032
570063450174464000
570097189617143808
570207643874123777
567822717665198080
568076919146557440
568154777739259907
568386996525252609
568460100970668032
568466642193104897
568929754151145472
569225573773369344
569243017552375809
569337230935724032
570063450174464000
570097189617143808
570207643874123777
567822717665198080
568076919146557440
568154777739259907
568386996525252609
568460100970668032
568466642193104897
568929754151145472
569225573773369344
569243017552375809
569337230935724032
570063450174464000
570097189617143808
570207643874123777
567822717665198080
568076919146557440
568154777739259907
568386996525252609
568460100970668032
568466642193104897
568929754151145472
569225573773369344
569243017552375809
569337230935724032
570063450174464000
570097189617143808
570207643874123777
