567803477762797570
568068468261519360
568158656522539008
568159614069444608
568207527067783168
569333637382053889
569538171509350400
569604909571678208
569693592597323776
567803477762797570
568068468261519360
568158656522539008
568159614069444608
568207527067783168
569333637382053889
569538171509350400
569604909571678208
569693592597323776
569842758967386112
567803477762797570
568068468261519360
568158656522539008
568159614069444608
568207527067783168
569333637382053889
569538171509350400
569604909571678208
569693592597323776
569842758967386112
569963097055604736
570050402294636544
570208115205021696
567803477762797570
568068468261519360
568158656522539008
568159614069444608
568207527067783168
569333637382053889
569538171509350400
569604909571678208
569693592597323776
569842758967386112
569963097055604736
570050402294636544
570208115205021696
567803477762797570
568068468261519360
568158656522539008
568159614069444608
568207527067783168
569333637382053889
569538171509350400
569604909571678208
569693592597323776
569842758967386112
569963097055604736
570050402294636544
570208115205021696
567803477762797570
568068468261519360
568158656522539008
568159614069444608
568207527067783168
569333637382053889
569538171509350400
569604909571678208
569693592597323776
569842758967386112
569963097055604736
570050402294636544
570208115205021696
567803477762797570
568068468261519360
568158656522539008
568159614069444608
568207527067783168
569333637382053889
569538171509350400
569604909571678208
569693592597323776
569842758967386112
569963097055604736
570050402294636544
570208115205021696
567803477762797570
568068468261519360
568158656522539008
568159614069444608
568207527067783168
569333637382053889
569538171509350400
569604909571678208
569693592597323776
569842758967386112
569963097055604736
570050402294636544
570208115205021696
