567739625465077761
567848544893169664
567897640035160064
568817985147654144
568842944024875008
569187541120724992
569208480793567233
569262631258705920
569518200410546176
569555072067051520
569683397657767937
567739625465077761
567848544893169664
567897640035160064
568817985147654144
568842944024875008
569187541120724992
569208480793567233
569262631258705920
569518200410546176
569555072067051520
569683397657767937
567739625465077761
567848544893169664
567897640035160064
568817985147654144
568842944024875008
569187541120724992
569208480793567233
569262631258705920
569518200410546176
569555072067051520
569683397657767937
569940834994401280
569977887136342016
570048310876119040
570061334898872321
570205370649604096
570238126611963905
567739625465077761
567848544893169664
567897640035160064
568817985147654144
568842944024875008
569187541120724992
569208480793567233
569262631258705920
569518200410546176
569555072067051520
569683397657767937
569940834994401280
569977887136342016
570048310876119040
570061334898872321
570205370649604096
570238126611963905
567739625465077761
567848544893169664
567897640035160064
568817985147654144
568842944024875008
569187541120724992
569208480793567233
569262631258705920
569518200410546176
569555072067051520
569683397657767937
569940834994401280
569977887136342016
570048310876119040
570061334898872321
570205370649604096
570238126611963905
567739625465077761
567848544893169664
567897640035160064
568817985147654144
568842944024875008
569187541120724992
569208480793567233
569262631258705920
569518200410546176
569555072067051520
569683397657767937
569940834994401280
569977887136342016
570048310876119040
570061334898872321
570205370649604096
570238126611963905
567739625465077761
567848544893169664
567897640035160064
568817985147654144
568842944024875008
569187541120724992
569208480793567233
569262631258705920
569518200410546176
569555072067051520
569683397657767937
569940834994401280
569977887136342016
570048310876119040
570061334898872321
570205370649604096
570238126611963905
567739625465077761
567848544893169664
567897640035160064
568817985147654144
568842944024875008
569187541120724992
569208480793567233
569262631258705920
569518200410546176
569555072067051520
569683397657767937
569940834994401280
569977887136342016
570048310876119040
570061334898872321
570205370649604096
570238126611963905
