567729246198837248
568064842466250752
568265355115814913
568337096177528832
568424596657078272
568440514506301440
568572753403650049
568894687911632896
568926321369153536
569234280632754176
569261791928315905
569679450750750720
567729246198837248
568064842466250752
568265355115814913
568337096177528832
568424596657078272
568440514506301440
568572753403650049
568894687911632896
568926321369153536
569234280632754176
569261791928315905
569679450750750720
567729246198837248
568064842466250752
568265355115814913
568337096177528832
568424596657078272
568440514506301440
568572753403650049
568894687911632896
568926321369153536
569234280632754176
569261791928315905
569679450750750720
569851952282112000
569942569951600640
569988061150359552
570200756827000832
570252885809868801
570306733010264064
