567717985092395008
567730299912482816
567731585035014144
567737317432258560
567743200614289408
567754593434873857
567758009607421952
567759608643452929
567761790357209088
567762685200228352
567770993159307264
567775776582672384
567780888700669952
567784773780013057
567802194155565056
567811268900556802
567811376686637056
567813042576199680
567816742300356608
567816909816635392
567819711950635009
567822098950791168
567843309349036032
567849500536152064
567851275599110144
567858076285452288
567860067602558977
567862240419934208
567875552377450497
567887326350811137
567892715603652608
567893704058474496
567893924699770880
567905267033055233
567999609248858112
568032561462689793
568050718772314112
568054514617622528
568055766130827264
568069363280035840
568079278505463808
568095662262358016
568105932917481472
568116146899169280
568123098546843648
568126722903814144
568138663864852481
568149878095753216
568156758025187329
568163426343784448
568180525644398593
568186803930464256
568205359208230912
568213843618299904
568240338164252672
568276805972570112
568298659537915904
568382290352590848
568385277514919937
568389719093940224
568406048777900032
568410282298621952
568411504497856512
568414872578465792
568426849040261120
568434729684307970
568440681531875328
568444029257584640
568452676452806656
568454418141614080
568465174702772226
568468959663489025
568478510538493952
568514213921947648
568525368572817408
568527922576777216
568533371602608128
568543525505089536
568583737417605122
568595828232863745
568604039430033408
568605590735294464
568656888935481344
568706272788262912
568715107892641792
568723674934722560
568738229274464256
568768864793681921
568769216662282240
568769725175435264
568781213651087361
568795791445209088
568796018348724226
568801542322548737
568815514702770176
568821070767255552
568827397103099904
568832749093687296
568833970143698944
568836728716333056
568837168350699520
568855933360607232
568926018049691648
568928741298012160
568953190252544000
568959916498509824
568960315888668672
568964974611193858
568966274887389185
568976619089620992
568983569563033600
569078346660900864
569085424498446337
569098396914421763
569113910776881152
569120847115501568
569143704109215745
569147067559485440
569164064636727298
569165654848204800
569168955786600448
569170541250129920
569171651381702657
569191124373520384
569203705750237184
569204474155282433
569222694778105857
569223788639821824
569227490046164992
569232560330555393
569239939776274433
569245342421491712
569248843532886016
569275554110664705
569275935905722368
569278644943757312
569291509305970688
569306524155310080
569333934670139392
569340200934969344
569357196141719552
569358956549681152
569361701495304192
569369331173363712
569380122194636800
569395649310883840
569421367243878400
569484085397057536
569499434633048065
569504786879528962
569516969969389568
569518608797323265
569523831460761601
569532310716080129
569534372954681344
569544742595391489
569571437389881344
569572180012371968
569577959440257025
569578441508458496
569588816438169600
569597666025345024
569608265623064576
569614009369907200
569619752399667200
569619861879590912
569621976131772416
569623171210436608
569627480425766912
569629100114989056
569631027385245696
569631575819710464
569636454869151744
569646535215939585
569649222963871744
569654393898864640
569659027073867777
569661901468270592
569662513111023616
569665343880368131
569674358135914496
569676450552537088
569676702030262272
569676933778292736
569683240828723201
569691155606183937
569691648579338240
569700635152494592
569707583646375936
569723119415513088
569727135717281792
569742305499828224
569762394169221121
569768294648905728
569787232292245504
569790297875599361
569805215605456896
567717985092395008
567730299912482816
567731585035014144
567737317432258560
567743200614289408
567754593434873857
567758009607421952
567759608643452929
567761790357209088
567762685200228352
567770993159307264
567775776582672384
567780888700669952
567784773780013057
567802194155565056
567811268900556802
567811376686637056
567813042576199680
567816742300356608
567816909816635392
567819711950635009
567822098950791168
567843309349036032
567849500536152064
567851275599110144
567858076285452288
567860067602558977
567862240419934208
567875552377450497
567887326350811137
567892715603652608
567893704058474496
567893924699770880
567905267033055233
567999609248858112
568032561462689793
568050718772314112
568054514617622528
568055766130827264
568069363280035840
568079278505463808
568095662262358016
568105932917481472
568116146899169280
568123098546843648
568126722903814144
568138663864852481
568149878095753216
568156758025187329
568163426343784448
568180525644398593
568186803930464256
568205359208230912
568213843618299904
568240338164252672
568276805972570112
568298659537915904
568382290352590848
568385277514919937
568389719093940224
568406048777900032
568410282298621952
568411504497856512
568414872578465792
568426849040261120
568434729684307970
568440681531875328
568444029257584640
568452676452806656
568454418141614080
568465174702772226
568468959663489025
568478510538493952
568514213921947648
568525368572817408
568527922576777216
568533371602608128
568543525505089536
568583737417605122
568595828232863745
568604039430033408
568605590735294464
568656888935481344
568706272788262912
568715107892641792
568723674934722560
568738229274464256
568768864793681921
568769216662282240
568769725175435264
568781213651087361
568795791445209088
568796018348724226
568801542322548737
568815514702770176
568821070767255552
568827397103099904
568832749093687296
568833970143698944
568836728716333056
568837168350699520
568855933360607232
568926018049691648
568928741298012160
568953190252544000
568959916498509824
568960315888668672
568964974611193858
568966274887389185
568976619089620992
568983569563033600
569078346660900864
569085424498446337
569098396914421763
569113910776881152
569120847115501568
569143704109215745
569147067559485440
569164064636727298
569165654848204800
569168955786600448
569170541250129920
569171651381702657
569191124373520384
569203705750237184
569204474155282433
569222694778105857
569223788639821824
569227490046164992
569232560330555393
569239939776274433
569245342421491712
569248843532886016
569275554110664705
569275935905722368
569278644943757312
569291509305970688
569306524155310080
569333934670139392
569340200934969344
569357196141719552
569358956549681152
569361701495304192
569369331173363712
569380122194636800
569395649310883840
569421367243878400
569484085397057536
569499434633048065
569504786879528962
569516969969389568
569518608797323265
569523831460761601
569532310716080129
569534372954681344
569544742595391489
569571437389881344
569572180012371968
569577959440257025
569578441508458496
569588816438169600
569597666025345024
569608265623064576
569614009369907200
569619752399667200
569619861879590912
569621976131772416
569623171210436608
569627480425766912
569629100114989056
569631027385245696
569631575819710464
569636454869151744
569646535215939585
569649222963871744
569654393898864640
569659027073867777
569661901468270592
569662513111023616
569665343880368131
569674358135914496
569676450552537088
569676702030262272
569676933778292736
569683240828723201
569691155606183937
569691648579338240
569700635152494592
569707583646375936
569723119415513088
569727135717281792
569742305499828224
569762394169221121
569768294648905728
569787232292245504
569790297875599361
569805215605456896
569839889564307458
567717985092395008
567730299912482816
567731585035014144
567737317432258560
567743200614289408
567754593434873857
567758009607421952
567759608643452929
567761790357209088
567762685200228352
567770993159307264
567775776582672384
567780888700669952
567784773780013057
567802194155565056
567811268900556802
567811376686637056
567813042576199680
567816742300356608
567816909816635392
567819711950635009
567822098950791168
567843309349036032
567849500536152064
567851275599110144
567858076285452288
567860067602558977
567862240419934208
567875552377450497
567887326350811137
567892715603652608
567893704058474496
567893924699770880
567905267033055233
567999609248858112
568032561462689793
568050718772314112
568054514617622528
568055766130827264
568069363280035840
568079278505463808
568095662262358016
568105932917481472
568116146899169280
568123098546843648
568126722903814144
568138663864852481
568149878095753216
568156758025187329
568163426343784448
568180525644398593
568186803930464256
568205359208230912
568213843618299904
568240338164252672
568276805972570112
568298659537915904
568382290352590848
568385277514919937
568389719093940224
568406048777900032
568410282298621952
568411504497856512
568414872578465792
568426849040261120
568434729684307970
568440681531875328
568444029257584640
568452676452806656
568454418141614080
568465174702772226
568468959663489025
568478510538493952
568514213921947648
568525368572817408
568527922576777216
568533371602608128
568543525505089536
568583737417605122
568595828232863745
568604039430033408
568605590735294464
568656888935481344
568706272788262912
568715107892641792
568723674934722560
568738229274464256
568768864793681921
568769216662282240
568769725175435264
568781213651087361
568795791445209088
568796018348724226
568801542322548737
568815514702770176
568821070767255552
568827397103099904
568832749093687296
568833970143698944
568836728716333056
568837168350699520
568855933360607232
568926018049691648
568928741298012160
568953190252544000
568959916498509824
568960315888668672
568964974611193858
568966274887389185
568976619089620992
568983569563033600
569078346660900864
569085424498446337
569098396914421763
569113910776881152
569120847115501568
569143704109215745
569147067559485440
569164064636727298
569165654848204800
569168955786600448
569170541250129920
569171651381702657
569191124373520384
569203705750237184
569204474155282433
569222694778105857
569223788639821824
569227490046164992
569232560330555393
569239939776274433
569245342421491712
569248843532886016
569275554110664705
569275935905722368
569278644943757312
569291509305970688
569306524155310080
569333934670139392
569340200934969344
569357196141719552
569358956549681152
569361701495304192
569369331173363712
569380122194636800
569395649310883840
569421367243878400
569484085397057536
569499434633048065
569504786879528962
569516969969389568
569518608797323265
569523831460761601
569532310716080129
569534372954681344
569544742595391489
569571437389881344
569572180012371968
569577959440257025
569578441508458496
569588816438169600
569597666025345024
569608265623064576
569614009369907200
569619752399667200
569619861879590912
569621976131772416
569623171210436608
569627480425766912
569629100114989056
569631027385245696
569631575819710464
569636454869151744
569646535215939585
569649222963871744
569654393898864640
569659027073867777
569661901468270592
569662513111023616
569665343880368131
569674358135914496
569676450552537088
569676702030262272
569676933778292736
569683240828723201
569691155606183937
569691648579338240
569700635152494592
569707583646375936
569723119415513088
569727135717281792
569742305499828224
569762394169221121
569768294648905728
569787232292245504
569790297875599361
569805215605456896
569839889564307458
569845865185206273
569848398129565696
569859950215700480
569866091998126080
569873091763032065
569878388464177152
569878685723049985
569890430893993986
569894969332400128
569898392647811072
569906117100351493
569910053249142785
569920723038416897
569924101080535042
569925614100189186
569926945535860736
569940323746516993
569974656653877248
569976293573447682
569977585003827200
569978119530029056
569981034110050305
569986782567071744
569989321698074624
569993393767460864
569993908324663296
569994134997610496
569998120999759872
570004247586013184
570019459244691456
570025482344898560
570036187815149570
570043591927537664
570045645714620417
570058986025672704
570069362310324224
570073396152676352
570076827135246336
570077234570010624
570081695342309377
570095131967295489
570121588487663616
570122183072092160
570174794425098241
570183702224834560
570187686213918721
570189507447775234
570195970610348032
570205917024628736
570206077826039808
570212491134930945
570229222662410240
570244951914782721
570248035369820162
570259540697948162
570265280674459648
570265883513384960
570268558451720193
570271644473622528
570274302118858752
570275218515726337
570277724385734656
570286290203070465
570299182310944768
