567846359631564800
568239978276360192
567846359631564800
568239978276360192
567846359631564800
568239978276360192
569862767236255744
569880251767123968
569908123550375936
570066231757180928
567846359631564800
568239978276360192
569862767236255744
569880251767123968
569908123550375936
570066231757180928
567846359631564800
568239978276360192
569862767236255744
569880251767123968
569908123550375936
570066231757180928
567846359631564800
568239978276360192
569862767236255744
569880251767123968
569908123550375936
570066231757180928
567846359631564800
568239978276360192
569862767236255744
569880251767123968
569908123550375936
570066231757180928
567846359631564800
568239978276360192
569862767236255744
569880251767123968
569908123550375936
570066231757180928
