569700243383537664
569700243383537664
569700243383537664
569935639539425280
570021943899877377
570022626724220928
570085625061384192
569700243383537664
569935639539425280
570021943899877377
570022626724220928
570085625061384192
569700243383537664
569935639539425280
570021943899877377
570022626724220928
570085625061384192
569700243383537664
569935639539425280
570021943899877377
570022626724220928
570085625061384192
569700243383537664
569935639539425280
570021943899877377
570022626724220928
570085625061384192
569700243383537664
569935639539425280
570021943899877377
570022626724220928
570085625061384192
