567886909516685312
568240100934426624
568416602728890370
568440527328120832
568760866088337409
569178715051188226
569198593158086656
569318653792948226
569459716906229760
569527951831666688
569552658010210305
569603833804038144
569618884577218560
569672477967835136
569692664720797696
569744079027896320
569803188901031936
567886909516685312
568240100934426624
568416602728890370
568440527328120832
568760866088337409
569178715051188226
569198593158086656
569318653792948226
569459716906229760
569527951831666688
569552658010210305
569603833804038144
569618884577218560
569672477967835136
569692664720797696
569744079027896320
569803188901031936
567886909516685312
568240100934426624
568416602728890370
568440527328120832
568760866088337409
569178715051188226
569198593158086656
569318653792948226
569459716906229760
569527951831666688
569552658010210305
569603833804038144
569618884577218560
569672477967835136
569692664720797696
569744079027896320
569803188901031936
569872756302422017
569938799397990401
570088470171013120
570097527841693697
570227814575804416
570232659282145280
570276806512779264
