567935142418780161
569144056305074176
569263373092823040
569316018230677504
569598942821744640
569780060523261952
567935142418780161
569144056305074176
569263373092823040
569316018230677504
569598942821744640
569780060523261952
567935142418780161
569144056305074176
569263373092823040
569316018230677504
569598942821744640
569780060523261952
569874944282234880
569886919833874432
570079755560595456
570257429486706688
567935142418780161
569144056305074176
569263373092823040
569316018230677504
569598942821744640
569780060523261952
569874944282234880
569886919833874432
570079755560595456
570257429486706688
567935142418780161
569144056305074176
569263373092823040
569316018230677504
569598942821744640
569780060523261952
569874944282234880
569886919833874432
570079755560595456
570257429486706688
567935142418780161
569144056305074176
569263373092823040
569316018230677504
569598942821744640
569780060523261952
569874944282234880
569886919833874432
570079755560595456
570257429486706688
567935142418780161
569144056305074176
569263373092823040
569316018230677504
569598942821744640
569780060523261952
569874944282234880
569886919833874432
570079755560595456
570257429486706688
567935142418780161
569144056305074176
569263373092823040
569316018230677504
569598942821744640
569780060523261952
569874944282234880
569886919833874432
570079755560595456
570257429486706688
