567667301067915264
567716378681933825
567746576626356225
567864058742845440
568155440267161600
568411504497856512
568474960097878016
568813634152849408
569248898071580672
569500030459117568
569601363799359488
569631350304731136
569644495517589504
567667301067915264
567716378681933825
567746576626356225
567864058742845440
568155440267161600
568411504497856512
568474960097878016
568813634152849408
569248898071580672
569500030459117568
569601363799359488
569631350304731136
569644495517589504
567667301067915264
567716378681933825
567746576626356225
567864058742845440
568155440267161600
568411504497856512
568474960097878016
568813634152849408
569248898071580672
569500030459117568
569601363799359488
569631350304731136
569644495517589504
569863871030292481
569952945028108288
569979566279626752
570014474993688576
570046710870728704
570222239603273729
567667301067915264
567716378681933825
567746576626356225
567864058742845440
568155440267161600
568411504497856512
568474960097878016
568813634152849408
569248898071580672
569500030459117568
569601363799359488
569631350304731136
569644495517589504
569863871030292481
569952945028108288
569979566279626752
570014474993688576
570046710870728704
570222239603273729
567667301067915264
567716378681933825
567746576626356225
567864058742845440
568155440267161600
568411504497856512
568474960097878016
568813634152849408
569248898071580672
569500030459117568
569601363799359488
569631350304731136
569644495517589504
569863871030292481
569952945028108288
569979566279626752
570014474993688576
570046710870728704
570222239603273729
567667301067915264
567716378681933825
567746576626356225
567864058742845440
568155440267161600
568411504497856512
568474960097878016
568813634152849408
569248898071580672
569500030459117568
569601363799359488
569631350304731136
569644495517589504
569863871030292481
569952945028108288
569979566279626752
570014474993688576
570046710870728704
570222239603273729
567667301067915264
567716378681933825
567746576626356225
567864058742845440
568155440267161600
568411504497856512
568474960097878016
568813634152849408
569248898071580672
569500030459117568
569601363799359488
569631350304731136
569644495517589504
569863871030292481
569952945028108288
569979566279626752
570014474993688576
570046710870728704
570222239603273729
567667301067915264
567716378681933825
567746576626356225
567864058742845440
568155440267161600
568411504497856512
568474960097878016
568813634152849408
569248898071580672
569500030459117568
569601363799359488
569631350304731136
569644495517589504
569863871030292481
569952945028108288
569979566279626752
570014474993688576
570046710870728704
570222239603273729
