567725676958998528
567739036425805824
568078149231067136
568090890549374976
568626612314308608
568796340714639360
569530599129501696
569538135916351489
569736434803978240
567725676958998528
567739036425805824
568078149231067136
568090890549374976
568626612314308608
568796340714639360
569530599129501696
569538135916351489
569736434803978240
567725676958998528
567739036425805824
568078149231067136
568090890549374976
568626612314308608
568796340714639360
569530599129501696
569538135916351489
569736434803978240
569879547908206592
570242512012451840
