567742578561650688
567756963329867776
567764411205439488
567830740373868544
568016802191683586
568413746726457344
568421605132484608
568583014176960513
568820700489781248
568930740127326209
569078346660900864
569229557468827648
569329707084353536
569379979055796224
569591310589431808
569595333899997185
569600927394631680
569686267354599426
569719964023853056
569741221783957504
567742578561650688
567756963329867776
567764411205439488
567830740373868544
568016802191683586
568413746726457344
568421605132484608
568583014176960513
568820700489781248
568930740127326209
569078346660900864
569229557468827648
569329707084353536
569379979055796224
569591310589431808
569595333899997185
569600927394631680
569686267354599426
569719964023853056
569741221783957504
567742578561650688
567756963329867776
567764411205439488
567830740373868544
568016802191683586
568413746726457344
568421605132484608
568583014176960513
568820700489781248
568930740127326209
569078346660900864
569229557468827648
569329707084353536
569379979055796224
569591310589431808
569595333899997185
569600927394631680
569686267354599426
569719964023853056
569741221783957504
569849517077622786
569957170369814528
570010973047795713
570040750412406784
570279050276704257
570279442750291969
570279653337927680
570279720937529345
