567714192980201472
567880238962716672
567891805867483136
568276831134191618
568587429830983680
568892942770786304
568983569563033600
568998369353297921
569013921660731393
569164064636727298
569615100006440960
569749233344983040
567714192980201472
567880238962716672
567891805867483136
568276831134191618
568587429830983680
568892942770786304
568983569563033600
568998369353297921
569013921660731393
569164064636727298
569615100006440960
569749233344983040
567714192980201472
567880238962716672
567891805867483136
568276831134191618
568587429830983680
568892942770786304
568983569563033600
568998369353297921
569013921660731393
569164064636727298
569615100006440960
569749233344983040
569890152832749568
569924793232785408
570001064424026112
570006768681492481
570122868039634944
570235676916117504
567714192980201472
567880238962716672
567891805867483136
568276831134191618
568587429830983680
568892942770786304
568983569563033600
568998369353297921
569013921660731393
569164064636727298
569615100006440960
569749233344983040
569890152832749568
569924793232785408
570001064424026112
570006768681492481
570122868039634944
570235676916117504
567714192980201472
567880238962716672
567891805867483136
568276831134191618
568587429830983680
568892942770786304
568983569563033600
568998369353297921
569013921660731393
569164064636727298
569615100006440960
569749233344983040
569890152832749568
569924793232785408
570001064424026112
570006768681492481
570122868039634944
570235676916117504
567714192980201472
567880238962716672
567891805867483136
568276831134191618
568587429830983680
568892942770786304
568983569563033600
568998369353297921
569013921660731393
569164064636727298
569615100006440960
569749233344983040
569890152832749568
569924793232785408
570001064424026112
570006768681492481
570122868039634944
570235676916117504
567714192980201472
567880238962716672
567891805867483136
568276831134191618
568587429830983680
568892942770786304
568983569563033600
568998369353297921
569013921660731393
569164064636727298
569615100006440960
569749233344983040
569890152832749568
569924793232785408
570001064424026112
570006768681492481
570122868039634944
570235676916117504
567714192980201472
567880238962716672
567891805867483136
568276831134191618
568587429830983680
568892942770786304
568983569563033600
568998369353297921
569013921660731393
569164064636727298
569615100006440960
569749233344983040
569890152832749568
569924793232785408
570001064424026112
570006768681492481
570122868039634944
570235676916117504
