567813839539159040
567985715017072640
567813839539159040
567985715017072640
567813839539159040
567985715017072640
569863166189924352
570084707548958720
567813839539159040
567985715017072640
569863166189924352
570084707548958720
567813839539159040
567985715017072640
569863166189924352
570084707548958720
567813839539159040
567985715017072640
569863166189924352
570084707548958720
567813839539159040
567985715017072640
569863166189924352
570084707548958720
567813839539159040
567985715017072640
569863166189924352
570084707548958720
