567730390291714048
568490703476682752
568545438976102400
567730390291714048
568490703476682752
568545438976102400
567730390291714048
568490703476682752
568545438976102400
569893140066213888
569986029463011328
570064554232688640
570245603118211072
567730390291714048
568490703476682752
568545438976102400
569893140066213888
569986029463011328
570064554232688640
570245603118211072
567730390291714048
568490703476682752
568545438976102400
569893140066213888
569986029463011328
570064554232688640
570245603118211072
567730390291714048
568490703476682752
568545438976102400
569893140066213888
569986029463011328
570064554232688640
570245603118211072
567730390291714048
568490703476682752
568545438976102400
569893140066213888
569986029463011328
570064554232688640
570245603118211072
567730390291714048
568490703476682752
568545438976102400
569893140066213888
569986029463011328
570064554232688640
570245603118211072
