567776348828360707
567789001374183424
567875758053400576
567880900358311936
568094319766147072
568109390026448896
568122284474544128
568140595580919808
568152817656930305
568176138574372864
568182492055912449
568242480518434816
568259593773518848
568323479826771968
568429188975173634
568432638823772160
568438257454682112
568439661590396928
568479399273758721
568505037833396224
568531187481706496
568531207459221506
568611413687603200
568752793999286273
568855357923074049
568862460519813120
568889116399525888
568984950709432320
569075352888176640
569139808804605953
569158030404800513
569205367575441408
569213892980641792
569224824066842624
569254331725139968
569274001173979137
569301330306699264
569303779822190593
569345693770502144
569364610572259328
569524026294571008
569591700416393216
569629228225859584
569683872046194688
569733547843457025
567776348828360707
567789001374183424
567875758053400576
567880900358311936
568094319766147072
568109390026448896
568122284474544128
568140595580919808
568152817656930305
568176138574372864
568182492055912449
568242480518434816
568259593773518848
568323479826771968
568429188975173634
568432638823772160
568438257454682112
568439661590396928
568479399273758721
568505037833396224
568531187481706496
568531207459221506
568611413687603200
568752793999286273
568855357923074049
568862460519813120
568889116399525888
568984950709432320
569075352888176640
569139808804605953
569158030404800513
569205367575441408
569213892980641792
569224824066842624
569254331725139968
569274001173979137
569301330306699264
569303779822190593
569345693770502144
569364610572259328
569524026294571008
569591700416393216
569629228225859584
569683872046194688
569733547843457025
569836467876470784
569839216512917504
567776348828360707
567789001374183424
567875758053400576
567880900358311936
568094319766147072
568109390026448896
568122284474544128
568140595580919808
568152817656930305
568176138574372864
568182492055912449
568242480518434816
568259593773518848
568323479826771968
568429188975173634
568432638823772160
568438257454682112
568439661590396928
568479399273758721
568505037833396224
568531187481706496
568531207459221506
568611413687603200
568752793999286273
568855357923074049
568862460519813120
568889116399525888
568984950709432320
569075352888176640
569139808804605953
569158030404800513
569205367575441408
569213892980641792
569224824066842624
569254331725139968
569274001173979137
569301330306699264
569303779822190593
569345693770502144
569364610572259328
569524026294571008
569591700416393216
569629228225859584
569683872046194688
569733547843457025
569836467876470784
569839216512917504
569880012230242304
569897748859744257
569942569951600640
569947151339429889
569948411966976000
569969714245431296
569972039844438016
569995536545091584
570059381284302848
570097596913623040
570211016308596736
570233306664591361
570275010759102466
570295290063925249
567776348828360707
567789001374183424
567875758053400576
567880900358311936
568094319766147072
568109390026448896
568122284474544128
568140595580919808
568152817656930305
568176138574372864
568182492055912449
568242480518434816
568259593773518848
568323479826771968
568429188975173634
568432638823772160
568438257454682112
568439661590396928
568479399273758721
568505037833396224
568531187481706496
568531207459221506
568611413687603200
568752793999286273
568855357923074049
568862460519813120
568889116399525888
568984950709432320
569075352888176640
569139808804605953
569158030404800513
569205367575441408
569213892980641792
569224824066842624
569254331725139968
569274001173979137
569301330306699264
569303779822190593
569345693770502144
569364610572259328
569524026294571008
569591700416393216
569629228225859584
569683872046194688
569733547843457025
569836467876470784
569839216512917504
569880012230242304
569897748859744257
569942569951600640
569947151339429889
569948411966976000
569969714245431296
569972039844438016
569995536545091584
570059381284302848
570097596913623040
570211016308596736
570233306664591361
570275010759102466
570295290063925249
567776348828360707
567789001374183424
567875758053400576
567880900358311936
568094319766147072
568109390026448896
568122284474544128
568140595580919808
568152817656930305
568176138574372864
568182492055912449
568242480518434816
568259593773518848
568323479826771968
568429188975173634
568432638823772160
568438257454682112
568439661590396928
568479399273758721
568505037833396224
568531187481706496
568531207459221506
568611413687603200
568752793999286273
568855357923074049
568862460519813120
568889116399525888
568984950709432320
569075352888176640
569139808804605953
569158030404800513
569205367575441408
569213892980641792
569224824066842624
569254331725139968
569274001173979137
569301330306699264
569303779822190593
569345693770502144
569364610572259328
569524026294571008
569591700416393216
569629228225859584
569683872046194688
569733547843457025
569836467876470784
569839216512917504
569880012230242304
569897748859744257
569942569951600640
569947151339429889
569948411966976000
569969714245431296
569972039844438016
569995536545091584
570059381284302848
570097596913623040
570211016308596736
570233306664591361
570275010759102466
570295290063925249
567776348828360707
567789001374183424
567875758053400576
567880900358311936
568094319766147072
568109390026448896
568122284474544128
568140595580919808
568152817656930305
568176138574372864
568182492055912449
568242480518434816
568259593773518848
568323479826771968
568429188975173634
568432638823772160
568438257454682112
568439661590396928
568479399273758721
568505037833396224
568531187481706496
568531207459221506
568611413687603200
568752793999286273
568855357923074049
568862460519813120
568889116399525888
568984950709432320
569075352888176640
569139808804605953
569158030404800513
569205367575441408
569213892980641792
569224824066842624
569254331725139968
569274001173979137
569301330306699264
569303779822190593
569345693770502144
569364610572259328
569524026294571008
569591700416393216
569629228225859584
569683872046194688
569733547843457025
569836467876470784
569839216512917504
569880012230242304
569897748859744257
569942569951600640
569947151339429889
569948411966976000
569969714245431296
569972039844438016
569995536545091584
570059381284302848
570097596913623040
570211016308596736
570233306664591361
570275010759102466
570295290063925249
567776348828360707
567789001374183424
567875758053400576
567880900358311936
568094319766147072
568109390026448896
568122284474544128
568140595580919808
568152817656930305
568176138574372864
568182492055912449
568242480518434816
568259593773518848
568323479826771968
568429188975173634
568432638823772160
568438257454682112
568439661590396928
568479399273758721
568505037833396224
568531187481706496
568531207459221506
568611413687603200
568752793999286273
568855357923074049
568862460519813120
568889116399525888
568984950709432320
569075352888176640
569139808804605953
569158030404800513
569205367575441408
569213892980641792
569224824066842624
569254331725139968
569274001173979137
569301330306699264
569303779822190593
569345693770502144
569364610572259328
569524026294571008
569591700416393216
569629228225859584
569683872046194688
569733547843457025
569836467876470784
569839216512917504
569880012230242304
569897748859744257
569942569951600640
569947151339429889
569948411966976000
569969714245431296
569972039844438016
569995536545091584
570059381284302848
570097596913623040
570211016308596736
570233306664591361
570275010759102466
570295290063925249
567776348828360707
567789001374183424
567875758053400576
567880900358311936
568094319766147072
568109390026448896
568122284474544128
568140595580919808
568152817656930305
568176138574372864
568182492055912449
568242480518434816
568259593773518848
568323479826771968
568429188975173634
568432638823772160
568438257454682112
568439661590396928
568479399273758721
568505037833396224
568531187481706496
568531207459221506
568611413687603200
568752793999286273
568855357923074049
568862460519813120
568889116399525888
568984950709432320
569075352888176640
569139808804605953
569158030404800513
569205367575441408
569213892980641792
569224824066842624
569254331725139968
569274001173979137
569301330306699264
569303779822190593
569345693770502144
569364610572259328
569524026294571008
569591700416393216
569629228225859584
569683872046194688
569733547843457025
569836467876470784
569839216512917504
569880012230242304
569897748859744257
569942569951600640
569947151339429889
569948411966976000
569969714245431296
569972039844438016
569995536545091584
570059381284302848
570097596913623040
570211016308596736
570233306664591361
570275010759102466
570295290063925249
