568632724078125056
568634515884789761
568634780264374272
568947250325561344
569126921096859648
569228668918222849
569541591586643968
569606135960858624
569649222963871744
569676217432977408
569692788968845312
569811013786312704
568632724078125056
568634515884789761
568634780264374272
568947250325561344
569126921096859648
569228668918222849
569541591586643968
569606135960858624
569649222963871744
569676217432977408
569692788968845312
569811013786312704
568632724078125056
568634515884789761
568634780264374272
568947250325561344
569126921096859648
569228668918222849
569541591586643968
569606135960858624
569649222963871744
569676217432977408
569692788968845312
569811013786312704
570022715072983041
