567733682879086592
567735943424397312
567753071833665536
568181747357229057
568804534845345792
568911349092212736
569178210325430272
569209605198376961
569212300265017345
569366218429337600
569380098119499776
569506361266085888
569507522412986368
569517721764786176
569592626300751873
569609828831780865
569690693888663552
569691100090273792
569697809017864193
567733682879086592
567735943424397312
567753071833665536
568181747357229057
568804534845345792
568911349092212736
569178210325430272
569209605198376961
569212300265017345
569366218429337600
569380098119499776
569506361266085888
569507522412986368
569517721764786176
569592626300751873
569609828831780865
569690693888663552
569691100090273792
569697809017864193
567733682879086592
567735943424397312
567753071833665536
568181747357229057
568804534845345792
568911349092212736
569178210325430272
569209605198376961
569212300265017345
569366218429337600
569380098119499776
569506361266085888
569507522412986368
569517721764786176
569592626300751873
569609828831780865
569690693888663552
569691100090273792
569697809017864193
569970117154484224
569975778953142272
570003144366792704
570086501222096896
570203037823836160
567733682879086592
567735943424397312
567753071833665536
568181747357229057
568804534845345792
568911349092212736
569178210325430272
569209605198376961
569212300265017345
569366218429337600
569380098119499776
569506361266085888
569507522412986368
569517721764786176
569592626300751873
569609828831780865
569690693888663552
569691100090273792
569697809017864193
569970117154484224
569975778953142272
570003144366792704
570086501222096896
570203037823836160
567733682879086592
567735943424397312
567753071833665536
568181747357229057
568804534845345792
568911349092212736
569178210325430272
569209605198376961
569212300265017345
569366218429337600
569380098119499776
569506361266085888
569507522412986368
569517721764786176
569592626300751873
569609828831780865
569690693888663552
569691100090273792
569697809017864193
569970117154484224
569975778953142272
570003144366792704
570086501222096896
570203037823836160
567733682879086592
567735943424397312
567753071833665536
568181747357229057
568804534845345792
568911349092212736
569178210325430272
569209605198376961
569212300265017345
569366218429337600
569380098119499776
569506361266085888
569507522412986368
569517721764786176
569592626300751873
569609828831780865
569690693888663552
569691100090273792
569697809017864193
569970117154484224
569975778953142272
570003144366792704
570086501222096896
570203037823836160
567733682879086592
567735943424397312
567753071833665536
568181747357229057
568804534845345792
568911349092212736
569178210325430272
569209605198376961
569212300265017345
569366218429337600
569380098119499776
569506361266085888
569507522412986368
569517721764786176
569592626300751873
569609828831780865
569690693888663552
569691100090273792
569697809017864193
569970117154484224
569975778953142272
570003144366792704
570086501222096896
570203037823836160
567733682879086592
567735943424397312
567753071833665536
568181747357229057
568804534845345792
568911349092212736
569178210325430272
569209605198376961
569212300265017345
569366218429337600
569380098119499776
569506361266085888
569507522412986368
569517721764786176
569592626300751873
569609828831780865
569690693888663552
569691100090273792
569697809017864193
569970117154484224
569975778953142272
570003144366792704
570086501222096896
570203037823836160
