567730323988172800
567730704055037953
567731712004595714
567731794498174978
567735239456194560
567748208844365825
567752826353225728
567763697230438400
567802255215460353
567813046811525120
567860067602558977
568064027437301760
568083179023650818
568127152450871296
568173938292985858
568414872578465792
568454386617356291
568487688510287873
568992290833899520
568995256525398016
569121160149012480
569149666027294720
569291447377137664
569346433305993216
569533098402009088
569617202984255490
569634729324122112
569651277916999680
569671468369338368
567730323988172800
567730704055037953
567731712004595714
567731794498174978
567735239456194560
567748208844365825
567752826353225728
567763697230438400
567802255215460353
567813046811525120
567860067602558977
568064027437301760
568083179023650818
568127152450871296
568173938292985858
568414872578465792
568454386617356291
568487688510287873
568992290833899520
568995256525398016
569121160149012480
569149666027294720
569291447377137664
569346433305993216
569533098402009088
569617202984255490
569634729324122112
569651277916999680
569671468369338368
567730323988172800
567730704055037953
567731712004595714
567731794498174978
567735239456194560
567748208844365825
567752826353225728
567763697230438400
567802255215460353
567813046811525120
567860067602558977
568064027437301760
568083179023650818
568127152450871296
568173938292985858
568414872578465792
568454386617356291
568487688510287873
568992290833899520
568995256525398016
569121160149012480
569149666027294720
569291447377137664
569346433305993216
569533098402009088
569617202984255490
569634729324122112
569651277916999680
569671468369338368
569912094272782337
569946742277451776
570019623078383616
570063322449616896
570068976778153984
570121321192894464
570189507447775234
570229222662410240
570253919697244160
570271248640401409
570307949614256128
