567733847132229632
567829051559186432
567829834618904576
568142966570807296
568174745293709313
568397325820956672
568413096940666881
568802044309430272
568894256070287360
568913412505251840
568918759664021504
569526101669769217
569550487474712576
569634729324122112
569678620878376960
567733847132229632
567829051559186432
567829834618904576
568142966570807296
568174745293709313
568397325820956672
568413096940666881
568802044309430272
568894256070287360
568913412505251840
568918759664021504
569526101669769217
569550487474712576
569634729324122112
569678620878376960
567733847132229632
567829051559186432
567829834618904576
568142966570807296
568174745293709313
568397325820956672
568413096940666881
568802044309430272
568894256070287360
568913412505251840
568918759664021504
569526101669769217
569550487474712576
569634729324122112
569678620878376960
569897573294743552
569944281512685570
569960904852312064
570049623697461248
567733847132229632
567829051559186432
567829834618904576
568142966570807296
568174745293709313
568397325820956672
568413096940666881
568802044309430272
568894256070287360
568913412505251840
568918759664021504
569526101669769217
569550487474712576
569634729324122112
569678620878376960
569897573294743552
569944281512685570
569960904852312064
570049623697461248
567733847132229632
567829051559186432
567829834618904576
568142966570807296
568174745293709313
568397325820956672
568413096940666881
568802044309430272
568894256070287360
568913412505251840
568918759664021504
569526101669769217
569550487474712576
569634729324122112
569678620878376960
569897573294743552
569944281512685570
569960904852312064
570049623697461248
567733847132229632
567829051559186432
567829834618904576
568142966570807296
568174745293709313
568397325820956672
568413096940666881
568802044309430272
568894256070287360
568913412505251840
568918759664021504
569526101669769217
569550487474712576
569634729324122112
569678620878376960
569897573294743552
569944281512685570
569960904852312064
570049623697461248
567733847132229632
567829051559186432
567829834618904576
568142966570807296
568174745293709313
568397325820956672
568413096940666881
568802044309430272
568894256070287360
568913412505251840
568918759664021504
569526101669769217
569550487474712576
569634729324122112
569678620878376960
569897573294743552
569944281512685570
569960904852312064
570049623697461248
567733847132229632
567829051559186432
567829834618904576
568142966570807296
568174745293709313
568397325820956672
568413096940666881
568802044309430272
568894256070287360
568913412505251840
568918759664021504
569526101669769217
569550487474712576
569634729324122112
569678620878376960
569897573294743552
569944281512685570
569960904852312064
570049623697461248
