568769111561527297
568774385965932545
568776950665371648
568778215671664640
569625356942098432
568769111561527297
568774385965932545
568776950665371648
568778215671664640
569625356942098432
568769111561527297
568774385965932545
568776950665371648
568778215671664640
569625356942098432
568769111561527297
568774385965932545
568776950665371648
568778215671664640
569625356942098432
568769111561527297
568774385965932545
568776950665371648
568778215671664640
569625356942098432
568769111561527297
568774385965932545
568776950665371648
568778215671664640
569625356942098432
568769111561527297
568774385965932545
568776950665371648
568778215671664640
569625356942098432
568769111561527297
568774385965932545
568776950665371648
568778215671664640
569625356942098432
