568106969812189184
568608665072246784
569601519663906819
568106969812189184
568608665072246784
569601519663906819
568106969812189184
568608665072246784
569601519663906819
569911600934752256
568106969812189184
568608665072246784
569601519663906819
569911600934752256
568106969812189184
568608665072246784
569601519663906819
569911600934752256
568106969812189184
568608665072246784
569601519663906819
569911600934752256
568106969812189184
568608665072246784
569601519663906819
569911600934752256
568106969812189184
568608665072246784
569601519663906819
569911600934752256
