567847120990048256
567847344307347456
567905267033055233
567908702088376320
568080349286301697
568130367900798976
568457140894969856
568468959663489025
568495808053702656
568509763048357888
568514213921947648
568533371602608128
568715107892641792
568790336954175488
568803260569690112
568809617087696897
568826215089475584
568830466830151680
568838020041809920
568841528455659520
568845553104068609
568849719625158657
568851381769134080
568883475534745600
568898405189038080
568928605226426370
568961064651460608
568962000614658048
568989005162766337
569010309085536257
569049391337578496
569183387816038401
569210743133831168
569217342380445696
569223653952323584
569249416462409729
569250438882705410
569302599591022592
569303395460259840
569333972452265985
569355673068118016
569357196141719552
569531274991239168
569595534916202496
569604655166009345
569633545737490433
569646280214847488
569646934031343619
569683041578192896
567847120990048256
567847344307347456
567905267033055233
567908702088376320
568080349286301697
568130367900798976
568457140894969856
568468959663489025
568495808053702656
568509763048357888
568514213921947648
568533371602608128
568715107892641792
568790336954175488
568803260569690112
568809617087696897
568826215089475584
568830466830151680
568838020041809920
568841528455659520
568845553104068609
568849719625158657
568851381769134080
568883475534745600
568898405189038080
568928605226426370
568961064651460608
568962000614658048
568989005162766337
569010309085536257
569049391337578496
569183387816038401
569210743133831168
569217342380445696
569223653952323584
569249416462409729
569250438882705410
569302599591022592
569303395460259840
569333972452265985
569355673068118016
569357196141719552
569531274991239168
569595534916202496
569604655166009345
569633545737490433
569646280214847488
569646934031343619
569683041578192896
567847120990048256
567847344307347456
567905267033055233
567908702088376320
568080349286301697
568130367900798976
568457140894969856
568468959663489025
568495808053702656
568509763048357888
568514213921947648
568533371602608128
568715107892641792
568790336954175488
568803260569690112
568809617087696897
568826215089475584
568830466830151680
568838020041809920
568841528455659520
568845553104068609
568849719625158657
568851381769134080
568883475534745600
568898405189038080
568928605226426370
568961064651460608
568962000614658048
568989005162766337
569010309085536257
569049391337578496
569183387816038401
569210743133831168
569217342380445696
569223653952323584
569249416462409729
569250438882705410
569302599591022592
569303395460259840
569333972452265985
569355673068118016
569357196141719552
569531274991239168
569595534916202496
569604655166009345
569633545737490433
569646280214847488
569646934031343619
569683041578192896
569917363891499008
570035728832446465
570041988986347521
570048844702076930
570049743549833216
570050268588597248
570232477618442241
570299182310944768
