568799543698935808
568834834040164352
569099306147454976
569631293429821440
569670559300239360
568799543698935808
568834834040164352
569099306147454976
569631293429821440
569670559300239360
568799543698935808
568834834040164352
569099306147454976
569631293429821440
569670559300239360
568799543698935808
568834834040164352
569099306147454976
569631293429821440
569670559300239360
568799543698935808
568834834040164352
569099306147454976
569631293429821440
569670559300239360
568799543698935808
568834834040164352
569099306147454976
569631293429821440
569670559300239360
568799543698935808
568834834040164352
569099306147454976
569631293429821440
569670559300239360
568799543698935808
568834834040164352
569099306147454976
569631293429821440
569670559300239360
