567827039790571520
568069392422051841
568148294087479296
568988032067616768
569323273172832256
569525760337162241
569589123218079745
569591730506371072
569624091646431232
569627907871502338
569638919131627522
569645522363011072
567827039790571520
568069392422051841
568148294087479296
568988032067616768
569323273172832256
569525760337162241
569589123218079745
569591730506371072
569624091646431232
569627907871502338
569638919131627522
569645522363011072
567827039790571520
568069392422051841
568148294087479296
568988032067616768
569323273172832256
569525760337162241
569589123218079745
569591730506371072
569624091646431232
569627907871502338
569638919131627522
569645522363011072
567827039790571520
568069392422051841
568148294087479296
568988032067616768
569323273172832256
569525760337162241
569589123218079745
569591730506371072
569624091646431232
569627907871502338
569638919131627522
569645522363011072
567827039790571520
568069392422051841
568148294087479296
568988032067616768
569323273172832256
569525760337162241
569589123218079745
569591730506371072
569624091646431232
569627907871502338
569638919131627522
569645522363011072
567827039790571520
568069392422051841
568148294087479296
568988032067616768
569323273172832256
569525760337162241
569589123218079745
569591730506371072
569624091646431232
569627907871502338
569638919131627522
569645522363011072
567827039790571520
568069392422051841
568148294087479296
568988032067616768
569323273172832256
569525760337162241
569589123218079745
569591730506371072
569624091646431232
569627907871502338
569638919131627522
569645522363011072
567827039790571520
568069392422051841
568148294087479296
568988032067616768
569323273172832256
569525760337162241
569589123218079745
569591730506371072
569624091646431232
569627907871502338
569638919131627522
569645522363011072
