567676400933416960
567679487383699456
567718099794006016
567721806040031232
567727026313101315
567728285174743041
567730696656273408
567733251620356096
567733847132229632
567734128011784192
567738065595019265
567747668512735232
567748973428219904
567749860611211265
567750645462360064
567751025890709504
567752009806131200
567753071833665536
567758009607421952
567761297879646208
567765690589790208
567766130907832322
567767091579592704
567775140319358976
567777150145949697
567781357355794432
567781582791278592
567799412538494976
567802662026014720
567802752677457920
567814334228774912
567822117237170178
567822994925441025
567830500095688704
567830916950822912
567838896731615234
567847120990048256
567847344307347456
567850465406394368
567855788699607040
567862940348579840
567864523585118208
567865703765798912
567870311539933184
567871168214106113
567872267910262784
567873801653997569
567879888490868736
567887502306050048
567900456460165120
567905267033055233
567922347669262336
567943461476806656
567949332395249664
567951376480907264
567972174398689280
567972416846217216
567984939221852160
568008391773196288
568037591687270400
568049201453469697
568056050877919232
568066161922977792
568077514905505792
568081401053974528
568085308727808000
568085705479618560
568086184888561664
568087713972236289
568088470712950784
568089179520954368
568102228587884545
568108322924191744
568113601480757248
568126722903814144
568129848910204929
568140221994250240
568150818572144640
568155289146363904
568157049344937984
568164059981307904
568166054624669696
568172001300340736
568173585484771328
568177321724620800
568178422175948801
568192010789777408
568192271453188096
568199579201605632
568215154569166848
568221293914533889
568224469480833024
568234992557527040
568240338164252672
568241382776635392
568241989453393920
568255550070362113
568260044896243712
568260084230455296
568265475114663936
568281546999754752
568361346464497664
568374422136070144
568375354982842368
568391392528969730
568394432900431872
568406048777900032
568413096940666881
568420497563598848
568422177571258368
568422454609219584
568434065067491328
568437189694111744
568444091836604416
568456567835619328
568466673990307840
568469582295379969
568483773467262976
568486436355346432
568487040234459138
568487439062441984
568491256508231680
568491668858662914
568494749247778816
568522028627533824
568527304348942336
568536558279593985
568548307200393217
568552347812524032
568556238012678144
568562718854111233
568563550475698177
568573889359556608
568578230933979136
568589732520665089
568600380977893376
568629791869394945
568631066736529409
568648940033343488
568650724399321088
568650933049147392
568664266502479872
568677157569826816
568752875205238784
568778215671664640
568779073117245441
568803679018491904
568809510644527104
568811022049349633
568823990321598465
568826425538519041
568849739346608128
568854214136479744
568855251123449856
568855390462603264
568859157253611520
568878979576410112
568880030123745280
568880146284982272
568883108377808896
568883464923000832
568884675021635584
568887349481861120
568900052397092864
568919230671794176
568921968818270208
568928251554299906
568937741037088768
568944054303625217
568946700791861248
568946758404808704
568948008160661504
568951819969232896
568965870178816000
568969274410168321
569007580925677568
569015346624991232
569021768788090881
569030463760650241
569040346262282241
569044397645385728
569072664997801984
569079375296999424
569099306147454976
569140424251715584
569143996422995968
569155784988164098
569156387789361153
569159068834623489
569163371746095104
569170372018499584
569172396680175616
569174723877146625
569175432702107648
569185842876571648
569188792541818880
569190678758080512
569190933297807360
569192081618370560
569204474155282433
569212860665978880
569215035089690624
569219405852377090
569221517298368512
569224234150404096
569235155061227520
569242037968445441
569245342421491712
569246231500685314
569247029446119424
569252732940320768
569261063406882816
569264951401054208
569271529386745856
569273375954243584
569277477652172800
569277813280415744
569281033365037056
569287656607100929
569292068981510144
569294079835705346
569302780013355008
569305311007399936
569310635986546688
569311498301870080
569328128310403073
569330006985347072
569330414193483776
569332086345220096
569339717990400000
569340120790233089
569340402786025472
569352134774415360
569352324700708864
569353501123280896
569353641615687680
569363354428567552
569386581938860032
569387765957308416
569416236171456513
569418497694035969
569420237189181440
569454437288140800
569460591644925952
569496828376322048
569507522412986368
569508277026983937
569508903735545857
569515118125408256
569516377524076544
569517479296409600
569522879764807680
569527440499978240
569527848131637248
569528351364292608
569528523418775552
569531010167250944
569532394455359488
569533202835984385
569542114234671104
569543955622338560
569547374454050816
569556215375613952
569557305961750528
569558114447560706
569561754163769344
569571654998888448
569573704902049793
569574646229684224
569576099018985472
569577455176048642
569577548318777345
569578441508458496
569580180353609729
569585968610615296
569587728607633408
569593910869127168
569598155999674368
569601354118905859
569604208661409792
569604985110994945
569604994825105408
569607852236640256
569612947833671680
569619668060807169
569621528951660545
569621840844464128
569622053214507008
569623164105433088
569623415767871489
569629100114989056
569629882323496961
569630183747153920
569635090214449152
569635389289459712
569638381375909889
569640847119163394
569644957188939777
569645582387556352
569647413285265408
569649806202642432
569650547562811393
569650859371405312
569653977714962433
569658322732756992
569660029093203968
569660691256188929
569670155132907520
569672021078114304
569672501753724928
569674298924900352
569674356915347456
569676702030262272
569678632567881728
569679888682061826
569682877300023296
569683041578192896
569683240828723201
569683366632493056
569686510108344320
569686602940858368
569690711026573312
569693767831146497
569697728890056704
569700252321755137
569706793531629570
569708004075044864
569715687469420545
569716101027745792
569720452987252736
569721410542645248
569722436935151616
569726350380150784
569732616376725504
569733572606763008
569737682466656258
569739695459995648
569748491943038976
569748687812845568
569769288174870528
569789622491820032
569817289874411520
567676400933416960
567679487383699456
567718099794006016
567721806040031232
567727026313101315
567728285174743041
567730696656273408
567733251620356096
567733847132229632
567734128011784192
567738065595019265
567747668512735232
567748973428219904
567749860611211265
567750645462360064
567751025890709504
567752009806131200
567753071833665536
567758009607421952
567761297879646208
567765690589790208
567766130907832322
567767091579592704
567775140319358976
567777150145949697
567781357355794432
567781582791278592
567799412538494976
567802662026014720
567802752677457920
567814334228774912
567822117237170178
567822994925441025
567830500095688704
567830916950822912
567838896731615234
567847120990048256
567847344307347456
567850465406394368
567855788699607040
567862940348579840
567864523585118208
567865703765798912
567870311539933184
567871168214106113
567872267910262784
567873801653997569
567879888490868736
567887502306050048
567900456460165120
567905267033055233
567922347669262336
567943461476806656
567949332395249664
567951376480907264
567972174398689280
567972416846217216
567984939221852160
568008391773196288
568037591687270400
568049201453469697
568056050877919232
568066161922977792
568077514905505792
568081401053974528
568085308727808000
568085705479618560
568086184888561664
568087713972236289
568088470712950784
568089179520954368
568102228587884545
568108322924191744
568113601480757248
568126722903814144
568129848910204929
568140221994250240
568150818572144640
568155289146363904
568157049344937984
568164059981307904
568166054624669696
568172001300340736
568173585484771328
568177321724620800
568178422175948801
568192010789777408
568192271453188096
568199579201605632
568215154569166848
568221293914533889
568224469480833024
568234992557527040
568240338164252672
568241382776635392
568241989453393920
568255550070362113
568260044896243712
568260084230455296
568265475114663936
568281546999754752
568361346464497664
568374422136070144
568375354982842368
568391392528969730
568394432900431872
568406048777900032
568413096940666881
568420497563598848
568422177571258368
568422454609219584
568434065067491328
568437189694111744
568444091836604416
568456567835619328
568466673990307840
568469582295379969
568483773467262976
568486436355346432
568487040234459138
568487439062441984
568491256508231680
568491668858662914
568494749247778816
568522028627533824
568527304348942336
568536558279593985
568548307200393217
568552347812524032
568556238012678144
568562718854111233
568563550475698177
568573889359556608
568578230933979136
568589732520665089
568600380977893376
568629791869394945
568631066736529409
568648940033343488
568650724399321088
568650933049147392
568664266502479872
568677157569826816
568752875205238784
568778215671664640
568779073117245441
568803679018491904
568809510644527104
568811022049349633
568823990321598465
568826425538519041
568849739346608128
568854214136479744
568855251123449856
568855390462603264
568859157253611520
568878979576410112
568880030123745280
568880146284982272
568883108377808896
568883464923000832
568884675021635584
568887349481861120
568900052397092864
568919230671794176
568921968818270208
568928251554299906
568937741037088768
568944054303625217
568946700791861248
568946758404808704
568948008160661504
568951819969232896
568965870178816000
568969274410168321
569007580925677568
569015346624991232
569021768788090881
569030463760650241
569040346262282241
569044397645385728
569072664997801984
569079375296999424
569099306147454976
569140424251715584
569143996422995968
569155784988164098
569156387789361153
569159068834623489
569163371746095104
569170372018499584
569172396680175616
569174723877146625
569175432702107648
569185842876571648
569188792541818880
569190678758080512
569190933297807360
569192081618370560
569204474155282433
569212860665978880
569215035089690624
569219405852377090
569221517298368512
569224234150404096
569235155061227520
569242037968445441
569245342421491712
569246231500685314
569247029446119424
569252732940320768
569261063406882816
569264951401054208
569271529386745856
569273375954243584
569277477652172800
569277813280415744
569281033365037056
569287656607100929
569292068981510144
569294079835705346
569302780013355008
569305311007399936
569310635986546688
569311498301870080
569328128310403073
569330006985347072
569330414193483776
569332086345220096
569339717990400000
569340120790233089
569340402786025472
569352134774415360
569352324700708864
569353501123280896
569353641615687680
569363354428567552
569386581938860032
569387765957308416
569416236171456513
569418497694035969
569420237189181440
569454437288140800
569460591644925952
569496828376322048
569507522412986368
569508277026983937
569508903735545857
569515118125408256
569516377524076544
569517479296409600
569522879764807680
569527440499978240
569527848131637248
569528351364292608
569528523418775552
569531010167250944
569532394455359488
569533202835984385
569542114234671104
569543955622338560
569547374454050816
569556215375613952
569557305961750528
569558114447560706
569561754163769344
569571654998888448
569573704902049793
569574646229684224
569576099018985472
569577455176048642
569577548318777345
569578441508458496
569580180353609729
569585968610615296
569587728607633408
569593910869127168
569598155999674368
569601354118905859
569604208661409792
569604985110994945
569604994825105408
569607852236640256
569612947833671680
569619668060807169
569621528951660545
569621840844464128
569622053214507008
569623164105433088
569623415767871489
569629100114989056
569629882323496961
569630183747153920
569635090214449152
569635389289459712
569638381375909889
569640847119163394
569644957188939777
569645582387556352
569647413285265408
569649806202642432
569650547562811393
569650859371405312
569653977714962433
569658322732756992
569660029093203968
569660691256188929
569670155132907520
569672021078114304
569672501753724928
569674298924900352
569674356915347456
569676702030262272
569678632567881728
569679888682061826
569682877300023296
569683041578192896
569683240828723201
569683366632493056
569686510108344320
569686602940858368
569690711026573312
569693767831146497
569697728890056704
569700252321755137
569706793531629570
569708004075044864
569715687469420545
569716101027745792
569720452987252736
569721410542645248
569722436935151616
569726350380150784
569732616376725504
569733572606763008
569737682466656258
569739695459995648
569748491943038976
569748687812845568
569769288174870528
569789622491820032
569817289874411520
569817859406352384
569818507891871744
569831393682976768
569835751275433984
569837273828732928
567676400933416960
567679487383699456
567718099794006016
567721806040031232
567727026313101315
567728285174743041
567730696656273408
567733251620356096
567733847132229632
567734128011784192
567738065595019265
567747668512735232
567748973428219904
567749860611211265
567750645462360064
567751025890709504
567752009806131200
567753071833665536
567758009607421952
567761297879646208
567765690589790208
567766130907832322
567767091579592704
567775140319358976
567777150145949697
567781357355794432
567781582791278592
567799412538494976
567802662026014720
567802752677457920
567814334228774912
567822117237170178
567822994925441025
567830500095688704
567830916950822912
567838896731615234
567847120990048256
567847344307347456
567850465406394368
567855788699607040
567862940348579840
567864523585118208
567865703765798912
567870311539933184
567871168214106113
567872267910262784
567873801653997569
567879888490868736
567887502306050048
567900456460165120
567905267033055233
567922347669262336
567943461476806656
567949332395249664
567951376480907264
567972174398689280
567972416846217216
567984939221852160
568008391773196288
568037591687270400
568049201453469697
568056050877919232
568066161922977792
568077514905505792
568081401053974528
568085308727808000
568085705479618560
568086184888561664
568087713972236289
568088470712950784
568089179520954368
568102228587884545
568108322924191744
568113601480757248
568126722903814144
568129848910204929
568140221994250240
568150818572144640
568155289146363904
568157049344937984
568164059981307904
568166054624669696
568172001300340736
568173585484771328
568177321724620800
568178422175948801
568192010789777408
568192271453188096
568199579201605632
568215154569166848
568221293914533889
568224469480833024
568234992557527040
568240338164252672
568241382776635392
568241989453393920
568255550070362113
568260044896243712
568260084230455296
568265475114663936
568281546999754752
568361346464497664
568374422136070144
568375354982842368
568391392528969730
568394432900431872
568406048777900032
568413096940666881
568420497563598848
568422177571258368
568422454609219584
568434065067491328
568437189694111744
568444091836604416
568456567835619328
568466673990307840
568469582295379969
568483773467262976
568486436355346432
568487040234459138
568487439062441984
568491256508231680
568491668858662914
568494749247778816
568522028627533824
568527304348942336
568536558279593985
568548307200393217
568552347812524032
568556238012678144
568562718854111233
568563550475698177
568573889359556608
568578230933979136
568589732520665089
568600380977893376
568629791869394945
568631066736529409
568648940033343488
568650724399321088
568650933049147392
568664266502479872
568677157569826816
568752875205238784
568778215671664640
568779073117245441
568803679018491904
568809510644527104
568811022049349633
568823990321598465
568826425538519041
568849739346608128
568854214136479744
568855251123449856
568855390462603264
568859157253611520
568878979576410112
568880030123745280
568880146284982272
568883108377808896
568883464923000832
568884675021635584
568887349481861120
568900052397092864
568919230671794176
568921968818270208
568928251554299906
568937741037088768
568944054303625217
568946700791861248
568946758404808704
568948008160661504
568951819969232896
568965870178816000
568969274410168321
569007580925677568
569015346624991232
569021768788090881
569030463760650241
569040346262282241
569044397645385728
569072664997801984
569079375296999424
569099306147454976
569140424251715584
569143996422995968
569155784988164098
569156387789361153
569159068834623489
569163371746095104
569170372018499584
569172396680175616
569174723877146625
569175432702107648
569185842876571648
569188792541818880
569190678758080512
569190933297807360
569192081618370560
569204474155282433
569212860665978880
569215035089690624
569219405852377090
569221517298368512
569224234150404096
569235155061227520
569242037968445441
569245342421491712
569246231500685314
569247029446119424
569252732940320768
569261063406882816
569264951401054208
569271529386745856
569273375954243584
569277477652172800
569277813280415744
569281033365037056
569287656607100929
569292068981510144
569294079835705346
569302780013355008
569305311007399936
569310635986546688
569311498301870080
569328128310403073
569330006985347072
569330414193483776
569332086345220096
569339717990400000
569340120790233089
569340402786025472
569352134774415360
569352324700708864
569353501123280896
569353641615687680
569363354428567552
569386581938860032
569387765957308416
569416236171456513
569418497694035969
569420237189181440
569454437288140800
569460591644925952
569496828376322048
569507522412986368
569508277026983937
569508903735545857
569515118125408256
569516377524076544
569517479296409600
569522879764807680
569527440499978240
569527848131637248
569528351364292608
569528523418775552
569531010167250944
569532394455359488
569533202835984385
569542114234671104
569543955622338560
569547374454050816
569556215375613952
569557305961750528
569558114447560706
569561754163769344
569571654998888448
569573704902049793
569574646229684224
569576099018985472
569577455176048642
569577548318777345
569578441508458496
569580180353609729
569585968610615296
569587728607633408
569593910869127168
569598155999674368
569601354118905859
569604208661409792
569604985110994945
569604994825105408
569607852236640256
569612947833671680
569619668060807169
569621528951660545
569621840844464128
569622053214507008
569623164105433088
569623415767871489
569629100114989056
569629882323496961
569630183747153920
569635090214449152
569635389289459712
569638381375909889
569640847119163394
569644957188939777
569645582387556352
569647413285265408
569649806202642432
569650547562811393
569650859371405312
569653977714962433
569658322732756992
569660029093203968
569660691256188929
569670155132907520
569672021078114304
569672501753724928
569674298924900352
569674356915347456
569676702030262272
569678632567881728
569679888682061826
569682877300023296
569683041578192896
569683240828723201
569683366632493056
569686510108344320
569686602940858368
569690711026573312
569693767831146497
569697728890056704
569700252321755137
569706793531629570
569708004075044864
569715687469420545
569716101027745792
569720452987252736
569721410542645248
569722436935151616
569726350380150784
569732616376725504
569733572606763008
569737682466656258
569739695459995648
569748491943038976
569748687812845568
569769288174870528
569789622491820032
569817289874411520
569817859406352384
569818507891871744
569831393682976768
569835751275433984
569837273828732928
569845106888585216
569852657327738880
569853646411661314
569862572540878848
569874150636048384
569876427270701056
569878139003740163
569878754551599104
569880105507540992
569883910735159297
569884756684476416
569884943217762304
569887310713479168
569887819297992704
569889475658178560
569892413235294208
569893723091238912
569895538046296064
569896616322334720
569897060717105152
569902743135117314
569903120781852672
569905258715082753
569905298481274880
569905773276307457
569905899650883585
569906532277731328
569906598472228864
569908175953993728
569909945514233857
569910395667935232
569910971222892545
569914076496850945
569915029950222337
569927035524681728
569933646385188864
569939966584852480
569940075120873472
569942703494070272
569944699877724160
569946742277451776
569948356933332992
569948686228295681
569952639116447745
569957053432639488
569957516748066817
569957703813976065
569958916668305408
569959182729785344
569959365236690945
569959631256051712
569960010249334784
569960303514923009
569961203197325312
569962901601005569
569963935429824512
569965774498095105
569966909019398144
569967305859293184
569969714245431296
569974508435562496
569977585003827200
569978537953902592
569982742198251520
569986782567071744
569989082719358976
569998668775862272
569999640516370432
570016052895092736
570018254271463424
570018532727103489
570019234505474049
570026514923675648
570031211336368128
570032949992800256
570040802845421568
570041144488230912
570047733236695040
570047946932101120
570050268588597248
570054647689322496
570057520162721792
570057855358935043
570058565974675456
570063322449616896
570063574858493952
570063826508320769
570064554232688640
570065109961322496
570066245195829249
570067865946234883
570070880983711744
570071350133579776
570073365265944576
570076814585913344
570077997648064512
570083761582428160
570094749933289473
570099506135437312
570099716379316224
570104913390206976
570108724636831745
570112074249928704
570115302991777792
570116329694310400
570116595193810945
570123386925539329
570128847439417344
570176385534300160
570197779290697728
570198522911436800
570210145239592960
570212047692161025
570222660300378112
570232676491202561
570240246719381504
570240784357830659
570244910563110912
570252986372329472
570257563003920384
570258141599928321
570262460395098112
570264153559949313
570265280674459648
570265397058002944
570267902726803456
570268558451720193
570269172774649856
570271846718775296
570272778840104960
570274049118625792
570278644918194176
570283248301043712
570287210219606016
570289532953874432
570290993339244547
570302023968694272
570304178314190848
570305363859406848
