567853668608925696
568116895305617409
569308775435390976
567853668608925696
568116895305617409
569308775435390976
567853668608925696
568116895305617409
569308775435390976
570010703391825920
567853668608925696
568116895305617409
569308775435390976
570010703391825920
567853668608925696
568116895305617409
569308775435390976
570010703391825920
567853668608925696
568116895305617409
569308775435390976
570010703391825920
567853668608925696
568116895305617409
569308775435390976
570010703391825920
567853668608925696
568116895305617409
569308775435390976
570010703391825920
