567741700597366784
569317490276360193
569337274707660800
569814339785338880
567741700597366784
569317490276360193
569337274707660800
569814339785338880
567741700597366784
569317490276360193
569337274707660800
569814339785338880
567741700597366784
569317490276360193
569337274707660800
569814339785338880
567741700597366784
569317490276360193
569337274707660800
569814339785338880
567741700597366784
569317490276360193
569337274707660800
569814339785338880
567741700597366784
569317490276360193
569337274707660800
569814339785338880
567741700597366784
569317490276360193
569337274707660800
569814339785338880
