567771225104338944
568278936561401856
568931575980814336
569155666440355840
569243519652470784
569632283046469634
569636454869151744
569642989515112448
569779719798951936
567771225104338944
568278936561401856
568931575980814336
569155666440355840
569243519652470784
569632283046469634
569636454869151744
569642989515112448
569779719798951936
567771225104338944
568278936561401856
568931575980814336
569155666440355840
569243519652470784
569632283046469634
569636454869151744
569642989515112448
569779719798951936
569950980638412800
570001194900426752
570045393565691904
570238577683996672
