567841818357964800
567871270014025728
567887103465496576
567887437998997504
568045111189372928
568587875702476800
568755032138469376
569374522157207552
569601363799359488
569639529805688832
569661937203572738
569693300120113152
569714383971966976
569724245963444224
569729821397291008
569746288499138560
567841818357964800
567871270014025728
567887103465496576
567887437998997504
568045111189372928
568587875702476800
568755032138469376
569374522157207552
569601363799359488
569639529805688832
569661937203572738
569693300120113152
569714383971966976
569724245963444224
569729821397291008
569746288499138560
569843745157451776
567841818357964800
567871270014025728
567887103465496576
567887437998997504
568045111189372928
568587875702476800
568755032138469376
569374522157207552
569601363799359488
569639529805688832
569661937203572738
569693300120113152
569714383971966976
569724245963444224
569729821397291008
569746288499138560
569843745157451776
569858330421694465
569876553196285952
569934170819948544
569937998806011905
569939736782962688
570013116857237505
