567592368451248130
567663136082513920
567663504102940672
567676400933416960
567698031081160704
567704339448209409
567710245053407232
567718292530688000
567718653735731200
567719005713334276
567720082860949504
567722330340986880
567724091809878016
567727490567639041
567728386014183424
567728890206904320
567729658276237312
567729700110602240
567729904788054017
567730390291714048
567730696656273408
567730952260943873
567732284959113216
567732351774781440
567733682879086592
567735186881003520
567736516420853760
567738484082114561
567742148603170816
567742857411166208
567743010322935808
567745016702181376
567746540903493632
567747420650754048
567747668512735232
567748089805799425
567748208844365825
567748987512705027
567752048402104320
567752230111936512
567752680514330624
567754223362666496
567757203093090305
567757897841385473
567759012806029312
567760872739975168
567761790357209088
567763697230438400
567765679764697089
567766384378388480
567766633637502976
567767738886545408
567767997981671424
567769798831255552
567771225104338944
567772246060433408
567775864679456768
567777743665946624
567780392179351553
567783713833234432
567784773780013057
567790793197629440
567791865823789056
567796863467839488
567800315093979138
567801274293563393
567802808876158976
567802999880552448
567804718886711296
567805176388788224
567806788708626433
567806898549051392
567807844687577089
567808748711051264
567809206314668033
567811428779868160
567811776025468929
567811918711504896
567812369902133248
567812841081688064
567814001212809216
567814334228774912
567818765888557056
567821133245067264
567821528424845312
567822648047321088
567822994925441025
567823564167192576
567823967555178496
567825347439370240
567826599270416385
567827442657677313
567830991491997696
567833247242264577
567837709093347328
567838896731615234
567840815331991552
567843309349036032
567844362601697280
567846970141716481
567848716738011136
567850465406394368
567851387641597952
567851763136491520
567853668608925696
567855470142197760
567855736665051136
567860107960324096
567862586374529026
567864117047865344
567873087108161536
567875758053400576
567884646270267392
567887103465496576
567887326350811137
567889613714522113
567892179953262592
567892395867656193
567895211575111680
567896250013601792
567897643873148928
567900686089719812
567902921829978112
567903480993558528
567908391256875008
567921252901367808
567924107183915009
567925054853496832
567925957090238464
567927725815496704
567939727023673344
567946319349706753
567949332395249664
567950122245623808
567967937446834177
567984939221852160
568008391773196288
568017916161085441
568025019068108800
568029222574407680
568034012930936832
568036804542275584
568041225174953985
568042869505654784
568047468384002048
568051605247021056
568052677881565185
568056741885288448
568057241435303936
568057346607460354
568058084846911488
568059376474439680
568064339544051712
568068216972423169
568068468261519360
568077090656002048
568077464892628993
568077746481586176
568078627687890946
568081558625759233
568084209656573952
568086184888561664
568087789004300288
568088470712950784
568089253424594944
568093443823693824
568093497431101440
568094199586938880
568094342302322688
568094760151486464
568094839063089153
568095956866093057
568098677618683904
568102187294973952
568105481018822656
568106054283882496
568108322924191744
568110095646781440
568111178708336640
568112232208293889
568113601480757248
568115611814858752
568115946738597888
568119831519739904
568123010638483456
568123098546843648
568126722903814144
568127477555441664
568128069845848064
568129947752992768
568132185741500416
568132935037132800
568134534857764864
568136286109888512
568136946016522240
568138172133183488
568139144515313664
568139479237525505
568140329821577217
568146404784209920
568148282762874881
568148294087479296
568149600403660800
568153578453524480
568155450824216578
568155779225788416
568156002941415425
568157733746294787
568161102254616576
568165058229997569
568165339290169344
568165573869199361
568166027726434304
568166099184783360
568167414493532161
568169348721848322
568169837878484992
568170036248092674
568174139531513856
568175505314336768
568175537258156033
568176390325075968
568177910101745666
568178946585579520
568179392293281792
568181761114546176
568182492055912449
568184857538498560
568186071114252288
568186573965172736
568193116437483520
568193347216474112
568194744574214144
568199101981937665
568199678896037890
568202174917976064
568202255205335041
568207527067783168
568208666035417088
568210563991363584
568211021497638912
568212521657737216
568215213620637696
568216602866376704
568220033299542016
568220625648672768
568222514956013568
568222976744824832
568223557806915585
568231913040814080
568234670166568960
568241367396192256
568245429491654656
568248180057325568
568249132323770368
568255924130983936
568257392195936259
568259485413715969
568265355115814913
568266890499346432
568267732556255232
568268831228964864
568270768989081600
568271741207891968
568276831134191618
568282478076669952
568286497796812800
568291966909181952
568308464985903104
568308793005617152
568354331503828992
568356641877446656
568360334609612801
568372335012679680
568374502582816768
568380302114086912
568391084210036736
568396209091702784
568411980542775296
568414700326797312
568416873211015168
568418165853540352
568420497563598848
568424307031805952
568424596657078272
568424902287446016
568426849040261120
568431120032915457
568432782386466816
568433301880479746
568433610765815808
568434014672916480
568435244841500673
568436010817712128
568436267702071296
568440278853525504
568441968327573504
568443923485437952
568450413365571584
568452186977361921
568454304488673280
568454386617356291
568458185071132672
568460037737324545
568460512553353216
568460539602608128
568462805235597312
568463244035289088
568466370205237248
568467366780264448
568467880481665025
568468732441276416
568469582295379969
568469882922102785
568469942711885825
568471227418832896
568471761051721728
568474866753667072
568475010798637056
568480476803035137
568481179646758913
568482252168019968
568482412990218241
568482785389899776
568482840750530560
568483338257895424
568483386580439040
568484039499378690
568487367536996354
568489413262610433
568490780203065347
568491035564879872
568491094327078912
568491434397073408
568494200163074048
568498076962451456
568501367754661888
568502226597101568
568502289402630144
568502870435336192
568503120130658305
568504198385373184
568515166410653696
568515696197439489
568516490405679104
568517386795507712
568521960088449025
568525820764897280
568527292135133184
568531207459221506
568531409209421826
568537606503280640
568538064487735296
568541894076026881
568543722943614976
568547839636332544
568548629432004609
568549003626811392
568554411078889473
568555484589871105
568556238012678144
568560083103137793
568561877699182592
568562512284659713
568565615327227904
568567048801906688
568570219951554560
568571900596772864
568573661378174976
568576829000425472
568581984055906304
568582726875516929
568584104641368064
568585421518544897
568586894776406017
568587821264609280
568587875702476800
568588522069733376
568588791830736896
568589551477886977
568594726317887488
568598334643916800
568598412544704512
568600552814174208
568602015456215040
568602309703249921
568606066155634688
568606101412962304
568606485716078592
568607013212590080
568607646204465152
568608132731154432
568608850569338880
568608982321012736
568611276026351618
568611700674584576
568611819864117248
568615445596471296
568616603568492544
568617891412574208
568625613797511169
568625636639506433
568626612314308608
568627064062009344
568627869225766912
568630308284850176
568637034761302017
568638610385158145
568640385117003776
568643981258723328
568649837610037248
568654208674586624
568655789247762432
568656014481846272
568676137699651584
568677157569826816
568677633682214912
568679098920206337
568690023513526272
568696518665998336
568702964623216643
568749392083206144
568757671819661314
568759027775225856
568759914514014208
568760152129720320
568769111561527297
568771089372979200
568773648724525056
568774914452418561
568775265406611456
568776831006064640
568784239841431552
568787999036583936
568790903776636928
568793043664560128
568795875612463104
568797729876344833
568800184345468929
568800389903962112
568800998929661953
568801535662166016
568802013196242944
568802232004513792
568804502645706752
568805605432958976
568805624164851712
568805696780824576
568807901608828928
568807947423375360
568808165636214784
568810170383536128
568812654346653697
568813431962226688
568815310016548865
568815893641211905
568817894030741504
568822571875098624
568824821531996162
568825463918833664
568827568973066240
568828240502128640
568829891220803584
568832749093687296
568833691306369025
568835134603931649
568838717303074816
568840215089041409
568840724700995584
568842945530441728
568844772191940608
568847612503334912
568852572188098561
568853685855334400
568853687130390528
568854082536001536
568855251123449856
568856823048089600
568856905445199872
568861149053231104
568861568609456128
568868703762296832
568868928732028928
568870841120731138
568873459901702145
568874175693242369
568881812174299137
568883826333777920
568884473040752641
568889116399525888
568890074164809728
568891233386561537
568893498193158144
568894021688434690
568894687911632896
568894805914169345
568895534825639936
568897700315435008
568902192364548097
568902492118888448
568903208015433728
568907615809503233
568909613770211329
568913508936458240
568914672826474496
568916345506566145
568917054004334592
568921407813521409
568926321369153536
568927727627202560
568928817651167232
568929782286516224
568930740127326209
568931215149039617
568931575980814336
568937707994419200
568940981321637889
568942331921092608
568943214130040832
568947358349701120
568947623626846208
568947922731028480
568950850615316480
568951819969232896
568954593591369728
568956535679758337
568957769858060290
568959665360384000
568959737544339456
568962811772030976
568963006547111936
568963218703564800
568965870178816000
568966274887389185
568968141814046720
568969274410168321
568969519252680706
568969667106045952
568969970513653762
568974008076652545
568981931599237120
568982505551851520
568984515298922496
568985010742693888
568985734163664896
568989506784722945
568990617394647040
568992290833899520
568996205910466560
568996669167181824
569002384258502656
569011048843313153
569019132978405376
569020255441264640
569021943828983808
569027718626480128
569033988855037952
569083230361673728
569085424498446337
569088814184079361
569094744615157760
569099306147454976
569104886119297024
569105159764242433
569121422817112065
569125697530101760
569132246810144769
569133987668623360
569139480101314560
569143443512897536
569149666027294720
569156321636847617
569158261301227520
569165227847102465
569165517614944256
569165652876881920
569167347996495872
569172396680175616
569175548632698881
569181501830656000
569182303034974208
569185842876571648
569188938012880896
569189550570016768
569191845219209217
569191875271372801
569197350901714944
569197921150902272
569200983173156864
569206152510226432
569206387483525120
569208236487745536
569208488217485312
569209566715469824
569213197485514752
569213883371683840
569216055018704896
569220438397751299
569221156504530944
569222729125253121
569223536507809792
569223781593403392
569223862941929472
569225585181880320
569225958495952897
569228412159721473
569232748663214080
569232785786998785
569234639233142784
569235062862036992
569235333050576898
569235727558447105
569241158196400130
569241467916566530
569243807331409920
569243889011281920
569244957698969602
569245342421491712
569247394002563072
569248672606597121
569248875825008640
569249493264289793
569251925482475520
569252732940320768
569257918815539200
569259152746221568
569259333197930498
569259449115942913
569260366221348864
569260922365063169
569261063406882816
569261495449595905
569261737037455361
569264951401054208
569268155383717889
569272738826694656
569273451564785664
569274001173979137
569274801388425217
569275476642013186
569276042491211777
569276518305820672
569276854458310658
569277352129138688
569283956484415490
569286569548320769
569289098944507904
569293296872222720
569294079835705346
569296784922578944
569301386262745089
569301593587208193
569302005111508992
569303395460259840
569304533140185088
569305802487439360
569307466896424961
569309296023998464
569310202174025729
569310253315174400
569310448300003328
569310717393944577
569311644934807552
569312688272052224
569316018230677504
569318589817364481
569323106210152448
569323555365752833
569324719993827329
569325844931448832
569327949553520640
569329707084353536
569330006985347072
569330919020093442
569333553705693184
569334621252526080
569335624056090624
569336402401472512
569337969233887232
569338658295193600
569339072805797888
569339181136113664
569340120790233089
569341255399964672
569341769114128386
569342608813793280
569343661063823360
569344744297521152
569345780244312067
569349274049368064
569353354545008640
569353669738688512
569355826248474624
569356513061556225
569357079716229121
569358701317869571
569359793800024064
569361587032748032
569361701495304192
569361898581467136
569361961487478785
569362149400838144
569364374755930112
569364890307190784
569366184904122369
569366218429337600
569366846547369984
569367829188886528
569374298168791040
569374561197789184
569376145000390656
569379756673597444
569380081254027265
569386555107733505
569390507526369280
569393942296432640
569395278731747329
569399153253429248
569407067007496192
569416670340636672
569417702764363776
569419949007085568
569420237189181440
569429468781150208
569447456896917505
569451523878420480
569453233044885504
569459455273897984
569459543236874240
569464902164856832
569467550100267008
569469326547222528
569470268474683393
569480043853946881
569480693782339584
569483493236969473
569484458744807425
569484788404322304
569485297639149568
569491537610059776
569494878968811520
569496017210462208
569496793668591617
569496936157487104
569497632361594880
569503165713948672
569503367757754369
569503938690584576
569504813915832321
569505992163135490
569506563628642304
569507632509267968
569507834930442241
569509505022746624
569512239344054274
569512714961362944
569514001450672128
569516852805808129
569516969969389568
569517721764786176
569519007965061121
569519571314589696
569522690261950464
569523293356630016
569525679823425536
569525811704934401
569526143730077696
569526164575924225
569526583473483776
569527440499978240
569529128585555968
569531018643955712
569531387629318144
569531924219191296
569532394455359488
569533875308916736
569534889055395841
569535203888271361
569535236884664320
569535503827017730
569536910990950401
569539000312188928
569539928129818624
569540405676654592
569540826231152640
569541106112827393
569543012914565126
569543955622338560
569544528299995137
569546319666110464
569547374454050816
569552971362639873
569557756597776384
569557964991930368
569558235897688064
569558791433416704
569560151100821504
569561389121060864
569562133249130496
569564060678639616
569564666013163520
569566514132717568
569566880006086656
569567167429128192
569567252363812864
569568079761403904
569568878977794048
569571772355489792
569571938819055617
569572180012371968
569576038289711104
569581303785328640
569583943772610560
569584207011434497
569584717843943424
569585827019399168
569587048811761664
569587140490866689
569587188687634433
569588082284101633
569591642367401984
569592148338876416
569592443542343680
569592626300751873
569592778872606720
569594354924425216
569594386066984960
569595123799101440
569596089625661440
569596097540132864
569596515510956032
569596665864130562
569596793941401601
569597072350978048
569598047593713665
569598406181695488
569598915722518528
569599532268449792
569599725240000513
569599867716132864
569600023597428736
569600720254541824
569601275672829952
569601354118905859
569601913832022016
569602295224246272
569604173236477952
569604425238454273
569604466757865472
569604659712811009
569604994825105408
569605930146353152
569606016070844420
569606248095576064
569607719713288192
569608446586200064
569608733321498627
569609699152273409
569609828831780865
569610871934205954
569612549458522113
569613661045690368
569614024578600960
569614651400585216
569615100006440960
569615659333627904
569616551239917569
569616934225846273
569618014141751298
569618829627666432
569619001820590081
569619751124795392
569619984802054144
569620002652889088
569620382023622657
569620643810926592
569620850820956160
569621744295682048
569622366768078848
569622618195652608
569623164105433088
569624299788750848
569624713414250496
569624788244828160
569626174617485313
569626297116176384
569626388610859008
569626673034850304
569626787875053568
569626841046224896
569627005852917762
569627490672517120
569628053648904195
569628172842479616
569629215869382656
569629819559747585
569630183747153920
569630987858132992
569631027385245696
569631377865515008
569631404306210816
569631742631354369
569631775766368256
569633036251340800
569633282855301120
569633393673150464
569634575653183488
569634748177514496
569636003473793024
569638013287862273
569638063825154049
569638419384528897
569638751598563328
569639854277066752
569640163393073152
569641259826061312
569641676244791296
569641915114659840
569644634386911232
569644697309872128
569645048696053761
569645082414080000
569645522363011072
569646230264885249
569647082870415361
569647694005870592
569650612545187840
569650813070483457
569651085348110336
569651129136459776
569651320736522240
569651548881465345
569652316816719873
569652478020489216
569653219229630464
569654178789724160
569654332246904832
569654393898864640
569655141890170880
569655262765719553
569655302871580673
569655339135725568
569655614432915456
569657895522054145
569658153115250689
569658168097292288
569658322732756992
569658340147646464
569659162281377794
569659173044129792
569659317458243584
569660164149800960
569660166959865856
569660363794468864
569660558112239616
569660698231308290
569661113593425920
569661767158075392
569661901468270592
569662030984056834
569662113989439488
569662934520999936
569663577226915840
569663735217971200
569664191574859777
569664265218600960
569664828911919104
569664849522925569
569666244317618177
569666470482804737
569666687253008384
569667378457391106
569667688743763968
569668179758350336
569668536966053888
569668677731274752
569669795559432192
569670354030989313
569671200978436096
569671712830308352
569672501753724928
569672763536842752
569672807715463168
569673346864037888
569673582609088512
569674294411669504
569674812781694976
569674883099205632
569675144353828864
569675178227081216
569675530792013824
569675799122591746
569675979284721665
569676333766328320
569676702030262272
569677776384598017
569678065422311424
569678919307280384
569679274535362561
569679642447052800
569679850773958657
569679871707783168
569680659288969218
569680829481406464
569682325778231297
569682545375354880
569683334311366656
569683780593545218
569684963777503232
569686397789057024
569687291007881216
569687874288914432
569689983969202180
569690010531680256
569690272830922752
569690603547697152
569691772000931840
569692982955237377
569693430902861824
569694483769659392
569695286907551745
569697809017864193
569698461911683073
569698589653344256
569698811708370944
569698856037789696
569698882797641728
569698963428925440
569699171868938241
569700071484338177
569701122899775488
569702549491752960
569703328940032000
569705220088795136
569705838870466561
569705870830874625
569706041673322498
569706320212787200
569707409985445889
569708269943418880
569709195936735232
569709552721141764
569709793000210432
569709870729068544
569711436781322241
569713071435829249
569713890138963968
569714541178679296
569715361660207105
569715552702345216
569716101027745792
569717188468334593
569717739113320448
569718205524127745
569718492108230657
569718904131420161
569719741906075648
569720008630149120
569720247948861440
569720605383241728
569721410542645248
569722020776116224
569727743450984448
569733547843457025
569735461033213952
569736870927556608
569738487269756928
569739154600300544
569740962760499200
569745528382038016
569746542275354625
569746612433629184
569747046338588672
569747170741465088
569747390758047745
569748099616215040
569748316776325120
569748491943038976
569752206343348224
569757651539660801
569758414810849280
569758956941234176
569759999083171840
569760267485122560
569762067097501697
569762365572558848
569762940816990208
569763137819267072
569769606761439232
569769633995104256
569783738210525184
569786720562110464
569790444797865984
569791792029151232
569794658479394817
569795397448634368
569796511409704960
569798946740166656
569799053690556418
569801089022734336
569810928449003521
569811225770479616
569814339785338880
569815968194678784
569816394180788224
567592368451248130
567663136082513920
567663504102940672
567676400933416960
567698031081160704
567704339448209409
567710245053407232
567718292530688000
567718653735731200
567719005713334276
567720082860949504
567722330340986880
567724091809878016
567727490567639041
567728386014183424
567728890206904320
567729658276237312
567729700110602240
567729904788054017
567730390291714048
567730696656273408
567730952260943873
567732284959113216
567732351774781440
567733682879086592
567735186881003520
567736516420853760
567738484082114561
567742148603170816
567742857411166208
567743010322935808
567745016702181376
567746540903493632
567747420650754048
567747668512735232
567748089805799425
567748208844365825
567748987512705027
567752048402104320
567752230111936512
567752680514330624
567754223362666496
567757203093090305
567757897841385473
567759012806029312
567760872739975168
567761790357209088
567763697230438400
567765679764697089
567766384378388480
567766633637502976
567767738886545408
567767997981671424
567769798831255552
567771225104338944
567772246060433408
567775864679456768
567777743665946624
567780392179351553
567783713833234432
567784773780013057
567790793197629440
567791865823789056
567796863467839488
567800315093979138
567801274293563393
567802808876158976
567802999880552448
567804718886711296
567805176388788224
567806788708626433
567806898549051392
567807844687577089
567808748711051264
567809206314668033
567811428779868160
567811776025468929
567811918711504896
567812369902133248
567812841081688064
567814001212809216
567814334228774912
567818765888557056
567821133245067264
567821528424845312
567822648047321088
567822994925441025
567823564167192576
567823967555178496
567825347439370240
567826599270416385
567827442657677313
567830991491997696
567833247242264577
567837709093347328
567838896731615234
567840815331991552
567843309349036032
567844362601697280
567846970141716481
567848716738011136
567850465406394368
567851387641597952
567851763136491520
567853668608925696
567855470142197760
567855736665051136
567860107960324096
567862586374529026
567864117047865344
567873087108161536
567875758053400576
567884646270267392
567887103465496576
567887326350811137
567889613714522113
567892179953262592
567892395867656193
567895211575111680
567896250013601792
567897643873148928
567900686089719812
567902921829978112
567903480993558528
567908391256875008
567921252901367808
567924107183915009
567925054853496832
567925957090238464
567927725815496704
567939727023673344
567946319349706753
567949332395249664
567950122245623808
567967937446834177
567984939221852160
568008391773196288
568017916161085441
568025019068108800
568029222574407680
568034012930936832
568036804542275584
568041225174953985
568042869505654784
568047468384002048
568051605247021056
568052677881565185
568056741885288448
568057241435303936
568057346607460354
568058084846911488
568059376474439680
568064339544051712
568068216972423169
568068468261519360
568077090656002048
568077464892628993
568077746481586176
568078627687890946
568081558625759233
568084209656573952
568086184888561664
568087789004300288
568088470712950784
568089253424594944
568093443823693824
568093497431101440
568094199586938880
568094342302322688
568094760151486464
568094839063089153
568095956866093057
568098677618683904
568102187294973952
568105481018822656
568106054283882496
568108322924191744
568110095646781440
568111178708336640
568112232208293889
568113601480757248
568115611814858752
568115946738597888
568119831519739904
568123010638483456
568123098546843648
568126722903814144
568127477555441664
568128069845848064
568129947752992768
568132185741500416
568132935037132800
568134534857764864
568136286109888512
568136946016522240
568138172133183488
568139144515313664
568139479237525505
568140329821577217
568146404784209920
568148282762874881
568148294087479296
568149600403660800
568153578453524480
568155450824216578
568155779225788416
568156002941415425
568157733746294787
568161102254616576
568165058229997569
568165339290169344
568165573869199361
568166027726434304
568166099184783360
568167414493532161
568169348721848322
568169837878484992
568170036248092674
568174139531513856
568175505314336768
568175537258156033
568176390325075968
568177910101745666
568178946585579520
568179392293281792
568181761114546176
568182492055912449
568184857538498560
568186071114252288
568186573965172736
568193116437483520
568193347216474112
568194744574214144
568199101981937665
568199678896037890
568202174917976064
568202255205335041
568207527067783168
568208666035417088
568210563991363584
568211021497638912
568212521657737216
568215213620637696
568216602866376704
568220033299542016
568220625648672768
568222514956013568
568222976744824832
568223557806915585
568231913040814080
568234670166568960
568241367396192256
568245429491654656
568248180057325568
568249132323770368
568255924130983936
568257392195936259
568259485413715969
568265355115814913
568266890499346432
568267732556255232
568268831228964864
568270768989081600
568271741207891968
568276831134191618
568282478076669952
568286497796812800
568291966909181952
568308464985903104
568308793005617152
568354331503828992
568356641877446656
568360334609612801
568372335012679680
568374502582816768
568380302114086912
568391084210036736
568396209091702784
568411980542775296
568414700326797312
568416873211015168
568418165853540352
568420497563598848
568424307031805952
568424596657078272
568424902287446016
568426849040261120
568431120032915457
568432782386466816
568433301880479746
568433610765815808
568434014672916480
568435244841500673
568436010817712128
568436267702071296
568440278853525504
568441968327573504
568443923485437952
568450413365571584
568452186977361921
568454304488673280
568454386617356291
568458185071132672
568460037737324545
568460512553353216
568460539602608128
568462805235597312
568463244035289088
568466370205237248
568467366780264448
568467880481665025
568468732441276416
568469582295379969
568469882922102785
568469942711885825
568471227418832896
568471761051721728
568474866753667072
568475010798637056
568480476803035137
568481179646758913
568482252168019968
568482412990218241
568482785389899776
568482840750530560
568483338257895424
568483386580439040
568484039499378690
568487367536996354
568489413262610433
568490780203065347
568491035564879872
568491094327078912
568491434397073408
568494200163074048
568498076962451456
568501367754661888
568502226597101568
568502289402630144
568502870435336192
568503120130658305
568504198385373184
568515166410653696
568515696197439489
568516490405679104
568517386795507712
568521960088449025
568525820764897280
568527292135133184
568531207459221506
568531409209421826
568537606503280640
568538064487735296
568541894076026881
568543722943614976
568547839636332544
568548629432004609
568549003626811392
568554411078889473
568555484589871105
568556238012678144
568560083103137793
568561877699182592
568562512284659713
568565615327227904
568567048801906688
568570219951554560
568571900596772864
568573661378174976
568576829000425472
568581984055906304
568582726875516929
568584104641368064
568585421518544897
568586894776406017
568587821264609280
568587875702476800
568588522069733376
568588791830736896
568589551477886977
568594726317887488
568598334643916800
568598412544704512
568600552814174208
568602015456215040
568602309703249921
568606066155634688
568606101412962304
568606485716078592
568607013212590080
568607646204465152
568608132731154432
568608850569338880
568608982321012736
568611276026351618
568611700674584576
568611819864117248
568615445596471296
568616603568492544
568617891412574208
568625613797511169
568625636639506433
568626612314308608
568627064062009344
568627869225766912
568630308284850176
568637034761302017
568638610385158145
568640385117003776
568643981258723328
568649837610037248
568654208674586624
568655789247762432
568656014481846272
568676137699651584
568677157569826816
568677633682214912
568679098920206337
568690023513526272
568696518665998336
568702964623216643
568749392083206144
568757671819661314
568759027775225856
568759914514014208
568760152129720320
568769111561527297
568771089372979200
568773648724525056
568774914452418561
568775265406611456
568776831006064640
568784239841431552
568787999036583936
568790903776636928
568793043664560128
568795875612463104
568797729876344833
568800184345468929
568800389903962112
568800998929661953
568801535662166016
568802013196242944
568802232004513792
568804502645706752
568805605432958976
568805624164851712
568805696780824576
568807901608828928
568807947423375360
568808165636214784
568810170383536128
568812654346653697
568813431962226688
568815310016548865
568815893641211905
568817894030741504
568822571875098624
568824821531996162
568825463918833664
568827568973066240
568828240502128640
568829891220803584
568832749093687296
568833691306369025
568835134603931649
568838717303074816
568840215089041409
568840724700995584
568842945530441728
568844772191940608
568847612503334912
568852572188098561
568853685855334400
568853687130390528
568854082536001536
568855251123449856
568856823048089600
568856905445199872
568861149053231104
568861568609456128
568868703762296832
568868928732028928
568870841120731138
568873459901702145
568874175693242369
568881812174299137
568883826333777920
568884473040752641
568889116399525888
568890074164809728
568891233386561537
568893498193158144
568894021688434690
568894687911632896
568894805914169345
568895534825639936
568897700315435008
568902192364548097
568902492118888448
568903208015433728
568907615809503233
568909613770211329
568913508936458240
568914672826474496
568916345506566145
568917054004334592
568921407813521409
568926321369153536
568927727627202560
568928817651167232
568929782286516224
568930740127326209
568931215149039617
568931575980814336
568937707994419200
568940981321637889
568942331921092608
568943214130040832
568947358349701120
568947623626846208
568947922731028480
568950850615316480
568951819969232896
568954593591369728
568956535679758337
568957769858060290
568959665360384000
568959737544339456
568962811772030976
568963006547111936
568963218703564800
568965870178816000
568966274887389185
568968141814046720
568969274410168321
568969519252680706
568969667106045952
568969970513653762
568974008076652545
568981931599237120
568982505551851520
568984515298922496
568985010742693888
568985734163664896
568989506784722945
568990617394647040
568992290833899520
568996205910466560
568996669167181824
569002384258502656
569011048843313153
569019132978405376
569020255441264640
569021943828983808
569027718626480128
569033988855037952
569083230361673728
569085424498446337
569088814184079361
569094744615157760
569099306147454976
569104886119297024
569105159764242433
569121422817112065
569125697530101760
569132246810144769
569133987668623360
569139480101314560
569143443512897536
569149666027294720
569156321636847617
569158261301227520
569165227847102465
569165517614944256
569165652876881920
569167347996495872
569172396680175616
569175548632698881
569181501830656000
569182303034974208
569185842876571648
569188938012880896
569189550570016768
569191845219209217
569191875271372801
569197350901714944
569197921150902272
569200983173156864
569206152510226432
569206387483525120
569208236487745536
569208488217485312
569209566715469824
569213197485514752
569213883371683840
569216055018704896
569220438397751299
569221156504530944
569222729125253121
569223536507809792
569223781593403392
569223862941929472
569225585181880320
569225958495952897
569228412159721473
569232748663214080
569232785786998785
569234639233142784
569235062862036992
569235333050576898
569235727558447105
569241158196400130
569241467916566530
569243807331409920
569243889011281920
569244957698969602
569245342421491712
569247394002563072
569248672606597121
569248875825008640
569249493264289793
569251925482475520
569252732940320768
569257918815539200
569259152746221568
569259333197930498
569259449115942913
569260366221348864
569260922365063169
569261063406882816
569261495449595905
569261737037455361
569264951401054208
569268155383717889
569272738826694656
569273451564785664
569274001173979137
569274801388425217
569275476642013186
569276042491211777
569276518305820672
569276854458310658
569277352129138688
569283956484415490
569286569548320769
569289098944507904
569293296872222720
569294079835705346
569296784922578944
569301386262745089
569301593587208193
569302005111508992
569303395460259840
569304533140185088
569305802487439360
569307466896424961
569309296023998464
569310202174025729
569310253315174400
569310448300003328
569310717393944577
569311644934807552
569312688272052224
569316018230677504
569318589817364481
569323106210152448
569323555365752833
569324719993827329
569325844931448832
569327949553520640
569329707084353536
569330006985347072
569330919020093442
569333553705693184
569334621252526080
569335624056090624
569336402401472512
569337969233887232
569338658295193600
569339072805797888
569339181136113664
569340120790233089
569341255399964672
569341769114128386
569342608813793280
569343661063823360
569344744297521152
569345780244312067
569349274049368064
569353354545008640
569353669738688512
569355826248474624
569356513061556225
569357079716229121
569358701317869571
569359793800024064
569361587032748032
569361701495304192
569361898581467136
569361961487478785
569362149400838144
569364374755930112
569364890307190784
569366184904122369
569366218429337600
569366846547369984
569367829188886528
569374298168791040
569374561197789184
569376145000390656
569379756673597444
569380081254027265
569386555107733505
569390507526369280
569393942296432640
569395278731747329
569399153253429248
569407067007496192
569416670340636672
569417702764363776
569419949007085568
569420237189181440
569429468781150208
569447456896917505
569451523878420480
569453233044885504
569459455273897984
569459543236874240
569464902164856832
569467550100267008
569469326547222528
569470268474683393
569480043853946881
569480693782339584
569483493236969473
569484458744807425
569484788404322304
569485297639149568
569491537610059776
569494878968811520
569496017210462208
569496793668591617
569496936157487104
569497632361594880
569503165713948672
569503367757754369
569503938690584576
569504813915832321
569505992163135490
569506563628642304
569507632509267968
569507834930442241
569509505022746624
569512239344054274
569512714961362944
569514001450672128
569516852805808129
569516969969389568
569517721764786176
569519007965061121
569519571314589696
569522690261950464
569523293356630016
569525679823425536
569525811704934401
569526143730077696
569526164575924225
569526583473483776
569527440499978240
569529128585555968
569531018643955712
569531387629318144
569531924219191296
569532394455359488
569533875308916736
569534889055395841
569535203888271361
569535236884664320
569535503827017730
569536910990950401
569539000312188928
569539928129818624
569540405676654592
569540826231152640
569541106112827393
569543012914565126
569543955622338560
569544528299995137
569546319666110464
569547374454050816
569552971362639873
569557756597776384
569557964991930368
569558235897688064
569558791433416704
569560151100821504
569561389121060864
569562133249130496
569564060678639616
569564666013163520
569566514132717568
569566880006086656
569567167429128192
569567252363812864
569568079761403904
569568878977794048
569571772355489792
569571938819055617
569572180012371968
569576038289711104
569581303785328640
569583943772610560
569584207011434497
569584717843943424
569585827019399168
569587048811761664
569587140490866689
569587188687634433
569588082284101633
569591642367401984
569592148338876416
569592443542343680
569592626300751873
569592778872606720
569594354924425216
569594386066984960
569595123799101440
569596089625661440
569596097540132864
569596515510956032
569596665864130562
569596793941401601
569597072350978048
569598047593713665
569598406181695488
569598915722518528
569599532268449792
569599725240000513
569599867716132864
569600023597428736
569600720254541824
569601275672829952
569601354118905859
569601913832022016
569602295224246272
569604173236477952
569604425238454273
569604466757865472
569604659712811009
569604994825105408
569605930146353152
569606016070844420
569606248095576064
569607719713288192
569608446586200064
569608733321498627
569609699152273409
569609828831780865
569610871934205954
569612549458522113
569613661045690368
569614024578600960
569614651400585216
569615100006440960
569615659333627904
569616551239917569
569616934225846273
569618014141751298
569618829627666432
569619001820590081
569619751124795392
569619984802054144
569620002652889088
569620382023622657
569620643810926592
569620850820956160
569621744295682048
569622366768078848
569622618195652608
569623164105433088
569624299788750848
569624713414250496
569624788244828160
569626174617485313
569626297116176384
569626388610859008
569626673034850304
569626787875053568
569626841046224896
569627005852917762
569627490672517120
569628053648904195
569628172842479616
569629215869382656
569629819559747585
569630183747153920
569630987858132992
569631027385245696
569631377865515008
569631404306210816
569631742631354369
569631775766368256
569633036251340800
569633282855301120
569633393673150464
569634575653183488
569634748177514496
569636003473793024
569638013287862273
569638063825154049
569638419384528897
569638751598563328
569639854277066752
569640163393073152
569641259826061312
569641676244791296
569641915114659840
569644634386911232
569644697309872128
569645048696053761
569645082414080000
569645522363011072
569646230264885249
569647082870415361
569647694005870592
569650612545187840
569650813070483457
569651085348110336
569651129136459776
569651320736522240
569651548881465345
569652316816719873
569652478020489216
569653219229630464
569654178789724160
569654332246904832
569654393898864640
569655141890170880
569655262765719553
569655302871580673
569655339135725568
569655614432915456
569657895522054145
569658153115250689
569658168097292288
569658322732756992
569658340147646464
569659162281377794
569659173044129792
569659317458243584
569660164149800960
569660166959865856
569660363794468864
569660558112239616
569660698231308290
569661113593425920
569661767158075392
569661901468270592
569662030984056834
569662113989439488
569662934520999936
569663577226915840
569663735217971200
569664191574859777
569664265218600960
569664828911919104
569664849522925569
569666244317618177
569666470482804737
569666687253008384
569667378457391106
569667688743763968
569668179758350336
569668536966053888
569668677731274752
569669795559432192
569670354030989313
569671200978436096
569671712830308352
569672501753724928
569672763536842752
569672807715463168
569673346864037888
569673582609088512
569674294411669504
569674812781694976
569674883099205632
569675144353828864
569675178227081216
569675530792013824
569675799122591746
569675979284721665
569676333766328320
569676702030262272
569677776384598017
569678065422311424
569678919307280384
569679274535362561
569679642447052800
569679850773958657
569679871707783168
569680659288969218
569680829481406464
569682325778231297
569682545375354880
569683334311366656
569683780593545218
569684963777503232
569686397789057024
569687291007881216
569687874288914432
569689983969202180
569690010531680256
569690272830922752
569690603547697152
569691772000931840
569692982955237377
569693430902861824
569694483769659392
569695286907551745
569697809017864193
569698461911683073
569698589653344256
569698811708370944
569698856037789696
569698882797641728
569698963428925440
569699171868938241
569700071484338177
569701122899775488
569702549491752960
569703328940032000
569705220088795136
569705838870466561
569705870830874625
569706041673322498
569706320212787200
569707409985445889
569708269943418880
569709195936735232
569709552721141764
569709793000210432
569709870729068544
569711436781322241
569713071435829249
569713890138963968
569714541178679296
569715361660207105
569715552702345216
569716101027745792
569717188468334593
569717739113320448
569718205524127745
569718492108230657
569718904131420161
569719741906075648
569720008630149120
569720247948861440
569720605383241728
569721410542645248
569722020776116224
569727743450984448
569733547843457025
569735461033213952
569736870927556608
569738487269756928
569739154600300544
569740962760499200
569745528382038016
569746542275354625
569746612433629184
569747046338588672
569747170741465088
569747390758047745
569748099616215040
569748316776325120
569748491943038976
569752206343348224
569757651539660801
569758414810849280
569758956941234176
569759999083171840
569760267485122560
569762067097501697
569762365572558848
569762940816990208
569763137819267072
569769606761439232
569769633995104256
569783738210525184
569786720562110464
569790444797865984
569791792029151232
569794658479394817
569795397448634368
569796511409704960
569798946740166656
569799053690556418
569801089022734336
569810928449003521
569811225770479616
569814339785338880
569815968194678784
569816394180788224
569821145697890304
569821659097477120
569822102062309376
569822645065093121
569823770308939776
569827255653941248
569827699243544576
569830322357084160
569831129773027329
569831393682976768
569832383991525377
569832563403051008
569834388919328768
569834804943962113
569836091651592192
569836305066041344
569837152332333056
569838141273559040
569838260077228032
569838834810093568
569841254655270912
569843485911560192
567592368451248130
567663136082513920
567663504102940672
567676400933416960
567698031081160704
567704339448209409
567710245053407232
567718292530688000
567718653735731200
567719005713334276
567720082860949504
567722330340986880
567724091809878016
567727490567639041
567728386014183424
567728890206904320
567729658276237312
567729700110602240
567729904788054017
567730390291714048
567730696656273408
567730952260943873
567732284959113216
567732351774781440
567733682879086592
567735186881003520
567736516420853760
567738484082114561
567742148603170816
567742857411166208
567743010322935808
567745016702181376
567746540903493632
567747420650754048
567747668512735232
567748089805799425
567748208844365825
567748987512705027
567752048402104320
567752230111936512
567752680514330624
567754223362666496
567757203093090305
567757897841385473
567759012806029312
567760872739975168
567761790357209088
567763697230438400
567765679764697089
567766384378388480
567766633637502976
567767738886545408
567767997981671424
567769798831255552
567771225104338944
567772246060433408
567775864679456768
567777743665946624
567780392179351553
567783713833234432
567784773780013057
567790793197629440
567791865823789056
567796863467839488
567800315093979138
567801274293563393
567802808876158976
567802999880552448
567804718886711296
567805176388788224
567806788708626433
567806898549051392
567807844687577089
567808748711051264
567809206314668033
567811428779868160
567811776025468929
567811918711504896
567812369902133248
567812841081688064
567814001212809216
567814334228774912
567818765888557056
567821133245067264
567821528424845312
567822648047321088
567822994925441025
567823564167192576
567823967555178496
567825347439370240
567826599270416385
567827442657677313
567830991491997696
567833247242264577
567837709093347328
567838896731615234
567840815331991552
567843309349036032
567844362601697280
567846970141716481
567848716738011136
567850465406394368
567851387641597952
567851763136491520
567853668608925696
567855470142197760
567855736665051136
567860107960324096
567862586374529026
567864117047865344
567873087108161536
567875758053400576
567884646270267392
567887103465496576
567887326350811137
567889613714522113
567892179953262592
567892395867656193
567895211575111680
567896250013601792
567897643873148928
567900686089719812
567902921829978112
567903480993558528
567908391256875008
567921252901367808
567924107183915009
567925054853496832
567925957090238464
567927725815496704
567939727023673344
567946319349706753
567949332395249664
567950122245623808
567967937446834177
567984939221852160
568008391773196288
568017916161085441
568025019068108800
568029222574407680
568034012930936832
568036804542275584
568041225174953985
568042869505654784
568047468384002048
568051605247021056
568052677881565185
568056741885288448
568057241435303936
568057346607460354
568058084846911488
568059376474439680
568064339544051712
568068216972423169
568068468261519360
568077090656002048
568077464892628993
568077746481586176
568078627687890946
568081558625759233
568084209656573952
568086184888561664
568087789004300288
568088470712950784
568089253424594944
568093443823693824
568093497431101440
568094199586938880
568094342302322688
568094760151486464
568094839063089153
568095956866093057
568098677618683904
568102187294973952
568105481018822656
568106054283882496
568108322924191744
568110095646781440
568111178708336640
568112232208293889
568113601480757248
568115611814858752
568115946738597888
568119831519739904
568123010638483456
568123098546843648
568126722903814144
568127477555441664
568128069845848064
568129947752992768
568132185741500416
568132935037132800
568134534857764864
568136286109888512
568136946016522240
568138172133183488
568139144515313664
568139479237525505
568140329821577217
568146404784209920
568148282762874881
568148294087479296
568149600403660800
568153578453524480
568155450824216578
568155779225788416
568156002941415425
568157733746294787
568161102254616576
568165058229997569
568165339290169344
568165573869199361
568166027726434304
568166099184783360
568167414493532161
568169348721848322
568169837878484992
568170036248092674
568174139531513856
568175505314336768
568175537258156033
568176390325075968
568177910101745666
568178946585579520
568179392293281792
568181761114546176
568182492055912449
568184857538498560
568186071114252288
568186573965172736
568193116437483520
568193347216474112
568194744574214144
568199101981937665
568199678896037890
568202174917976064
568202255205335041
568207527067783168
568208666035417088
568210563991363584
568211021497638912
568212521657737216
568215213620637696
568216602866376704
568220033299542016
568220625648672768
568222514956013568
568222976744824832
568223557806915585
568231913040814080
568234670166568960
568241367396192256
568245429491654656
568248180057325568
568249132323770368
568255924130983936
568257392195936259
568259485413715969
568265355115814913
568266890499346432
568267732556255232
568268831228964864
568270768989081600
568271741207891968
568276831134191618
568282478076669952
568286497796812800
568291966909181952
568308464985903104
568308793005617152
568354331503828992
568356641877446656
568360334609612801
568372335012679680
568374502582816768
568380302114086912
568391084210036736
568396209091702784
568411980542775296
568414700326797312
568416873211015168
568418165853540352
568420497563598848
568424307031805952
568424596657078272
568424902287446016
568426849040261120
568431120032915457
568432782386466816
568433301880479746
568433610765815808
568434014672916480
568435244841500673
568436010817712128
568436267702071296
568440278853525504
568441968327573504
568443923485437952
568450413365571584
568452186977361921
568454304488673280
568454386617356291
568458185071132672
568460037737324545
568460512553353216
568460539602608128
568462805235597312
568463244035289088
568466370205237248
568467366780264448
568467880481665025
568468732441276416
568469582295379969
568469882922102785
568469942711885825
568471227418832896
568471761051721728
568474866753667072
568475010798637056
568480476803035137
568481179646758913
568482252168019968
568482412990218241
568482785389899776
568482840750530560
568483338257895424
568483386580439040
568484039499378690
568487367536996354
568489413262610433
568490780203065347
568491035564879872
568491094327078912
568491434397073408
568494200163074048
568498076962451456
568501367754661888
568502226597101568
568502289402630144
568502870435336192
568503120130658305
568504198385373184
568515166410653696
568515696197439489
568516490405679104
568517386795507712
568521960088449025
568525820764897280
568527292135133184
568531207459221506
568531409209421826
568537606503280640
568538064487735296
568541894076026881
568543722943614976
568547839636332544
568548629432004609
568549003626811392
568554411078889473
568555484589871105
568556238012678144
568560083103137793
568561877699182592
568562512284659713
568565615327227904
568567048801906688
568570219951554560
568571900596772864
568573661378174976
568576829000425472
568581984055906304
568582726875516929
568584104641368064
568585421518544897
568586894776406017
568587821264609280
568587875702476800
568588522069733376
568588791830736896
568589551477886977
568594726317887488
568598334643916800
568598412544704512
568600552814174208
568602015456215040
568602309703249921
568606066155634688
568606101412962304
568606485716078592
568607013212590080
568607646204465152
568608132731154432
568608850569338880
568608982321012736
568611276026351618
568611700674584576
568611819864117248
568615445596471296
568616603568492544
568617891412574208
568625613797511169
568625636639506433
568626612314308608
568627064062009344
568627869225766912
568630308284850176
568637034761302017
568638610385158145
568640385117003776
568643981258723328
568649837610037248
568654208674586624
568655789247762432
568656014481846272
568676137699651584
568677157569826816
568677633682214912
568679098920206337
568690023513526272
568696518665998336
568702964623216643
568749392083206144
568757671819661314
568759027775225856
568759914514014208
568760152129720320
568769111561527297
568771089372979200
568773648724525056
568774914452418561
568775265406611456
568776831006064640
568784239841431552
568787999036583936
568790903776636928
568793043664560128
568795875612463104
568797729876344833
568800184345468929
568800389903962112
568800998929661953
568801535662166016
568802013196242944
568802232004513792
568804502645706752
568805605432958976
568805624164851712
568805696780824576
568807901608828928
568807947423375360
568808165636214784
568810170383536128
568812654346653697
568813431962226688
568815310016548865
568815893641211905
568817894030741504
568822571875098624
568824821531996162
568825463918833664
568827568973066240
568828240502128640
568829891220803584
568832749093687296
568833691306369025
568835134603931649
568838717303074816
568840215089041409
568840724700995584
568842945530441728
568844772191940608
568847612503334912
568852572188098561
568853685855334400
568853687130390528
568854082536001536
568855251123449856
568856823048089600
568856905445199872
568861149053231104
568861568609456128
568868703762296832
568868928732028928
568870841120731138
568873459901702145
568874175693242369
568881812174299137
568883826333777920
568884473040752641
568889116399525888
568890074164809728
568891233386561537
568893498193158144
568894021688434690
568894687911632896
568894805914169345
568895534825639936
568897700315435008
568902192364548097
568902492118888448
568903208015433728
568907615809503233
568909613770211329
568913508936458240
568914672826474496
568916345506566145
568917054004334592
568921407813521409
568926321369153536
568927727627202560
568928817651167232
568929782286516224
568930740127326209
568931215149039617
568931575980814336
568937707994419200
568940981321637889
568942331921092608
568943214130040832
568947358349701120
568947623626846208
568947922731028480
568950850615316480
568951819969232896
568954593591369728
568956535679758337
568957769858060290
568959665360384000
568959737544339456
568962811772030976
568963006547111936
568963218703564800
568965870178816000
568966274887389185
568968141814046720
568969274410168321
568969519252680706
568969667106045952
568969970513653762
568974008076652545
568981931599237120
568982505551851520
568984515298922496
568985010742693888
568985734163664896
568989506784722945
568990617394647040
568992290833899520
568996205910466560
568996669167181824
569002384258502656
569011048843313153
569019132978405376
569020255441264640
569021943828983808
569027718626480128
569033988855037952
569083230361673728
569085424498446337
569088814184079361
569094744615157760
569099306147454976
569104886119297024
569105159764242433
569121422817112065
569125697530101760
569132246810144769
569133987668623360
569139480101314560
569143443512897536
569149666027294720
569156321636847617
569158261301227520
569165227847102465
569165517614944256
569165652876881920
569167347996495872
569172396680175616
569175548632698881
569181501830656000
569182303034974208
569185842876571648
569188938012880896
569189550570016768
569191845219209217
569191875271372801
569197350901714944
569197921150902272
569200983173156864
569206152510226432
569206387483525120
569208236487745536
569208488217485312
569209566715469824
569213197485514752
569213883371683840
569216055018704896
569220438397751299
569221156504530944
569222729125253121
569223536507809792
569223781593403392
569223862941929472
569225585181880320
569225958495952897
569228412159721473
569232748663214080
569232785786998785
569234639233142784
569235062862036992
569235333050576898
569235727558447105
569241158196400130
569241467916566530
569243807331409920
569243889011281920
569244957698969602
569245342421491712
569247394002563072
569248672606597121
569248875825008640
569249493264289793
569251925482475520
569252732940320768
569257918815539200
569259152746221568
569259333197930498
569259449115942913
569260366221348864
569260922365063169
569261063406882816
569261495449595905
569261737037455361
569264951401054208
569268155383717889
569272738826694656
569273451564785664
569274001173979137
569274801388425217
569275476642013186
569276042491211777
569276518305820672
569276854458310658
569277352129138688
569283956484415490
569286569548320769
569289098944507904
569293296872222720
569294079835705346
569296784922578944
569301386262745089
569301593587208193
569302005111508992
569303395460259840
569304533140185088
569305802487439360
569307466896424961
569309296023998464
569310202174025729
569310253315174400
569310448300003328
569310717393944577
569311644934807552
569312688272052224
569316018230677504
569318589817364481
569323106210152448
569323555365752833
569324719993827329
569325844931448832
569327949553520640
569329707084353536
569330006985347072
569330919020093442
569333553705693184
569334621252526080
569335624056090624
569336402401472512
569337969233887232
569338658295193600
569339072805797888
569339181136113664
569340120790233089
569341255399964672
569341769114128386
569342608813793280
569343661063823360
569344744297521152
569345780244312067
569349274049368064
569353354545008640
569353669738688512
569355826248474624
569356513061556225
569357079716229121
569358701317869571
569359793800024064
569361587032748032
569361701495304192
569361898581467136
569361961487478785
569362149400838144
569364374755930112
569364890307190784
569366184904122369
569366218429337600
569366846547369984
569367829188886528
569374298168791040
569374561197789184
569376145000390656
569379756673597444
569380081254027265
569386555107733505
569390507526369280
569393942296432640
569395278731747329
569399153253429248
569407067007496192
569416670340636672
569417702764363776
569419949007085568
569420237189181440
569429468781150208
569447456896917505
569451523878420480
569453233044885504
569459455273897984
569459543236874240
569464902164856832
569467550100267008
569469326547222528
569470268474683393
569480043853946881
569480693782339584
569483493236969473
569484458744807425
569484788404322304
569485297639149568
569491537610059776
569494878968811520
569496017210462208
569496793668591617
569496936157487104
569497632361594880
569503165713948672
569503367757754369
569503938690584576
569504813915832321
569505992163135490
569506563628642304
569507632509267968
569507834930442241
569509505022746624
569512239344054274
569512714961362944
569514001450672128
569516852805808129
569516969969389568
569517721764786176
569519007965061121
569519571314589696
569522690261950464
569523293356630016
569525679823425536
569525811704934401
569526143730077696
569526164575924225
569526583473483776
569527440499978240
569529128585555968
569531018643955712
569531387629318144
569531924219191296
569532394455359488
569533875308916736
569534889055395841
569535203888271361
569535236884664320
569535503827017730
569536910990950401
569539000312188928
569539928129818624
569540405676654592
569540826231152640
569541106112827393
569543012914565126
569543955622338560
569544528299995137
569546319666110464
569547374454050816
569552971362639873
569557756597776384
569557964991930368
569558235897688064
569558791433416704
569560151100821504
569561389121060864
569562133249130496
569564060678639616
569564666013163520
569566514132717568
569566880006086656
569567167429128192
569567252363812864
569568079761403904
569568878977794048
569571772355489792
569571938819055617
569572180012371968
569576038289711104
569581303785328640
569583943772610560
569584207011434497
569584717843943424
569585827019399168
569587048811761664
569587140490866689
569587188687634433
569588082284101633
569591642367401984
569592148338876416
569592443542343680
569592626300751873
569592778872606720
569594354924425216
569594386066984960
569595123799101440
569596089625661440
569596097540132864
569596515510956032
569596665864130562
569596793941401601
569597072350978048
569598047593713665
569598406181695488
569598915722518528
569599532268449792
569599725240000513
569599867716132864
569600023597428736
569600720254541824
569601275672829952
569601354118905859
569601913832022016
569602295224246272
569604173236477952
569604425238454273
569604466757865472
569604659712811009
569604994825105408
569605930146353152
569606016070844420
569606248095576064
569607719713288192
569608446586200064
569608733321498627
569609699152273409
569609828831780865
569610871934205954
569612549458522113
569613661045690368
569614024578600960
569614651400585216
569615100006440960
569615659333627904
569616551239917569
569616934225846273
569618014141751298
569618829627666432
569619001820590081
569619751124795392
569619984802054144
569620002652889088
569620382023622657
569620643810926592
569620850820956160
569621744295682048
569622366768078848
569622618195652608
569623164105433088
569624299788750848
569624713414250496
569624788244828160
569626174617485313
569626297116176384
569626388610859008
569626673034850304
569626787875053568
569626841046224896
569627005852917762
569627490672517120
569628053648904195
569628172842479616
569629215869382656
569629819559747585
569630183747153920
569630987858132992
569631027385245696
569631377865515008
569631404306210816
569631742631354369
569631775766368256
569633036251340800
569633282855301120
569633393673150464
569634575653183488
569634748177514496
569636003473793024
569638013287862273
569638063825154049
569638419384528897
569638751598563328
569639854277066752
569640163393073152
569641259826061312
569641676244791296
569641915114659840
569644634386911232
569644697309872128
569645048696053761
569645082414080000
569645522363011072
569646230264885249
569647082870415361
569647694005870592
569650612545187840
569650813070483457
569651085348110336
569651129136459776
569651320736522240
569651548881465345
569652316816719873
569652478020489216
569653219229630464
569654178789724160
569654332246904832
569654393898864640
569655141890170880
569655262765719553
569655302871580673
569655339135725568
569655614432915456
569657895522054145
569658153115250689
569658168097292288
569658322732756992
569658340147646464
569659162281377794
569659173044129792
569659317458243584
569660164149800960
569660166959865856
569660363794468864
569660558112239616
569660698231308290
569661113593425920
569661767158075392
569661901468270592
569662030984056834
569662113989439488
569662934520999936
569663577226915840
569663735217971200
569664191574859777
569664265218600960
569664828911919104
569664849522925569
569666244317618177
569666470482804737
569666687253008384
569667378457391106
569667688743763968
569668179758350336
569668536966053888
569668677731274752
569669795559432192
569670354030989313
569671200978436096
569671712830308352
569672501753724928
569672763536842752
569672807715463168
569673346864037888
569673582609088512
569674294411669504
569674812781694976
569674883099205632
569675144353828864
569675178227081216
569675530792013824
569675799122591746
569675979284721665
569676333766328320
569676702030262272
569677776384598017
569678065422311424
569678919307280384
569679274535362561
569679642447052800
569679850773958657
569679871707783168
569680659288969218
569680829481406464
569682325778231297
569682545375354880
569683334311366656
569683780593545218
569684963777503232
569686397789057024
569687291007881216
569687874288914432
569689983969202180
569690010531680256
569690272830922752
569690603547697152
569691772000931840
569692982955237377
569693430902861824
569694483769659392
569695286907551745
569697809017864193
569698461911683073
569698589653344256
569698811708370944
569698856037789696
569698882797641728
569698963428925440
569699171868938241
569700071484338177
569701122899775488
569702549491752960
569703328940032000
569705220088795136
569705838870466561
569705870830874625
569706041673322498
569706320212787200
569707409985445889
569708269943418880
569709195936735232
569709552721141764
569709793000210432
569709870729068544
569711436781322241
569713071435829249
569713890138963968
569714541178679296
569715361660207105
569715552702345216
569716101027745792
569717188468334593
569717739113320448
569718205524127745
569718492108230657
569718904131420161
569719741906075648
569720008630149120
569720247948861440
569720605383241728
569721410542645248
569722020776116224
569727743450984448
569733547843457025
569735461033213952
569736870927556608
569738487269756928
569739154600300544
569740962760499200
569745528382038016
569746542275354625
569746612433629184
569747046338588672
569747170741465088
569747390758047745
569748099616215040
569748316776325120
569748491943038976
569752206343348224
569757651539660801
569758414810849280
569758956941234176
569759999083171840
569760267485122560
569762067097501697
569762365572558848
569762940816990208
569763137819267072
569769606761439232
569769633995104256
569783738210525184
569786720562110464
569790444797865984
569791792029151232
569794658479394817
569795397448634368
569796511409704960
569798946740166656
569799053690556418
569801089022734336
569810928449003521
569811225770479616
569814339785338880
569815968194678784
569816394180788224
569821145697890304
569821659097477120
569822102062309376
569822645065093121
569823770308939776
569827255653941248
569827699243544576
569830322357084160
569831129773027329
569831393682976768
569832383991525377
569832563403051008
569834388919328768
569834804943962113
569836091651592192
569836305066041344
569837152332333056
569838141273559040
569838260077228032
569838834810093568
569841254655270912
569843485911560192
569844812783996928
569846045892608001
569846545715228673
569846771301654528
569846853350457344
569847223829307392
569850597169598464
569851605358669824
569851855917830145
569852657327738880
569853327359516672
569854995958509568
569856492477657088
569857128988602368
569857446371438592
569858231759085571
569858278370516992
569860677650636801
569863166189924352
569863194929471488
569863229356310528
569863765451255809
569864610016321536
569867192445083648
569867607341436928
569867786572341252
569868818975219712
569870657246404608
569870837815205888
569872058613673984
569872132269682688
569874150636048384
569875734677712896
569878754551599104
569879234572718080
569879623317659648
569880322487263232
569881062169567232
569881123741937664
569881270987186176
569882542855352320
569883910735159297
569884644893532161
569885003020181504
569885859954229248
569886219057926144
569886575720574976
569887773953527808
569888244856455168
569888280793063424
569890309624082432
569891350302367745
569891436100874241
569892141335334913
569892413235294208
569893516609847297
569893716711747584
569895538046296064
569899859161026560
569899859995693056
569899917935714305
569900699988860928
569901314026692611
569901998780198912
569903812569276416
569905336380989440
569905534020820992
569905899650883585
569906167947898880
569906183487643648
569906446881697793
569907019081228288
569909641129402368
569909908738580481
569911344658386944
569911713459408896
569912092351819778
569914141814726657
569914848991010816
569915419018067968
569917319381712896
569917692758630400
569917824078090242
569917869296758784
569918035097731072
569918189909487617
569920773105840128
569920778306584576
569921840904327168
569922305423495168
569923809634947072
569925551475056640
569925614100189186
569927630469894144
569928989231353857
569931677868273664
569932216966516736
569932363641298944
569933275436707840
569933360564342784
569933646385188864
569933816963342337
569935135132426240
569935980129447936
569936014094897152
569939736782962688
569940323746516993
569940998035345408
569941247546286080
569941617697644544
569941647884029952
569944699877724160
569944807830736896
569945386569363456
569945910546989057
569946428547551233
569948241116016641
569948507018129408
569948646717812736
569949655905263616
569950348908982273
569950510981083136
569950724983025665
569950766485540864
569951021398683650
569952605721337856
569952718707687424
569953988537249792
569954393216454656
569954475433201665
569955551951622144
569958642411122688
569959631256051712
569960440438099969
569960575792504833
569961117235191809
569961203197325312
569961410161192960
569961680530247681
569961866224652288
569962905493315585
569964162979221504
569964335038124033
569965873752104960
569966909019398144
569967197478526976
569967841727942657
569967938607972352
569967965346664448
569968023592943616
569969218306904067
569969455171813376
569970225443172353
569970853334650880
569970938525016065
569971374820884481
569971637296082945
569972447329574912
569972513721229312
569974668406296577
569976030603059200
569976426163777536
569976848786034688
569977521690669056
569977806320476160
569980137346707456
569980269379358720
569981473060560896
569982742198251520
569985270415818752
569987348772950016
569987608912142337
569987622484848640
569988078015815680
569989043456380928
569989178651508737
569989291188695040
569991606385967107
569992662779961344
569993218730934273
569994090147909632
569996479416438784
569996647100346368
569996707443970048
569999091028983808
570000805626949633
570001283907768320
570001418825949185
570001706676842497
570002083832733696
570002805295095808
570003097554006016
570003144366792704
570004470370676737
570006768681492481
570007457055055873
570008661885526016
570008684413104128
570009252426883072
570010327036735488
570011088508604416
570011417249759233
570012706704662528
570013961808187393
570014637397295104
570015408788414464
570017101097934849
570018532727103489
570019234505474049
570019459244691456
570020275150049281
570021075355963392
570021301223604224
570021599392329728
570021779521085440
570022626724220928
570028125024706561
570029442514333698
570031758546063361
570032541933051904
570033341250056193
570037613899481088
570040802845421568
570042013908914176
570042339575640066
570042963021205504
570043937244622849
570044138302808064
570044332843134976
570044428678778880
570044715321569280
570045585149063168
570045914347237376
570053734639792129
570055898367799296
570057520162721792
570057871058079745
570057993770831872
570058295689523200
570058565974675456
570059496300548096
570060184908910592
570060273798631424
570060687164067840
570063322449616896
570064017022181376
570064025918115840
570064554232688640
570064927550889984
570065109961322496
570066245195829249
570066450796257280
570066554848743424
570067079253991424
570070483338731520
570072153607049218
570072252026376192
570072918094442496
570075101326024704
570075716861206528
570076827135246336
570077234570010624
570077991436484609
570078049779081216
570078673090408448
570080608996556800
570083898031513600
570084883332239360
570085165378068480
570086399627685888
570086434410930176
570086501222096896
570087950156898305
570089091276128258
570091109675769856
570091270334509056
570092210466611200
570092677196181507
570096582546165760
570097596913623040
570101746590093312
570103908607135744
570104704241307649
570104913390206976
570105441688158208
570106573395087362
570108377029685248
570110706588262400
570114536448995328
570115532906569729
570115988714164225
570116487278501888
570118668551458816
570119247982137344
570122982863060992
570123386925539329
570127035890184192
570136130126897152
570136706877272064
570139793608175616
570142278729076736
570143097809707008
570146091141722112
570151995472027649
570156777297350656
570157210183069696
570159741441335296
570160120698679296
570163662100549634
570175988648316929
570176385534300160
570179455911481344
570181464773562368
570186533258416133
570187080426397696
570187100710002689
570190092213465089
570191763731841024
570192751830171648
570196428364111873
570198409497288705
570198522911436800
570198775203016704
570201233220198400
570205132094349312
570205323992174592
570205880504815616
570211016308596736
570214660638511104
570219138125324288
570220154363232256
570222481618948096
570223703285477376
570226164146397184
570226695724244992
570227917877354497
570228446053470208
570229176621510659
570230059170004994
570230527032229889
570231786824994816
570235195934117889
570237453229019137
570238126611963905
570240764812378112
570241050079420417
570242420643917824
570244158591406080
570244720229797889
570245402982785024
570246839225745408
570247180734353408
570247748286435328
570248044341374976
570248600623521793
570249204767055872
570250371110539264
570250443034640384
570250470289068032
570250566573674496
570250940290342914
570252431113760768
570255773651099648
570257336465387521
570257660123193345
570258141599928321
570261418387353601
570262424038699008
570262460395098112
570263313306615810
570264153559949313
570265133638942720
570265563035004928
570265919676485632
570266233003741184
570267066919313408
570267535515324417
570267562623152128
570269103648350208
570269172774649856
570271367519604737
570271704972464129
570272015598411776
570272154635374592
570272172679282688
570272186419847168
570272309434564608
570272778840104960
570275140157640704
570275314036649984
570276439829774336
570277612389412864
570280637946421249
570280737951375360
570282089863626752
570283571941924864
570285012882472961
570285578563891200
570286100637466624
570287747643998208
570288282413633536
570288803849637888
570291642550386689
570291828349669378
570293142257311744
570293661377961984
570295405818335236
570295576446808065
570296273611448320
570296537433186305
570296670568751106
570297402281893888
570298027103162368
570298362907508738
570300767074181121
570301031407624196
570301670892146688
570302023993831425
570304633048047616
570305098557091840
570306217001799680
570307615189835777
570309000279023616
