567740403755909120
568173435173482496
568401416982806528
568640650129731585
568958074230190080
569274600196075520
569287399131389953
569525641759993856
569668677731274752
567740403755909120
568173435173482496
568401416982806528
568640650129731585
568958074230190080
569274600196075520
569287399131389953
569525641759993856
569668677731274752
569836467876470784
567740403755909120
568173435173482496
568401416982806528
568640650129731585
568958074230190080
569274600196075520
569287399131389953
569525641759993856
569668677731274752
569836467876470784
570069345818161152
570215711416537088
570259380999860224
570284988224008192
567740403755909120
568173435173482496
568401416982806528
568640650129731585
568958074230190080
569274600196075520
569287399131389953
569525641759993856
569668677731274752
569836467876470784
570069345818161152
570215711416537088
570259380999860224
570284988224008192
567740403755909120
568173435173482496
568401416982806528
568640650129731585
568958074230190080
569274600196075520
569287399131389953
569525641759993856
569668677731274752
569836467876470784
570069345818161152
570215711416537088
570259380999860224
570284988224008192
567740403755909120
568173435173482496
568401416982806528
568640650129731585
568958074230190080
569274600196075520
569287399131389953
569525641759993856
569668677731274752
569836467876470784
570069345818161152
570215711416537088
570259380999860224
570284988224008192
567740403755909120
568173435173482496
568401416982806528
568640650129731585
568958074230190080
569274600196075520
569287399131389953
569525641759993856
569668677731274752
569836467876470784
570069345818161152
570215711416537088
570259380999860224
570284988224008192
567740403755909120
568173435173482496
568401416982806528
568640650129731585
568958074230190080
569274600196075520
569287399131389953
569525641759993856
569668677731274752
569836467876470784
570069345818161152
570215711416537088
570259380999860224
570284988224008192
