567891481555382272
568156641339805697
568309328127655936
568694278890901504
568795791445209088
569164042679377921
569170541250129920
567891481555382272
568156641339805697
568309328127655936
568694278890901504
568795791445209088
569164042679377921
569170541250129920
569820619682009088
569822102062309376
567891481555382272
568156641339805697
568309328127655936
568694278890901504
568795791445209088
569164042679377921
569170541250129920
569820619682009088
569822102062309376
569944182011379712
569985685723209730
570219942961922048
567891481555382272
568156641339805697
568309328127655936
568694278890901504
568795791445209088
569164042679377921
569170541250129920
569820619682009088
569822102062309376
569944182011379712
569985685723209730
570219942961922048
567891481555382272
568156641339805697
568309328127655936
568694278890901504
568795791445209088
569164042679377921
569170541250129920
569820619682009088
569822102062309376
569944182011379712
569985685723209730
570219942961922048
567891481555382272
568156641339805697
568309328127655936
568694278890901504
568795791445209088
569164042679377921
569170541250129920
569820619682009088
569822102062309376
569944182011379712
569985685723209730
570219942961922048
567891481555382272
568156641339805697
568309328127655936
568694278890901504
568795791445209088
569164042679377921
569170541250129920
569820619682009088
569822102062309376
569944182011379712
569985685723209730
570219942961922048
567891481555382272
568156641339805697
568309328127655936
568694278890901504
568795791445209088
569164042679377921
569170541250129920
569820619682009088
569822102062309376
569944182011379712
569985685723209730
570219942961922048
