567727883993358336
567848852943953920
567878696356433920
568048515932426241
568370280415899648
568414872578465792
568768952366575618
568840701850419200
569234264153174017
569278421743878144
569294599614803968
569628145030004736
569632685318115329
569686602940858368
569720452987252736
569746687805095936
569758821310017536
567727883993358336
567848852943953920
567878696356433920
568048515932426241
568370280415899648
568414872578465792
568768952366575618
568840701850419200
569234264153174017
569278421743878144
569294599614803968
569628145030004736
569632685318115329
569686602940858368
569720452987252736
569746687805095936
569758821310017536
567727883993358336
567848852943953920
567878696356433920
568048515932426241
568370280415899648
568414872578465792
568768952366575618
568840701850419200
569234264153174017
569278421743878144
569294599614803968
569628145030004736
569632685318115329
569686602940858368
569720452987252736
569746687805095936
569758821310017536
569926688244703232
569935215654600705
569970225443172353
570001282603229186
570280641503211520
