568508151852457985
568819025733652481
569189652080533504
568508151852457985
568819025733652481
569189652080533504
568508151852457985
568819025733652481
569189652080533504
569864878007001088
570067529206358016
570264474784894976
568508151852457985
568819025733652481
569189652080533504
569864878007001088
570067529206358016
570264474784894976
568508151852457985
568819025733652481
569189652080533504
569864878007001088
570067529206358016
570264474784894976
568508151852457985
568819025733652481
569189652080533504
569864878007001088
570067529206358016
570264474784894976
568508151852457985
568819025733652481
569189652080533504
569864878007001088
570067529206358016
570264474784894976
568508151852457985
568819025733652481
569189652080533504
569864878007001088
570067529206358016
570264474784894976
