567663504102940672
567735766416392194
567763529277923329
567763775751987201
567777187265515521
567778921812389888
567781675514343424
567788982974619649
567790793197629440
567791786145378304
567797906977083392
567804951288901634
567805894885638144
567808567580041216
567812160253865984
567812841081688064
567818509650124800
567818961716387840
567828625388609536
567837218628362241
567861645084631041
567874858815733761
567912190788771840
567929586077425664
567951109677027328
568023553548922880
568047468384002048
568053728944791552
568067938843893761
568077199162658816
568079810389549057
568081558625759233
568086068328681473
568090890549374976
568091845848231937
568094342302322688
568110095646781440
568126461477068800
568139007617597440
568154777739259907
568155954484797442
568158656522539008
568166099184783360
568180768804978688
568188243713372161
568210563991363584
568210743390117888
568218884060241920
568218962833461248
568231529823891456
568261238444167170
568308464985903104
568413673330331648
568422177571258368
568422454609219584
568423848732991488
568435677190336512
568438094652956673
568438982301917184
568450413365571584
568460100970668032
568489786081714176
568496861797076992
568499629043687426
568544491596083200
568552347812524032
568556238012678144
568564485457252352
568579899243380736
568587228353585154
568587875702476800
568588936852799488
568589551477886977
568596065882017792
568607646204465152
568620917531623424
568634603885502464
568637273945866240
568644260129419264
568645379031347200
568678961229762560
568755032138469376
568755759670022147
568761425029668864
568782673587658752
568809327298883584
568825791644966912
568836616166313984
568846754701058048
568847199460835328
568853498726449152
568916807815438336
568917869762904066
568920546043408385
568921315069042688
568923827788505088
568930588868141056
568930692551221248
568940264020004864
568946686896132096
568949312098476032
568964534083268608
568965309505380352
568967580595064832
568998681715695618
569020829033492480
569024126641311744
569044397645385728
569078309033803776
569083604216623104
569130479690981376
569151232738095105
569158165176164353
569166368781635584
569172176214962176
569177080014901248
569185684268789761
569186566247051265
569192902922006528
569194996143755264
569223653952323584
569225085330071554
569226157901684736
569231984334995456
569233260108124160
569233554242080768
569250176369471489
569250990291062786
569254020457635840
569255036796215297
569257033972604929
569257918815539200
569265728408440833
569273769652576256
569273795850178560
569281144186908672
569282844155125761
569283532167757826
569287318898495490
569296585697464320
569300135328530432
569310328862830592
569314329276715010
569326785353129984
569326940252991488
569341255399964672
569342681551400960
569346317706768385
569346870423769088
569357168765501440
569360552272769024
569364758681559042
569371393294344192
569377633894445056
569379979055796224
569390507526369280
569418351295926273
569487317917958144
569489753332191232
569490420356374528
569514031695962112
569515688898875393
569526458529349632
569539746348675073
569540826231152640
569556399585402880
569557763094917120
569562133249130496
569566712397471746
569571437389881344
569601519663906819
569613473845542912
569614365755899905
569615855505387520
569619075246235648
569619205298855936
569619545893306369
569620494724366336
569621332863754240
569621365634015232
569626673034850304
569633643821441024
569638417505497088
569640847119163394
569641785347059712
569641810571763712
569644335014092800
569645505950695424
569653415317413888
569653423836045312
569654204375175169
569655392931876864
569655584540266496
569657112109965312
569657618576355328
569659668412407808
569659952681361408
569660164149800960
569660666014859264
569661321744134144
569661509988708352
569663735217971200
569663928701038592
569666689589231616
569669815205560320
569670802867556352
569671435309809664
569676535973744640
569678905344270336
569686145275072512
569688822486847488
569690317869330432
569692610543005697
569703794453295104
569710072491745280
569710389757419520
569757115822157826
569795284764532736
569796511409704960
569810990189191168
567663504102940672
567735766416392194
567763529277923329
567763775751987201
567777187265515521
567778921812389888
567781675514343424
567788982974619649
567790793197629440
567791786145378304
567797906977083392
567804951288901634
567805894885638144
567808567580041216
567812160253865984
567812841081688064
567818509650124800
567818961716387840
567828625388609536
567837218628362241
567861645084631041
567874858815733761
567912190788771840
567929586077425664
567951109677027328
568023553548922880
568047468384002048
568053728944791552
568067938843893761
568077199162658816
568079810389549057
568081558625759233
568086068328681473
568090890549374976
568091845848231937
568094342302322688
568110095646781440
568126461477068800
568139007617597440
568154777739259907
568155954484797442
568158656522539008
568166099184783360
568180768804978688
568188243713372161
568210563991363584
568210743390117888
568218884060241920
568218962833461248
568231529823891456
568261238444167170
568308464985903104
568413673330331648
568422177571258368
568422454609219584
568423848732991488
568435677190336512
568438094652956673
568438982301917184
568450413365571584
568460100970668032
568489786081714176
568496861797076992
568499629043687426
568544491596083200
568552347812524032
568556238012678144
568564485457252352
568579899243380736
568587228353585154
568587875702476800
568588936852799488
568589551477886977
568596065882017792
568607646204465152
568620917531623424
568634603885502464
568637273945866240
568644260129419264
568645379031347200
568678961229762560
568755032138469376
568755759670022147
568761425029668864
568782673587658752
568809327298883584
568825791644966912
568836616166313984
568846754701058048
568847199460835328
568853498726449152
568916807815438336
568917869762904066
568920546043408385
568921315069042688
568923827788505088
568930588868141056
568930692551221248
568940264020004864
568946686896132096
568949312098476032
568964534083268608
568965309505380352
568967580595064832
568998681715695618
569020829033492480
569024126641311744
569044397645385728
569078309033803776
569083604216623104
569130479690981376
569151232738095105
569158165176164353
569166368781635584
569172176214962176
569177080014901248
569185684268789761
569186566247051265
569192902922006528
569194996143755264
569223653952323584
569225085330071554
569226157901684736
569231984334995456
569233260108124160
569233554242080768
569250176369471489
569250990291062786
569254020457635840
569255036796215297
569257033972604929
569257918815539200
569265728408440833
569273769652576256
569273795850178560
569281144186908672
569282844155125761
569283532167757826
569287318898495490
569296585697464320
569300135328530432
569310328862830592
569314329276715010
569326785353129984
569326940252991488
569341255399964672
569342681551400960
569346317706768385
569346870423769088
569357168765501440
569360552272769024
569364758681559042
569371393294344192
569377633894445056
569379979055796224
569390507526369280
569418351295926273
569487317917958144
569489753332191232
569490420356374528
569514031695962112
569515688898875393
569526458529349632
569539746348675073
569540826231152640
569556399585402880
569557763094917120
569562133249130496
569566712397471746
569571437389881344
569601519663906819
569613473845542912
569614365755899905
569615855505387520
569619075246235648
569619205298855936
569619545893306369
569620494724366336
569621332863754240
569621365634015232
569626673034850304
569633643821441024
569638417505497088
569640847119163394
569641785347059712
569641810571763712
569644335014092800
569645505950695424
569653415317413888
569653423836045312
569654204375175169
569655392931876864
569655584540266496
569657112109965312
569657618576355328
569659668412407808
569659952681361408
569660164149800960
569660666014859264
569661321744134144
569661509988708352
569663735217971200
569663928701038592
569666689589231616
569669815205560320
569670802867556352
569671435309809664
569676535973744640
569678905344270336
569686145275072512
569688822486847488
569690317869330432
569692610543005697
569703794453295104
569710072491745280
569710389757419520
569757115822157826
569795284764532736
569796511409704960
569810990189191168
569836725612220416
567663504102940672
567735766416392194
567763529277923329
567763775751987201
567777187265515521
567778921812389888
567781675514343424
567788982974619649
567790793197629440
567791786145378304
567797906977083392
567804951288901634
567805894885638144
567808567580041216
567812160253865984
567812841081688064
567818509650124800
567818961716387840
567828625388609536
567837218628362241
567861645084631041
567874858815733761
567912190788771840
567929586077425664
567951109677027328
568023553548922880
568047468384002048
568053728944791552
568067938843893761
568077199162658816
568079810389549057
568081558625759233
568086068328681473
568090890549374976
568091845848231937
568094342302322688
568110095646781440
568126461477068800
568139007617597440
568154777739259907
568155954484797442
568158656522539008
568166099184783360
568180768804978688
568188243713372161
568210563991363584
568210743390117888
568218884060241920
568218962833461248
568231529823891456
568261238444167170
568308464985903104
568413673330331648
568422177571258368
568422454609219584
568423848732991488
568435677190336512
568438094652956673
568438982301917184
568450413365571584
568460100970668032
568489786081714176
568496861797076992
568499629043687426
568544491596083200
568552347812524032
568556238012678144
568564485457252352
568579899243380736
568587228353585154
568587875702476800
568588936852799488
568589551477886977
568596065882017792
568607646204465152
568620917531623424
568634603885502464
568637273945866240
568644260129419264
568645379031347200
568678961229762560
568755032138469376
568755759670022147
568761425029668864
568782673587658752
568809327298883584
568825791644966912
568836616166313984
568846754701058048
568847199460835328
568853498726449152
568916807815438336
568917869762904066
568920546043408385
568921315069042688
568923827788505088
568930588868141056
568930692551221248
568940264020004864
568946686896132096
568949312098476032
568964534083268608
568965309505380352
568967580595064832
568998681715695618
569020829033492480
569024126641311744
569044397645385728
569078309033803776
569083604216623104
569130479690981376
569151232738095105
569158165176164353
569166368781635584
569172176214962176
569177080014901248
569185684268789761
569186566247051265
569192902922006528
569194996143755264
569223653952323584
569225085330071554
569226157901684736
569231984334995456
569233260108124160
569233554242080768
569250176369471489
569250990291062786
569254020457635840
569255036796215297
569257033972604929
569257918815539200
569265728408440833
569273769652576256
569273795850178560
569281144186908672
569282844155125761
569283532167757826
569287318898495490
569296585697464320
569300135328530432
569310328862830592
569314329276715010
569326785353129984
569326940252991488
569341255399964672
569342681551400960
569346317706768385
569346870423769088
569357168765501440
569360552272769024
569364758681559042
569371393294344192
569377633894445056
569379979055796224
569390507526369280
569418351295926273
569487317917958144
569489753332191232
569490420356374528
569514031695962112
569515688898875393
569526458529349632
569539746348675073
569540826231152640
569556399585402880
569557763094917120
569562133249130496
569566712397471746
569571437389881344
569601519663906819
569613473845542912
569614365755899905
569615855505387520
569619075246235648
569619205298855936
569619545893306369
569620494724366336
569621332863754240
569621365634015232
569626673034850304
569633643821441024
569638417505497088
569640847119163394
569641785347059712
569641810571763712
569644335014092800
569645505950695424
569653415317413888
569653423836045312
569654204375175169
569655392931876864
569655584540266496
569657112109965312
569657618576355328
569659668412407808
569659952681361408
569660164149800960
569660666014859264
569661321744134144
569661509988708352
569663735217971200
569663928701038592
569666689589231616
569669815205560320
569670802867556352
569671435309809664
569676535973744640
569678905344270336
569686145275072512
569688822486847488
569690317869330432
569692610543005697
569703794453295104
569710072491745280
569710389757419520
569757115822157826
569795284764532736
569796511409704960
569810990189191168
569836725612220416
569849299850305536
569851241922207746
569863229356310528
569864290578108419
569874933549027328
569877754801360897
569880100218544128
569882442129133568
569885759513034752
569890152832749568
569895082402295810
569911674158731264
569924116335108096
569928552621182976
569931677868273664
569934782643224576
569935261947330560
569942094766325762
569963701794516992
569968010431066112
569969267589947394
569972935227674624
569976092359917568
569976114124349440
569978748780421121
569980771424976896
569981015378112512
569983967467868161
569984785860464640
569988849608364032
569989007532142592
569989340052344832
569996446348517376
570001191796678656
570002454839820288
570008443626647552
570011216313131008
570030715900792832
570044332843134976
570045712211288064
570048310876119040
570058262743101440
570059381284302848
570078049779081216
570081568733192192
570083021099032576
570084217301962752
570091109675769856
570099717314457600
570106900970221568
570115452568891392
570143200935063552
570165459783450624
570168203470446592
570175988648316929
570192366272970752
570204435663581184
570208909522182146
570227706140323840
570229557740969984
570230527032229889
570237261494792192
570238126611963905
570240625536323585
570241050079420417
570250989305004033
570251142942171136
570255224155348992
570264556443824128
570273819287531520
570287271234174976
570290730796777473
570296537433186305
570305363859406848
567663504102940672
567735766416392194
567763529277923329
567763775751987201
567777187265515521
567778921812389888
567781675514343424
567788982974619649
567790793197629440
567791786145378304
567797906977083392
567804951288901634
567805894885638144
567808567580041216
567812160253865984
567812841081688064
567818509650124800
567818961716387840
567828625388609536
567837218628362241
567861645084631041
567874858815733761
567912190788771840
567929586077425664
567951109677027328
568023553548922880
568047468384002048
568053728944791552
568067938843893761
568077199162658816
568079810389549057
568081558625759233
568086068328681473
568090890549374976
568091845848231937
568094342302322688
568110095646781440
568126461477068800
568139007617597440
568154777739259907
568155954484797442
568158656522539008
568166099184783360
568180768804978688
568188243713372161
568210563991363584
568210743390117888
568218884060241920
568218962833461248
568231529823891456
568261238444167170
568308464985903104
568413673330331648
568422177571258368
568422454609219584
568423848732991488
568435677190336512
568438094652956673
568438982301917184
568450413365571584
568460100970668032
568489786081714176
568496861797076992
568499629043687426
568544491596083200
568552347812524032
568556238012678144
568564485457252352
568579899243380736
568587228353585154
568587875702476800
568588936852799488
568589551477886977
568596065882017792
568607646204465152
568620917531623424
568634603885502464
568637273945866240
568644260129419264
568645379031347200
568678961229762560
568755032138469376
568755759670022147
568761425029668864
568782673587658752
568809327298883584
568825791644966912
568836616166313984
568846754701058048
568847199460835328
568853498726449152
568916807815438336
568917869762904066
568920546043408385
568921315069042688
568923827788505088
568930588868141056
568930692551221248
568940264020004864
568946686896132096
568949312098476032
568964534083268608
568965309505380352
568967580595064832
568998681715695618
569020829033492480
569024126641311744
569044397645385728
569078309033803776
569083604216623104
569130479690981376
569151232738095105
569158165176164353
569166368781635584
569172176214962176
569177080014901248
569185684268789761
569186566247051265
569192902922006528
569194996143755264
569223653952323584
569225085330071554
569226157901684736
569231984334995456
569233260108124160
569233554242080768
569250176369471489
569250990291062786
569254020457635840
569255036796215297
569257033972604929
569257918815539200
569265728408440833
569273769652576256
569273795850178560
569281144186908672
569282844155125761
569283532167757826
569287318898495490
569296585697464320
569300135328530432
569310328862830592
569314329276715010
569326785353129984
569326940252991488
569341255399964672
569342681551400960
569346317706768385
569346870423769088
569357168765501440
569360552272769024
569364758681559042
569371393294344192
569377633894445056
569379979055796224
569390507526369280
569418351295926273
569487317917958144
569489753332191232
569490420356374528
569514031695962112
569515688898875393
569526458529349632
569539746348675073
569540826231152640
569556399585402880
569557763094917120
569562133249130496
569566712397471746
569571437389881344
569601519663906819
569613473845542912
569614365755899905
569615855505387520
569619075246235648
569619205298855936
569619545893306369
569620494724366336
569621332863754240
569621365634015232
569626673034850304
569633643821441024
569638417505497088
569640847119163394
569641785347059712
569641810571763712
569644335014092800
569645505950695424
569653415317413888
569653423836045312
569654204375175169
569655392931876864
569655584540266496
569657112109965312
569657618576355328
569659668412407808
569659952681361408
569660164149800960
569660666014859264
569661321744134144
569661509988708352
569663735217971200
569663928701038592
569666689589231616
569669815205560320
569670802867556352
569671435309809664
569676535973744640
569678905344270336
569686145275072512
569688822486847488
569690317869330432
569692610543005697
569703794453295104
569710072491745280
569710389757419520
569757115822157826
569795284764532736
569796511409704960
569810990189191168
569836725612220416
569849299850305536
569851241922207746
569863229356310528
569864290578108419
569874933549027328
569877754801360897
569880100218544128
569882442129133568
569885759513034752
569890152832749568
569895082402295810
569911674158731264
569924116335108096
569928552621182976
569931677868273664
569934782643224576
569935261947330560
569942094766325762
569963701794516992
569968010431066112
569969267589947394
569972935227674624
569976092359917568
569976114124349440
569978748780421121
569980771424976896
569981015378112512
569983967467868161
569984785860464640
569988849608364032
569989007532142592
569989340052344832
569996446348517376
570001191796678656
570002454839820288
570008443626647552
570011216313131008
570030715900792832
570044332843134976
570045712211288064
570048310876119040
570058262743101440
570059381284302848
570078049779081216
570081568733192192
570083021099032576
570084217301962752
570091109675769856
570099717314457600
570106900970221568
570115452568891392
570143200935063552
570165459783450624
570168203470446592
570175988648316929
570192366272970752
570204435663581184
570208909522182146
570227706140323840
570229557740969984
570230527032229889
570237261494792192
570238126611963905
570240625536323585
570241050079420417
570250989305004033
570251142942171136
570255224155348992
570264556443824128
570273819287531520
570287271234174976
570290730796777473
570296537433186305
570305363859406848
567663504102940672
567735766416392194
567763529277923329
567763775751987201
567777187265515521
567778921812389888
567781675514343424
567788982974619649
567790793197629440
567791786145378304
567797906977083392
567804951288901634
567805894885638144
567808567580041216
567812160253865984
567812841081688064
567818509650124800
567818961716387840
567828625388609536
567837218628362241
567861645084631041
567874858815733761
567912190788771840
567929586077425664
567951109677027328
568023553548922880
568047468384002048
568053728944791552
568067938843893761
568077199162658816
568079810389549057
568081558625759233
568086068328681473
568090890549374976
568091845848231937
568094342302322688
568110095646781440
568126461477068800
568139007617597440
568154777739259907
568155954484797442
568158656522539008
568166099184783360
568180768804978688
568188243713372161
568210563991363584
568210743390117888
568218884060241920
568218962833461248
568231529823891456
568261238444167170
568308464985903104
568413673330331648
568422177571258368
568422454609219584
568423848732991488
568435677190336512
568438094652956673
568438982301917184
568450413365571584
568460100970668032
568489786081714176
568496861797076992
568499629043687426
568544491596083200
568552347812524032
568556238012678144
568564485457252352
568579899243380736
568587228353585154
568587875702476800
568588936852799488
568589551477886977
568596065882017792
568607646204465152
568620917531623424
568634603885502464
568637273945866240
568644260129419264
568645379031347200
568678961229762560
568755032138469376
568755759670022147
568761425029668864
568782673587658752
568809327298883584
568825791644966912
568836616166313984
568846754701058048
568847199460835328
568853498726449152
568916807815438336
568917869762904066
568920546043408385
568921315069042688
568923827788505088
568930588868141056
568930692551221248
568940264020004864
568946686896132096
568949312098476032
568964534083268608
568965309505380352
568967580595064832
568998681715695618
569020829033492480
569024126641311744
569044397645385728
569078309033803776
569083604216623104
569130479690981376
569151232738095105
569158165176164353
569166368781635584
569172176214962176
569177080014901248
569185684268789761
569186566247051265
569192902922006528
569194996143755264
569223653952323584
569225085330071554
569226157901684736
569231984334995456
569233260108124160
569233554242080768
569250176369471489
569250990291062786
569254020457635840
569255036796215297
569257033972604929
569257918815539200
569265728408440833
569273769652576256
569273795850178560
569281144186908672
569282844155125761
569283532167757826
569287318898495490
569296585697464320
569300135328530432
569310328862830592
569314329276715010
569326785353129984
569326940252991488
569341255399964672
569342681551400960
569346317706768385
569346870423769088
569357168765501440
569360552272769024
569364758681559042
569371393294344192
569377633894445056
569379979055796224
569390507526369280
569418351295926273
569487317917958144
569489753332191232
569490420356374528
569514031695962112
569515688898875393
569526458529349632
569539746348675073
569540826231152640
569556399585402880
569557763094917120
569562133249130496
569566712397471746
569571437389881344
569601519663906819
569613473845542912
569614365755899905
569615855505387520
569619075246235648
569619205298855936
569619545893306369
569620494724366336
569621332863754240
569621365634015232
569626673034850304
569633643821441024
569638417505497088
569640847119163394
569641785347059712
569641810571763712
569644335014092800
569645505950695424
569653415317413888
569653423836045312
569654204375175169
569655392931876864
569655584540266496
569657112109965312
569657618576355328
569659668412407808
569659952681361408
569660164149800960
569660666014859264
569661321744134144
569661509988708352
569663735217971200
569663928701038592
569666689589231616
569669815205560320
569670802867556352
569671435309809664
569676535973744640
569678905344270336
569686145275072512
569688822486847488
569690317869330432
569692610543005697
569703794453295104
569710072491745280
569710389757419520
569757115822157826
569795284764532736
569796511409704960
569810990189191168
569836725612220416
569849299850305536
569851241922207746
569863229356310528
569864290578108419
569874933549027328
569877754801360897
569880100218544128
569882442129133568
569885759513034752
569890152832749568
569895082402295810
569911674158731264
569924116335108096
569928552621182976
569931677868273664
569934782643224576
569935261947330560
569942094766325762
569963701794516992
569968010431066112
569969267589947394
569972935227674624
569976092359917568
569976114124349440
569978748780421121
569980771424976896
569981015378112512
569983967467868161
569984785860464640
569988849608364032
569989007532142592
569989340052344832
569996446348517376
570001191796678656
570002454839820288
570008443626647552
570011216313131008
570030715900792832
570044332843134976
570045712211288064
570048310876119040
570058262743101440
570059381284302848
570078049779081216
570081568733192192
570083021099032576
570084217301962752
570091109675769856
570099717314457600
570106900970221568
570115452568891392
570143200935063552
570165459783450624
570168203470446592
570175988648316929
570192366272970752
570204435663581184
570208909522182146
570227706140323840
570229557740969984
570230527032229889
570237261494792192
570238126611963905
570240625536323585
570241050079420417
570250989305004033
570251142942171136
570255224155348992
570264556443824128
570273819287531520
570287271234174976
570290730796777473
570296537433186305
570305363859406848
567663504102940672
567735766416392194
567763529277923329
567763775751987201
567777187265515521
567778921812389888
567781675514343424
567788982974619649
567790793197629440
567791786145378304
567797906977083392
567804951288901634
567805894885638144
567808567580041216
567812160253865984
567812841081688064
567818509650124800
567818961716387840
567828625388609536
567837218628362241
567861645084631041
567874858815733761
567912190788771840
567929586077425664
567951109677027328
568023553548922880
568047468384002048
568053728944791552
568067938843893761
568077199162658816
568079810389549057
568081558625759233
568086068328681473
568090890549374976
568091845848231937
568094342302322688
568110095646781440
568126461477068800
568139007617597440
568154777739259907
568155954484797442
568158656522539008
568166099184783360
568180768804978688
568188243713372161
568210563991363584
568210743390117888
568218884060241920
568218962833461248
568231529823891456
568261238444167170
568308464985903104
568413673330331648
568422177571258368
568422454609219584
568423848732991488
568435677190336512
568438094652956673
568438982301917184
568450413365571584
568460100970668032
568489786081714176
568496861797076992
568499629043687426
568544491596083200
568552347812524032
568556238012678144
568564485457252352
568579899243380736
568587228353585154
568587875702476800
568588936852799488
568589551477886977
568596065882017792
568607646204465152
568620917531623424
568634603885502464
568637273945866240
568644260129419264
568645379031347200
568678961229762560
568755032138469376
568755759670022147
568761425029668864
568782673587658752
568809327298883584
568825791644966912
568836616166313984
568846754701058048
568847199460835328
568853498726449152
568916807815438336
568917869762904066
568920546043408385
568921315069042688
568923827788505088
568930588868141056
568930692551221248
568940264020004864
568946686896132096
568949312098476032
568964534083268608
568965309505380352
568967580595064832
568998681715695618
569020829033492480
569024126641311744
569044397645385728
569078309033803776
569083604216623104
569130479690981376
569151232738095105
569158165176164353
569166368781635584
569172176214962176
569177080014901248
569185684268789761
569186566247051265
569192902922006528
569194996143755264
569223653952323584
569225085330071554
569226157901684736
569231984334995456
569233260108124160
569233554242080768
569250176369471489
569250990291062786
569254020457635840
569255036796215297
569257033972604929
569257918815539200
569265728408440833
569273769652576256
569273795850178560
569281144186908672
569282844155125761
569283532167757826
569287318898495490
569296585697464320
569300135328530432
569310328862830592
569314329276715010
569326785353129984
569326940252991488
569341255399964672
569342681551400960
569346317706768385
569346870423769088
569357168765501440
569360552272769024
569364758681559042
569371393294344192
569377633894445056
569379979055796224
569390507526369280
569418351295926273
569487317917958144
569489753332191232
569490420356374528
569514031695962112
569515688898875393
569526458529349632
569539746348675073
569540826231152640
569556399585402880
569557763094917120
569562133249130496
569566712397471746
569571437389881344
569601519663906819
569613473845542912
569614365755899905
569615855505387520
569619075246235648
569619205298855936
569619545893306369
569620494724366336
569621332863754240
569621365634015232
569626673034850304
569633643821441024
569638417505497088
569640847119163394
569641785347059712
569641810571763712
569644335014092800
569645505950695424
569653415317413888
569653423836045312
569654204375175169
569655392931876864
569655584540266496
569657112109965312
569657618576355328
569659668412407808
569659952681361408
569660164149800960
569660666014859264
569661321744134144
569661509988708352
569663735217971200
569663928701038592
569666689589231616
569669815205560320
569670802867556352
569671435309809664
569676535973744640
569678905344270336
569686145275072512
569688822486847488
569690317869330432
569692610543005697
569703794453295104
569710072491745280
569710389757419520
569757115822157826
569795284764532736
569796511409704960
569810990189191168
569836725612220416
569849299850305536
569851241922207746
569863229356310528
569864290578108419
569874933549027328
569877754801360897
569880100218544128
569882442129133568
569885759513034752
569890152832749568
569895082402295810
569911674158731264
569924116335108096
569928552621182976
569931677868273664
569934782643224576
569935261947330560
569942094766325762
569963701794516992
569968010431066112
569969267589947394
569972935227674624
569976092359917568
569976114124349440
569978748780421121
569980771424976896
569981015378112512
569983967467868161
569984785860464640
569988849608364032
569989007532142592
569989340052344832
569996446348517376
570001191796678656
570002454839820288
570008443626647552
570011216313131008
570030715900792832
570044332843134976
570045712211288064
570048310876119040
570058262743101440
570059381284302848
570078049779081216
570081568733192192
570083021099032576
570084217301962752
570091109675769856
570099717314457600
570106900970221568
570115452568891392
570143200935063552
570165459783450624
570168203470446592
570175988648316929
570192366272970752
570204435663581184
570208909522182146
570227706140323840
570229557740969984
570230527032229889
570237261494792192
570238126611963905
570240625536323585
570241050079420417
570250989305004033
570251142942171136
570255224155348992
570264556443824128
570273819287531520
570287271234174976
570290730796777473
570296537433186305
570305363859406848
567663504102940672
567735766416392194
567763529277923329
567763775751987201
567777187265515521
567778921812389888
567781675514343424
567788982974619649
567790793197629440
567791786145378304
567797906977083392
567804951288901634
567805894885638144
567808567580041216
567812160253865984
567812841081688064
567818509650124800
567818961716387840
567828625388609536
567837218628362241
567861645084631041
567874858815733761
567912190788771840
567929586077425664
567951109677027328
568023553548922880
568047468384002048
568053728944791552
568067938843893761
568077199162658816
568079810389549057
568081558625759233
568086068328681473
568090890549374976
568091845848231937
568094342302322688
568110095646781440
568126461477068800
568139007617597440
568154777739259907
568155954484797442
568158656522539008
568166099184783360
568180768804978688
568188243713372161
568210563991363584
568210743390117888
568218884060241920
568218962833461248
568231529823891456
568261238444167170
568308464985903104
568413673330331648
568422177571258368
568422454609219584
568423848732991488
568435677190336512
568438094652956673
568438982301917184
568450413365571584
568460100970668032
568489786081714176
568496861797076992
568499629043687426
568544491596083200
568552347812524032
568556238012678144
568564485457252352
568579899243380736
568587228353585154
568587875702476800
568588936852799488
568589551477886977
568596065882017792
568607646204465152
568620917531623424
568634603885502464
568637273945866240
568644260129419264
568645379031347200
568678961229762560
568755032138469376
568755759670022147
568761425029668864
568782673587658752
568809327298883584
568825791644966912
568836616166313984
568846754701058048
568847199460835328
568853498726449152
568916807815438336
568917869762904066
568920546043408385
568921315069042688
568923827788505088
568930588868141056
568930692551221248
568940264020004864
568946686896132096
568949312098476032
568964534083268608
568965309505380352
568967580595064832
568998681715695618
569020829033492480
569024126641311744
569044397645385728
569078309033803776
569083604216623104
569130479690981376
569151232738095105
569158165176164353
569166368781635584
569172176214962176
569177080014901248
569185684268789761
569186566247051265
569192902922006528
569194996143755264
569223653952323584
569225085330071554
569226157901684736
569231984334995456
569233260108124160
569233554242080768
569250176369471489
569250990291062786
569254020457635840
569255036796215297
569257033972604929
569257918815539200
569265728408440833
569273769652576256
569273795850178560
569281144186908672
569282844155125761
569283532167757826
569287318898495490
569296585697464320
569300135328530432
569310328862830592
569314329276715010
569326785353129984
569326940252991488
569341255399964672
569342681551400960
569346317706768385
569346870423769088
569357168765501440
569360552272769024
569364758681559042
569371393294344192
569377633894445056
569379979055796224
569390507526369280
569418351295926273
569487317917958144
569489753332191232
569490420356374528
569514031695962112
569515688898875393
569526458529349632
569539746348675073
569540826231152640
569556399585402880
569557763094917120
569562133249130496
569566712397471746
569571437389881344
569601519663906819
569613473845542912
569614365755899905
569615855505387520
569619075246235648
569619205298855936
569619545893306369
569620494724366336
569621332863754240
569621365634015232
569626673034850304
569633643821441024
569638417505497088
569640847119163394
569641785347059712
569641810571763712
569644335014092800
569645505950695424
569653415317413888
569653423836045312
569654204375175169
569655392931876864
569655584540266496
569657112109965312
569657618576355328
569659668412407808
569659952681361408
569660164149800960
569660666014859264
569661321744134144
569661509988708352
569663735217971200
569663928701038592
569666689589231616
569669815205560320
569670802867556352
569671435309809664
569676535973744640
569678905344270336
569686145275072512
569688822486847488
569690317869330432
569692610543005697
569703794453295104
569710072491745280
569710389757419520
569757115822157826
569795284764532736
569796511409704960
569810990189191168
569836725612220416
569849299850305536
569851241922207746
569863229356310528
569864290578108419
569874933549027328
569877754801360897
569880100218544128
569882442129133568
569885759513034752
569890152832749568
569895082402295810
569911674158731264
569924116335108096
569928552621182976
569931677868273664
569934782643224576
569935261947330560
569942094766325762
569963701794516992
569968010431066112
569969267589947394
569972935227674624
569976092359917568
569976114124349440
569978748780421121
569980771424976896
569981015378112512
569983967467868161
569984785860464640
569988849608364032
569989007532142592
569989340052344832
569996446348517376
570001191796678656
570002454839820288
570008443626647552
570011216313131008
570030715900792832
570044332843134976
570045712211288064
570048310876119040
570058262743101440
570059381284302848
570078049779081216
570081568733192192
570083021099032576
570084217301962752
570091109675769856
570099717314457600
570106900970221568
570115452568891392
570143200935063552
570165459783450624
570168203470446592
570175988648316929
570192366272970752
570204435663581184
570208909522182146
570227706140323840
570229557740969984
570230527032229889
570237261494792192
570238126611963905
570240625536323585
570241050079420417
570250989305004033
570251142942171136
570255224155348992
570264556443824128
570273819287531520
570287271234174976
570290730796777473
570296537433186305
570305363859406848
567663504102940672
567735766416392194
567763529277923329
567763775751987201
567777187265515521
567778921812389888
567781675514343424
567788982974619649
567790793197629440
567791786145378304
567797906977083392
567804951288901634
567805894885638144
567808567580041216
567812160253865984
567812841081688064
567818509650124800
567818961716387840
567828625388609536
567837218628362241
567861645084631041
567874858815733761
567912190788771840
567929586077425664
567951109677027328
568023553548922880
568047468384002048
568053728944791552
568067938843893761
568077199162658816
568079810389549057
568081558625759233
568086068328681473
568090890549374976
568091845848231937
568094342302322688
568110095646781440
568126461477068800
568139007617597440
568154777739259907
568155954484797442
568158656522539008
568166099184783360
568180768804978688
568188243713372161
568210563991363584
568210743390117888
568218884060241920
568218962833461248
568231529823891456
568261238444167170
568308464985903104
568413673330331648
568422177571258368
568422454609219584
568423848732991488
568435677190336512
568438094652956673
568438982301917184
568450413365571584
568460100970668032
568489786081714176
568496861797076992
568499629043687426
568544491596083200
568552347812524032
568556238012678144
568564485457252352
568579899243380736
568587228353585154
568587875702476800
568588936852799488
568589551477886977
568596065882017792
568607646204465152
568620917531623424
568634603885502464
568637273945866240
568644260129419264
568645379031347200
568678961229762560
568755032138469376
568755759670022147
568761425029668864
568782673587658752
568809327298883584
568825791644966912
568836616166313984
568846754701058048
568847199460835328
568853498726449152
568916807815438336
568917869762904066
568920546043408385
568921315069042688
568923827788505088
568930588868141056
568930692551221248
568940264020004864
568946686896132096
568949312098476032
568964534083268608
568965309505380352
568967580595064832
568998681715695618
569020829033492480
569024126641311744
569044397645385728
569078309033803776
569083604216623104
569130479690981376
569151232738095105
569158165176164353
569166368781635584
569172176214962176
569177080014901248
569185684268789761
569186566247051265
569192902922006528
569194996143755264
569223653952323584
569225085330071554
569226157901684736
569231984334995456
569233260108124160
569233554242080768
569250176369471489
569250990291062786
569254020457635840
569255036796215297
569257033972604929
569257918815539200
569265728408440833
569273769652576256
569273795850178560
569281144186908672
569282844155125761
569283532167757826
569287318898495490
569296585697464320
569300135328530432
569310328862830592
569314329276715010
569326785353129984
569326940252991488
569341255399964672
569342681551400960
569346317706768385
569346870423769088
569357168765501440
569360552272769024
569364758681559042
569371393294344192
569377633894445056
569379979055796224
569390507526369280
569418351295926273
569487317917958144
569489753332191232
569490420356374528
569514031695962112
569515688898875393
569526458529349632
569539746348675073
569540826231152640
569556399585402880
569557763094917120
569562133249130496
569566712397471746
569571437389881344
569601519663906819
569613473845542912
569614365755899905
569615855505387520
569619075246235648
569619205298855936
569619545893306369
569620494724366336
569621332863754240
569621365634015232
569626673034850304
569633643821441024
569638417505497088
569640847119163394
569641785347059712
569641810571763712
569644335014092800
569645505950695424
569653415317413888
569653423836045312
569654204375175169
569655392931876864
569655584540266496
569657112109965312
569657618576355328
569659668412407808
569659952681361408
569660164149800960
569660666014859264
569661321744134144
569661509988708352
569663735217971200
569663928701038592
569666689589231616
569669815205560320
569670802867556352
569671435309809664
569676535973744640
569678905344270336
569686145275072512
569688822486847488
569690317869330432
569692610543005697
569703794453295104
569710072491745280
569710389757419520
569757115822157826
569795284764532736
569796511409704960
569810990189191168
569836725612220416
569849299850305536
569851241922207746
569863229356310528
569864290578108419
569874933549027328
569877754801360897
569880100218544128
569882442129133568
569885759513034752
569890152832749568
569895082402295810
569911674158731264
569924116335108096
569928552621182976
569931677868273664
569934782643224576
569935261947330560
569942094766325762
569963701794516992
569968010431066112
569969267589947394
569972935227674624
569976092359917568
569976114124349440
569978748780421121
569980771424976896
569981015378112512
569983967467868161
569984785860464640
569988849608364032
569989007532142592
569989340052344832
569996446348517376
570001191796678656
570002454839820288
570008443626647552
570011216313131008
570030715900792832
570044332843134976
570045712211288064
570048310876119040
570058262743101440
570059381284302848
570078049779081216
570081568733192192
570083021099032576
570084217301962752
570091109675769856
570099717314457600
570106900970221568
570115452568891392
570143200935063552
570165459783450624
570168203470446592
570175988648316929
570192366272970752
570204435663581184
570208909522182146
570227706140323840
570229557740969984
570230527032229889
570237261494792192
570238126611963905
570240625536323585
570241050079420417
570250989305004033
570251142942171136
570255224155348992
570264556443824128
570273819287531520
570287271234174976
570290730796777473
570296537433186305
570305363859406848
