567722294680641538
567743010322935808
567779798782595072
567782346833686528
567788982974619649
567805894885638144
567822065471860736
567822613608718336
567826599270416385
567853052943663104
567860982422306816
567896250013601792
567936625453318144
567954287185125377
567962289460137984
567997512310767616
567999609248858112
568034773156933632
568066302818058240
568144896852299776
568189390444310528
568189945308786688
568206538147364864
568212521657737216
568385303267782656
568387402810728448
568388502431395840
568426870963712000
568434328943915009
568486216464785408
568535405361913857
568599227342852096
568614676612964352
568694278890901504
568753398100692992
568770442292551680
568784261064622080
568795451341856768
568800998929661953
568805624164851712
568805696780824576
568825542792720385
568871340498821120
568873199250706433
569104886119297024
569149666027294720
569165227847102465
569179517522046977
569233955951480832
569242047917502464
569242798953594880
569261068050141184
569407352299847680
569501773863493632
569558713079443456
569559734199721984
569605359406485504
569605602961281024
569605930146353152
569606248095576064
569608570066436096
569613611510960128
569615410720432128
569615540089700353
569633099174322177
569638675170131968
569658152741957634
569660666014859264
569684654380486656
569684963777503232
569686397789057024
569686401735745536
569693820398510080
569707569448558592
569790444797865984
569807000927920128
567722294680641538
567743010322935808
567779798782595072
567782346833686528
567788982974619649
567805894885638144
567822065471860736
567822613608718336
567826599270416385
567853052943663104
567860982422306816
567896250013601792
567936625453318144
567954287185125377
567962289460137984
567997512310767616
567999609248858112
568034773156933632
568066302818058240
568144896852299776
568189390444310528
568189945308786688
568206538147364864
568212521657737216
568385303267782656
568387402810728448
568388502431395840
568426870963712000
568434328943915009
568486216464785408
568535405361913857
568599227342852096
568614676612964352
568694278890901504
568753398100692992
568770442292551680
568784261064622080
568795451341856768
568800998929661953
568805624164851712
568805696780824576
568825542792720385
568871340498821120
568873199250706433
569104886119297024
569149666027294720
569165227847102465
569179517522046977
569233955951480832
569242047917502464
569242798953594880
569261068050141184
569407352299847680
569501773863493632
569558713079443456
569559734199721984
569605359406485504
569605602961281024
569605930146353152
569606248095576064
569608570066436096
569613611510960128
569615410720432128
569615540089700353
569633099174322177
569638675170131968
569658152741957634
569660666014859264
569684654380486656
569684963777503232
569686397789057024
569686401735745536
569693820398510080
569707569448558592
569790444797865984
569807000927920128
569820619682009088
569826992251473921
569831393682976768
567722294680641538
567743010322935808
567779798782595072
567782346833686528
567788982974619649
567805894885638144
567822065471860736
567822613608718336
567826599270416385
567853052943663104
567860982422306816
567896250013601792
567936625453318144
567954287185125377
567962289460137984
567997512310767616
567999609248858112
568034773156933632
568066302818058240
568144896852299776
568189390444310528
568189945308786688
568206538147364864
568212521657737216
568385303267782656
568387402810728448
568388502431395840
568426870963712000
568434328943915009
568486216464785408
568535405361913857
568599227342852096
568614676612964352
568694278890901504
568753398100692992
568770442292551680
568784261064622080
568795451341856768
568800998929661953
568805624164851712
568805696780824576
568825542792720385
568871340498821120
568873199250706433
569104886119297024
569149666027294720
569165227847102465
569179517522046977
569233955951480832
569242047917502464
569242798953594880
569261068050141184
569407352299847680
569501773863493632
569558713079443456
569559734199721984
569605359406485504
569605602961281024
569605930146353152
569606248095576064
569608570066436096
569613611510960128
569615410720432128
569615540089700353
569633099174322177
569638675170131968
569658152741957634
569660666014859264
569684654380486656
569684963777503232
569686397789057024
569686401735745536
569693820398510080
569707569448558592
569790444797865984
569807000927920128
569820619682009088
569826992251473921
569831393682976768
569875456415170560
569888244856455168
569907323650633728
569910335353851904
569913339427434496
569923809634947072
569938945871626240
569948966873370625
569965774498095105
569966826639110147
569967841727942657
569967938607972352
569967965346664448
569968023592943616
569970775517741056
569973821396152323
569975175321653248
569996412286582784
570021301223604224
570039756731494400
570045890750230529
570056289419526145
570091270334509056
570114021854212096
570197146894520320
570197804091621376
570211016308596736
570244158591406080
570250940290342914
570265609122029568
570297414848000000
