568034650477580289
568495595440234496
568505005633880064
569330030074990592
569769633995104256
568034650477580289
568495595440234496
568505005633880064
569330030074990592
569769633995104256
568034650477580289
568495595440234496
568505005633880064
569330030074990592
569769633995104256
570078894008594432
568034650477580289
568495595440234496
568505005633880064
569330030074990592
569769633995104256
570078894008594432
568034650477580289
568495595440234496
568505005633880064
569330030074990592
569769633995104256
570078894008594432
568034650477580289
568495595440234496
568505005633880064
569330030074990592
569769633995104256
570078894008594432
568034650477580289
568495595440234496
568505005633880064
569330030074990592
569769633995104256
570078894008594432
568034650477580289
568495595440234496
568505005633880064
569330030074990592
569769633995104256
570078894008594432
