567798535262060544
567834021293596672
567879304593408001
568162054206435328
568162290890964992
568169732895051777
568171538324840449
568370280415899648
568505615208693761
568548307200393217
568575335148580864
568712938019639296
568796240319639552
568836390991101952
568908748732760064
568924327275401218
568982494676172800
569262527281913857
569285269981167616
569345780244312067
569361887659294720
569368352868556800
569496068255195137
569595899204255745
569624948190261249
569628494214225922
569643344462262274
569646613183885312
569652631938985984
569656756764217345
569667401769459712
569696449111461888
569729821397291008
569745801121009664
567798535262060544
567834021293596672
567879304593408001
568162054206435328
568162290890964992
568169732895051777
568171538324840449
568370280415899648
568505615208693761
568548307200393217
568575335148580864
568712938019639296
568796240319639552
568836390991101952
568908748732760064
568924327275401218
568982494676172800
569262527281913857
569285269981167616
569345780244312067
569361887659294720
569368352868556800
569496068255195137
569595899204255745
569624948190261249
569628494214225922
569643344462262274
569646613183885312
569652631938985984
569656756764217345
569667401769459712
569696449111461888
569729821397291008
569745801121009664
569835641514692608
567798535262060544
567834021293596672
567879304593408001
568162054206435328
568162290890964992
568169732895051777
568171538324840449
568370280415899648
568505615208693761
568548307200393217
568575335148580864
568712938019639296
568796240319639552
568836390991101952
568908748732760064
568924327275401218
568982494676172800
569262527281913857
569285269981167616
569345780244312067
569361887659294720
569368352868556800
569496068255195137
569595899204255745
569624948190261249
569628494214225922
569643344462262274
569646613183885312
569652631938985984
569656756764217345
569667401769459712
569696449111461888
569729821397291008
569745801121009664
569835641514692608
569888183409893377
569910528279228416
569912963273879552
569933882662916096
569942084393824256
569953988537249792
569977806320476160
570031758546063361
570188838775103488
567798535262060544
567834021293596672
567879304593408001
568162054206435328
568162290890964992
568169732895051777
568171538324840449
568370280415899648
568505615208693761
568548307200393217
568575335148580864
568712938019639296
568796240319639552
568836390991101952
568908748732760064
568924327275401218
568982494676172800
569262527281913857
569285269981167616
569345780244312067
569361887659294720
569368352868556800
569496068255195137
569595899204255745
569624948190261249
569628494214225922
569643344462262274
569646613183885312
569652631938985984
569656756764217345
569667401769459712
569696449111461888
569729821397291008
569745801121009664
569835641514692608
569888183409893377
569910528279228416
569912963273879552
569933882662916096
569942084393824256
569953988537249792
569977806320476160
570031758546063361
570188838775103488
567798535262060544
567834021293596672
567879304593408001
568162054206435328
568162290890964992
568169732895051777
568171538324840449
568370280415899648
568505615208693761
568548307200393217
568575335148580864
568712938019639296
568796240319639552
568836390991101952
568908748732760064
568924327275401218
568982494676172800
569262527281913857
569285269981167616
569345780244312067
569361887659294720
569368352868556800
569496068255195137
569595899204255745
569624948190261249
569628494214225922
569643344462262274
569646613183885312
569652631938985984
569656756764217345
569667401769459712
569696449111461888
569729821397291008
569745801121009664
569835641514692608
569888183409893377
569910528279228416
569912963273879552
569933882662916096
569942084393824256
569953988537249792
569977806320476160
570031758546063361
570188838775103488
567798535262060544
567834021293596672
567879304593408001
568162054206435328
568162290890964992
568169732895051777
568171538324840449
568370280415899648
568505615208693761
568548307200393217
568575335148580864
568712938019639296
568796240319639552
568836390991101952
568908748732760064
568924327275401218
568982494676172800
569262527281913857
569285269981167616
569345780244312067
569361887659294720
569368352868556800
569496068255195137
569595899204255745
569624948190261249
569628494214225922
569643344462262274
569646613183885312
569652631938985984
569656756764217345
569667401769459712
569696449111461888
569729821397291008
569745801121009664
569835641514692608
569888183409893377
569910528279228416
569912963273879552
569933882662916096
569942084393824256
569953988537249792
569977806320476160
570031758546063361
570188838775103488
567798535262060544
567834021293596672
567879304593408001
568162054206435328
568162290890964992
568169732895051777
568171538324840449
568370280415899648
568505615208693761
568548307200393217
568575335148580864
568712938019639296
568796240319639552
568836390991101952
568908748732760064
568924327275401218
568982494676172800
569262527281913857
569285269981167616
569345780244312067
569361887659294720
569368352868556800
569496068255195137
569595899204255745
569624948190261249
569628494214225922
569643344462262274
569646613183885312
569652631938985984
569656756764217345
569667401769459712
569696449111461888
569729821397291008
569745801121009664
569835641514692608
569888183409893377
569910528279228416
569912963273879552
569933882662916096
569942084393824256
569953988537249792
569977806320476160
570031758546063361
570188838775103488
567798535262060544
567834021293596672
567879304593408001
568162054206435328
568162290890964992
568169732895051777
568171538324840449
568370280415899648
568505615208693761
568548307200393217
568575335148580864
568712938019639296
568796240319639552
568836390991101952
568908748732760064
568924327275401218
568982494676172800
569262527281913857
569285269981167616
569345780244312067
569361887659294720
569368352868556800
569496068255195137
569595899204255745
569624948190261249
569628494214225922
569643344462262274
569646613183885312
569652631938985984
569656756764217345
569667401769459712
569696449111461888
569729821397291008
569745801121009664
569835641514692608
569888183409893377
569910528279228416
569912963273879552
569933882662916096
569942084393824256
569953988537249792
569977806320476160
570031758546063361
570188838775103488
