567822065471860736
567822613608718336
567853052943663104
569196241252282368
569638675170131968
569684654380486656
569684963777503232
569693820398510080
567822065471860736
567822613608718336
567853052943663104
569196241252282368
569638675170131968
569684654380486656
569684963777503232
569693820398510080
567822065471860736
567822613608718336
567853052943663104
569196241252282368
569638675170131968
569684654380486656
569684963777503232
569693820398510080
569888244856455168
567822065471860736
567822613608718336
567853052943663104
569196241252282368
569638675170131968
569684654380486656
569684963777503232
569693820398510080
569888244856455168
567822065471860736
567822613608718336
567853052943663104
569196241252282368
569638675170131968
569684654380486656
569684963777503232
569693820398510080
569888244856455168
567822065471860736
567822613608718336
567853052943663104
569196241252282368
569638675170131968
569684654380486656
569684963777503232
569693820398510080
569888244856455168
567822065471860736
567822613608718336
567853052943663104
569196241252282368
569638675170131968
569684654380486656
569684963777503232
569693820398510080
569888244856455168
567822065471860736
567822613608718336
567853052943663104
569196241252282368
569638675170131968
569684654380486656
569684963777503232
569693820398510080
569888244856455168
