567747787807526912
568434065067491328
568447937929289729
568896227917451264
569208051145650177
569322657822285824
569477458023616512
569521838625312769
569547921189933056
569551994949648385
569558986665537537
569561389121060864
569608322925473792
569622447869304832
569623248205430785
569659137581326336
569668310637404163
567747787807526912
568434065067491328
568447937929289729
568896227917451264
569208051145650177
569322657822285824
569477458023616512
569521838625312769
569547921189933056
569551994949648385
569558986665537537
569561389121060864
569608322925473792
569622447869304832
569623248205430785
569659137581326336
569668310637404163
567747787807526912
568434065067491328
568447937929289729
568896227917451264
569208051145650177
569322657822285824
569477458023616512
569521838625312769
569547921189933056
569551994949648385
569558986665537537
569561389121060864
569608322925473792
569622447869304832
569623248205430785
569659137581326336
569668310637404163
569970235392073729
570040802845421568
567747787807526912
568434065067491328
568447937929289729
568896227917451264
569208051145650177
569322657822285824
569477458023616512
569521838625312769
569547921189933056
569551994949648385
569558986665537537
569561389121060864
569608322925473792
569622447869304832
569623248205430785
569659137581326336
569668310637404163
569970235392073729
570040802845421568
567747787807526912
568434065067491328
568447937929289729
568896227917451264
569208051145650177
569322657822285824
569477458023616512
569521838625312769
569547921189933056
569551994949648385
569558986665537537
569561389121060864
569608322925473792
569622447869304832
569623248205430785
569659137581326336
569668310637404163
569970235392073729
570040802845421568
567747787807526912
568434065067491328
568447937929289729
568896227917451264
569208051145650177
569322657822285824
569477458023616512
569521838625312769
569547921189933056
569551994949648385
569558986665537537
569561389121060864
569608322925473792
569622447869304832
569623248205430785
569659137581326336
569668310637404163
569970235392073729
570040802845421568
567747787807526912
568434065067491328
568447937929289729
568896227917451264
569208051145650177
569322657822285824
569477458023616512
569521838625312769
569547921189933056
569551994949648385
569558986665537537
569561389121060864
569608322925473792
569622447869304832
569623248205430785
569659137581326336
569668310637404163
569970235392073729
570040802845421568
567747787807526912
568434065067491328
568447937929289729
568896227917451264
569208051145650177
569322657822285824
569477458023616512
569521838625312769
569547921189933056
569551994949648385
569558986665537537
569561389121060864
569608322925473792
569622447869304832
569623248205430785
569659137581326336
569668310637404163
569970235392073729
570040802845421568
