568963218703564800
568976065210806272
568983296018751491
569658152741957634
568963218703564800
568976065210806272
568983296018751491
569658152741957634
568963218703564800
568976065210806272
568983296018751491
569658152741957634
569952945028108288
568963218703564800
568976065210806272
568983296018751491
569658152741957634
569952945028108288
568963218703564800
568976065210806272
568983296018751491
569658152741957634
569952945028108288
568963218703564800
568976065210806272
568983296018751491
569658152741957634
569952945028108288
568963218703564800
568976065210806272
568983296018751491
569658152741957634
569952945028108288
568963218703564800
568976065210806272
568983296018751491
569658152741957634
569952945028108288
