567793064221130752
568237611208318976
569512239344054274
569646446586171392
569667313609404416
567793064221130752
568237611208318976
569512239344054274
569646446586171392
569667313609404416
567793064221130752
568237611208318976
569512239344054274
569646446586171392
569667313609404416
569970775517741056
570267544906555393
567793064221130752
568237611208318976
569512239344054274
569646446586171392
569667313609404416
569970775517741056
570267544906555393
567793064221130752
568237611208318976
569512239344054274
569646446586171392
569667313609404416
569970775517741056
570267544906555393
567793064221130752
568237611208318976
569512239344054274
569646446586171392
569667313609404416
569970775517741056
570267544906555393
567793064221130752
568237611208318976
569512239344054274
569646446586171392
569667313609404416
569970775517741056
570267544906555393
567793064221130752
568237611208318976
569512239344054274
569646446586171392
569667313609404416
569970775517741056
570267544906555393
