569201516881448960
569538992980566017
569724225466073088
569201516881448960
569538992980566017
569724225466073088
569201516881448960
569538992980566017
569724225466073088
570002269577441280
569201516881448960
569538992980566017
569724225466073088
570002269577441280
569201516881448960
569538992980566017
569724225466073088
570002269577441280
569201516881448960
569538992980566017
569724225466073088
570002269577441280
569201516881448960
569538992980566017
569724225466073088
570002269577441280
569201516881448960
569538992980566017
569724225466073088
570002269577441280
