567808748711051264
567862240419934208
568104985935753216
568911101146091520
568911873438920705
569323727818657792
567808748711051264
567862240419934208
568104985935753216
568911101146091520
568911873438920705
569323727818657792
567808748711051264
567862240419934208
568104985935753216
568911101146091520
568911873438920705
569323727818657792
569960635376766976
569998842579566592
570262528539779073
567808748711051264
567862240419934208
568104985935753216
568911101146091520
568911873438920705
569323727818657792
569960635376766976
569998842579566592
570262528539779073
567808748711051264
567862240419934208
568104985935753216
568911101146091520
568911873438920705
569323727818657792
569960635376766976
569998842579566592
570262528539779073
567808748711051264
567862240419934208
568104985935753216
568911101146091520
568911873438920705
569323727818657792
569960635376766976
569998842579566592
570262528539779073
567808748711051264
567862240419934208
568104985935753216
568911101146091520
568911873438920705
569323727818657792
569960635376766976
569998842579566592
570262528539779073
567808748711051264
567862240419934208
568104985935753216
568911101146091520
568911873438920705
569323727818657792
569960635376766976
569998842579566592
570262528539779073
