568509763048357888
569242046621491200
569681060553826304
569700277244141568
569711923148689408
568509763048357888
569242046621491200
569681060553826304
569700277244141568
569711923148689408
568509763048357888
569242046621491200
569681060553826304
569700277244141568
569711923148689408
569873968175259650
569883910735159297
569887230019284993
569894088209596416
569968010431066112
569968904409214976
569969456190869504
570013289188630529
570229842626478081
568509763048357888
569242046621491200
569681060553826304
569700277244141568
569711923148689408
569873968175259650
569883910735159297
569887230019284993
569894088209596416
569968010431066112
569968904409214976
569969456190869504
570013289188630529
570229842626478081
568509763048357888
569242046621491200
569681060553826304
569700277244141568
569711923148689408
569873968175259650
569883910735159297
569887230019284993
569894088209596416
569968010431066112
569968904409214976
569969456190869504
570013289188630529
570229842626478081
568509763048357888
569242046621491200
569681060553826304
569700277244141568
569711923148689408
569873968175259650
569883910735159297
569887230019284993
569894088209596416
569968010431066112
569968904409214976
569969456190869504
570013289188630529
570229842626478081
568509763048357888
569242046621491200
569681060553826304
569700277244141568
569711923148689408
569873968175259650
569883910735159297
569887230019284993
569894088209596416
569968010431066112
569968904409214976
569969456190869504
570013289188630529
570229842626478081
568509763048357888
569242046621491200
569681060553826304
569700277244141568
569711923148689408
569873968175259650
569883910735159297
569887230019284993
569894088209596416
569968010431066112
569968904409214976
569969456190869504
570013289188630529
570229842626478081
