568159714737049601
568210743390117888
569737259999571968
568159714737049601
568210743390117888
569737259999571968
568159714737049601
568210743390117888
569737259999571968
570031615130394624
568159714737049601
568210743390117888
569737259999571968
570031615130394624
568159714737049601
568210743390117888
569737259999571968
570031615130394624
568159714737049601
568210743390117888
569737259999571968
570031615130394624
568159714737049601
568210743390117888
569737259999571968
570031615130394624
568159714737049601
568210743390117888
569737259999571968
570031615130394624
