567592368451248130
567717552290136065
567718292530688000
567727026313101315
567728227465310208
567728357555437568
567734002287513602
567736516420853760
567736870365171713
567737625637687296
567737653118779392
567742148603170816
567749045524131841
567750519402143745
567752048402104320
567754559762612225
567757771953561600
567763065706250240
567773236734074880
567777625344593920
567788423352950784
567789902633664512
567789974717747200
567793064221130752
567793538134716417
567797436652199936
567801343861092352
567801645795643393
567802255215460353
567805230550634496
567807844687577089
567808893464899584
567810419672268800
567812349895245824
567814334228774912
567820210264137729
567822648047321088
567822865844928512
567824271234592769
567828425278283777
567832821013848064
567837314782765056
567842593440145408
567846268090740737
567848107456749569
567856127246999552
567862628460158976
567863933018640384
567864058742845440
567872267910262784
567875552377450497
567887437998997504
567895874598215680
567899604605218816
567906937423073280
567912190788771840
567945572746792962
567951109677027328
568011010029838336
568023874970861568
568027668026937344
568032561462689793
568036157482602497
568049646062444544
568086073814827008
568095956866093057
568101393111891968
568104744025268224
568104907384832000
568105220410105857
568115611814858752
568116768868159488
568117268254568448
568123010638483456
568123098546843648
568128387576762370
568140722240512001
568147443151454208
568148808993013761
568149287948967936
568155289146363904
568166403246850050
568178665189711872
568181167054196736
568181761114546176
568184134666981376
568184857538498560
568189430202130432
568196150718824448
568199101981937665
568202255205335041
568203327965696002
568205359208230912
568206570540163072
568208027775569920
568208666035417088
568209028188233728
568213769798578176
568215628890411009
568220487500709889
568222514956013568
568223025805422592
568228124263124992
568228257037856768
568241382776635392
568241499831287808
568243352258236416
568257392195936259
568269127992913920
568271741207891968
568276144107200512
568280611552681985
568295728272900096
568354818344923136
568364870757797888
568382196081229824
568413746726457344
568421605132484608
568427942382071810
568438094652956673
568441899402584064
568442952176918528
568448902011224064
568450413365571584
568450712314753024
568454051144339456
568469155709624321
568475010798637056
568486216464785408
568487367536996354
568490310524936192
568494910405517312
568499798099304449
568501293079248896
568502021390786561
568503120130658305
568506661373145089
568507131902726144
568517386795507712
568526136017342464
568531409209421826
568539193669914626
568546953262436352
568551504505802752
568558728263254017
568558979841810432
568564623156211712
568564957740175360
568569646389067776
568570374335524865
568574614110117888
568596145456291840
568602156988657664
568603024320434176
568607454893727744
568614676612964352
568622671287566336
568623037962039297
568624572985004033
568631189856264192
568639824145584128
568640385117003776
568694278890901504
568695647202717696
568702964623216643
568752276040495104
568760315569053696
568769725175435264
568778374451220480
568780060720701440
568789500727570432
568795451341856768
568795875612463104
568796187299606528
568800998929661953
568802225058926592
568805624164851712
568805696780824576
568806985505726464
568807206059028481
568807947423375360
568808165636214784
568810866830913536
568813634152849408
568815686446788608
568823775745028096
568824987244584961
568825791644966912
568825797613645824
568829196962828289
568833608460283904
568836616166313984
568837602071203840
568838743030956032
568838781907935233
568853687130390528
568870841120731138
568871143022731265
568874175693242369
568874399652306944
568883108377808896
568885959225446400
568892540889509888
568893453515378689
568893623099654144
568899508601430016
568900052397092864
568901675903119360
568901905910521856
568911349092212736
568918820632403969
568923827788505088
568925938840240128
568927427847544833
568929490929377281
568932735181578240
568945562705371136
568948016662474752
568950548411461632
568955060165554176
568956535679758337
568957349534289920
568958322306650113
568962000614658048
568964010101514240
568967907042037761
568971304914853889
568971449815289856
568984098909237248
568989460618203136
568997136643309568
568997237176569856
569017052310056960
569017837576069120
569017927803932672
569018352464588800
569076717689524224
569103591966793728
569110766235877376
569125711556042752
569143454434926592
569143944266833920
569156321636847617
569161748286083073
569168102212001793
569169274109100032
569174847374233600
569178210325430272
569190606276333568
569197910895812608
569203705750237184
569206387483525120
569217929541238784
569221589822083072
569225958495952897
569227342675116033
569231102428250112
569234592420331520
569256107186782209
569259238989688833
569259333197930498
569260462606569473
569261495449595905
569272209887404032
569275249725870080
569276518305820672
569276734798893056
569278020441284608
569278347441799169
569279670048452608
569280107724050432
569288052725694464
569290509883187202
569298163632373761
569307917712805889
569308224551309313
569310253315174400
569311498301870080
569313734566547456
569316487447621632
569317490276360193
569318653792948226
569321654842564609
569321800359927808
569328128310403073
569330646901895169
569337230935724032
569345829653254145
569353354545008640
569364890307190784
569379979055796224
569379997175177216
569382354529030144
569441937826164736
569465299495358466
569471837614137344
569487167191425024
569491537610059776
569492208203776000
569496169652428800
569496793668591617
569496828376322048
569496936157487104
569504330551861248
569506670189137920
569514031695962112
569522690261950464
569523231524319232
569527848131637248
569529242893090816
569531274991239168
569532667869335554
569534175973396480
569534268130660352
569538649110548480
569546319666110464
569546858122616833
569547374454050816
569547782039728129
569552971362639873
569556860652675072
569557763094917120
569567028136296450
569567084721655808
569569120951390209
569571763744452608
569571938819055617
569573528149716992
569577455176048642
569580279251255296
569584431544971264
569586660909973504
569588591602458624
569590527349252096
569591456190504961
569591730506371072
569592148338876416
569595309279440896
569596097540132864
569599532268449792
569600927394631680
569603127223066624
569603590349848576
569604469324967938
569604777962643457
569605521050898433
569607509167595520
569607852236640256
569611721054162945
569613897516380160
569616208804380672
569616551239917569
569616573905936384
569618440396398592
569619668060807169
569619751124795392
569622366768078848
569622857120137216
569623889686482944
569624091646431232
569626884549578752
569627273407569920
569628159085301760
569628922431873025
569630885450002432
569631847547867136
569632283046469634
569632584424153088
569635428237778944
569635623348215808
569636929165242368
569640163393073152
569641607584206850
569642742852268032
569643262459269120
569643287918845952
569644902637813761
569645065792069632
569645701291843584
569649779090833408
569650273091584000
569650401085157376
569657781835460608
569659137581326336
569659364530728961
569659617699074048
569661154638872576
569662789377064960
569663687222542336
569664636179476480
569666771717890048
569666892882952192
569667805643034624
569667821455708160
569670559300239360
569671200978436096
569673473607344128
569674358135914496
569677478077136897
569677636613439488
569678931785228288
569686415665025024
569687262444720128
569687540644642817
569688050386620416
569690272830922752
569690347183480832
569693430902861824
569700071484338177
569701848476745728
569704164743376896
569706793531629570
569709992175116288
569711436781322241
569719449458094080
569720366198759424
569729325546602497
569730182371635200
569730716692393984
569737259999571968
569741986502041602
569743891714347009
569748491943038976
569749422482960384
569760128343220224
569790444797865984
569794574966591489
569795284764532736
569795397448634368
569799053690556418
569804373859020801
569811246096064512
567592368451248130
567717552290136065
567718292530688000
567727026313101315
567728227465310208
567728357555437568
567734002287513602
567736516420853760
567736870365171713
567737625637687296
567737653118779392
567742148603170816
567749045524131841
567750519402143745
567752048402104320
567754559762612225
567757771953561600
567763065706250240
567773236734074880
567777625344593920
567788423352950784
567789902633664512
567789974717747200
567793064221130752
567793538134716417
567797436652199936
567801343861092352
567801645795643393
567802255215460353
567805230550634496
567807844687577089
567808893464899584
567810419672268800
567812349895245824
567814334228774912
567820210264137729
567822648047321088
567822865844928512
567824271234592769
567828425278283777
567832821013848064
567837314782765056
567842593440145408
567846268090740737
567848107456749569
567856127246999552
567862628460158976
567863933018640384
567864058742845440
567872267910262784
567875552377450497
567887437998997504
567895874598215680
567899604605218816
567906937423073280
567912190788771840
567945572746792962
567951109677027328
568011010029838336
568023874970861568
568027668026937344
568032561462689793
568036157482602497
568049646062444544
568086073814827008
568095956866093057
568101393111891968
568104744025268224
568104907384832000
568105220410105857
568115611814858752
568116768868159488
568117268254568448
568123010638483456
568123098546843648
568128387576762370
568140722240512001
568147443151454208
568148808993013761
568149287948967936
568155289146363904
568166403246850050
568178665189711872
568181167054196736
568181761114546176
568184134666981376
568184857538498560
568189430202130432
568196150718824448
568199101981937665
568202255205335041
568203327965696002
568205359208230912
568206570540163072
568208027775569920
568208666035417088
568209028188233728
568213769798578176
568215628890411009
568220487500709889
568222514956013568
568223025805422592
568228124263124992
568228257037856768
568241382776635392
568241499831287808
568243352258236416
568257392195936259
568269127992913920
568271741207891968
568276144107200512
568280611552681985
568295728272900096
568354818344923136
568364870757797888
568382196081229824
568413746726457344
568421605132484608
568427942382071810
568438094652956673
568441899402584064
568442952176918528
568448902011224064
568450413365571584
568450712314753024
568454051144339456
568469155709624321
568475010798637056
568486216464785408
568487367536996354
568490310524936192
568494910405517312
568499798099304449
568501293079248896
568502021390786561
568503120130658305
568506661373145089
568507131902726144
568517386795507712
568526136017342464
568531409209421826
568539193669914626
568546953262436352
568551504505802752
568558728263254017
568558979841810432
568564623156211712
568564957740175360
568569646389067776
568570374335524865
568574614110117888
568596145456291840
568602156988657664
568603024320434176
568607454893727744
568614676612964352
568622671287566336
568623037962039297
568624572985004033
568631189856264192
568639824145584128
568640385117003776
568694278890901504
568695647202717696
568702964623216643
568752276040495104
568760315569053696
568769725175435264
568778374451220480
568780060720701440
568789500727570432
568795451341856768
568795875612463104
568796187299606528
568800998929661953
568802225058926592
568805624164851712
568805696780824576
568806985505726464
568807206059028481
568807947423375360
568808165636214784
568810866830913536
568813634152849408
568815686446788608
568823775745028096
568824987244584961
568825791644966912
568825797613645824
568829196962828289
568833608460283904
568836616166313984
568837602071203840
568838743030956032
568838781907935233
568853687130390528
568870841120731138
568871143022731265
568874175693242369
568874399652306944
568883108377808896
568885959225446400
568892540889509888
568893453515378689
568893623099654144
568899508601430016
568900052397092864
568901675903119360
568901905910521856
568911349092212736
568918820632403969
568923827788505088
568925938840240128
568927427847544833
568929490929377281
568932735181578240
568945562705371136
568948016662474752
568950548411461632
568955060165554176
568956535679758337
568957349534289920
568958322306650113
568962000614658048
568964010101514240
568967907042037761
568971304914853889
568971449815289856
568984098909237248
568989460618203136
568997136643309568
568997237176569856
569017052310056960
569017837576069120
569017927803932672
569018352464588800
569076717689524224
569103591966793728
569110766235877376
569125711556042752
569143454434926592
569143944266833920
569156321636847617
569161748286083073
569168102212001793
569169274109100032
569174847374233600
569178210325430272
569190606276333568
569197910895812608
569203705750237184
569206387483525120
569217929541238784
569221589822083072
569225958495952897
569227342675116033
569231102428250112
569234592420331520
569256107186782209
569259238989688833
569259333197930498
569260462606569473
569261495449595905
569272209887404032
569275249725870080
569276518305820672
569276734798893056
569278020441284608
569278347441799169
569279670048452608
569280107724050432
569288052725694464
569290509883187202
569298163632373761
569307917712805889
569308224551309313
569310253315174400
569311498301870080
569313734566547456
569316487447621632
569317490276360193
569318653792948226
569321654842564609
569321800359927808
569328128310403073
569330646901895169
569337230935724032
569345829653254145
569353354545008640
569364890307190784
569379979055796224
569379997175177216
569382354529030144
569441937826164736
569465299495358466
569471837614137344
569487167191425024
569491537610059776
569492208203776000
569496169652428800
569496793668591617
569496828376322048
569496936157487104
569504330551861248
569506670189137920
569514031695962112
569522690261950464
569523231524319232
569527848131637248
569529242893090816
569531274991239168
569532667869335554
569534175973396480
569534268130660352
569538649110548480
569546319666110464
569546858122616833
569547374454050816
569547782039728129
569552971362639873
569556860652675072
569557763094917120
569567028136296450
569567084721655808
569569120951390209
569571763744452608
569571938819055617
569573528149716992
569577455176048642
569580279251255296
569584431544971264
569586660909973504
569588591602458624
569590527349252096
569591456190504961
569591730506371072
569592148338876416
569595309279440896
569596097540132864
569599532268449792
569600927394631680
569603127223066624
569603590349848576
569604469324967938
569604777962643457
569605521050898433
569607509167595520
569607852236640256
569611721054162945
569613897516380160
569616208804380672
569616551239917569
569616573905936384
569618440396398592
569619668060807169
569619751124795392
569622366768078848
569622857120137216
569623889686482944
569624091646431232
569626884549578752
569627273407569920
569628159085301760
569628922431873025
569630885450002432
569631847547867136
569632283046469634
569632584424153088
569635428237778944
569635623348215808
569636929165242368
569640163393073152
569641607584206850
569642742852268032
569643262459269120
569643287918845952
569644902637813761
569645065792069632
569645701291843584
569649779090833408
569650273091584000
569650401085157376
569657781835460608
569659137581326336
569659364530728961
569659617699074048
569661154638872576
569662789377064960
569663687222542336
569664636179476480
569666771717890048
569666892882952192
569667805643034624
569667821455708160
569670559300239360
569671200978436096
569673473607344128
569674358135914496
569677478077136897
569677636613439488
569678931785228288
569686415665025024
569687262444720128
569687540644642817
569688050386620416
569690272830922752
569690347183480832
569693430902861824
569700071484338177
569701848476745728
569704164743376896
569706793531629570
569709992175116288
569711436781322241
569719449458094080
569720366198759424
569729325546602497
569730182371635200
569730716692393984
569737259999571968
569741986502041602
569743891714347009
569748491943038976
569749422482960384
569760128343220224
569790444797865984
569794574966591489
569795284764532736
569795397448634368
569799053690556418
569804373859020801
569811246096064512
569831129773027329
569838692220542976
569839216512917504
569840848764059648
569841047456460800
567592368451248130
567717552290136065
567718292530688000
567727026313101315
567728227465310208
567728357555437568
567734002287513602
567736516420853760
567736870365171713
567737625637687296
567737653118779392
567742148603170816
567749045524131841
567750519402143745
567752048402104320
567754559762612225
567757771953561600
567763065706250240
567773236734074880
567777625344593920
567788423352950784
567789902633664512
567789974717747200
567793064221130752
567793538134716417
567797436652199936
567801343861092352
567801645795643393
567802255215460353
567805230550634496
567807844687577089
567808893464899584
567810419672268800
567812349895245824
567814334228774912
567820210264137729
567822648047321088
567822865844928512
567824271234592769
567828425278283777
567832821013848064
567837314782765056
567842593440145408
567846268090740737
567848107456749569
567856127246999552
567862628460158976
567863933018640384
567864058742845440
567872267910262784
567875552377450497
567887437998997504
567895874598215680
567899604605218816
567906937423073280
567912190788771840
567945572746792962
567951109677027328
568011010029838336
568023874970861568
568027668026937344
568032561462689793
568036157482602497
568049646062444544
568086073814827008
568095956866093057
568101393111891968
568104744025268224
568104907384832000
568105220410105857
568115611814858752
568116768868159488
568117268254568448
568123010638483456
568123098546843648
568128387576762370
568140722240512001
568147443151454208
568148808993013761
568149287948967936
568155289146363904
568166403246850050
568178665189711872
568181167054196736
568181761114546176
568184134666981376
568184857538498560
568189430202130432
568196150718824448
568199101981937665
568202255205335041
568203327965696002
568205359208230912
568206570540163072
568208027775569920
568208666035417088
568209028188233728
568213769798578176
568215628890411009
568220487500709889
568222514956013568
568223025805422592
568228124263124992
568228257037856768
568241382776635392
568241499831287808
568243352258236416
568257392195936259
568269127992913920
568271741207891968
568276144107200512
568280611552681985
568295728272900096
568354818344923136
568364870757797888
568382196081229824
568413746726457344
568421605132484608
568427942382071810
568438094652956673
568441899402584064
568442952176918528
568448902011224064
568450413365571584
568450712314753024
568454051144339456
568469155709624321
568475010798637056
568486216464785408
568487367536996354
568490310524936192
568494910405517312
568499798099304449
568501293079248896
568502021390786561
568503120130658305
568506661373145089
568507131902726144
568517386795507712
568526136017342464
568531409209421826
568539193669914626
568546953262436352
568551504505802752
568558728263254017
568558979841810432
568564623156211712
568564957740175360
568569646389067776
568570374335524865
568574614110117888
568596145456291840
568602156988657664
568603024320434176
568607454893727744
568614676612964352
568622671287566336
568623037962039297
568624572985004033
568631189856264192
568639824145584128
568640385117003776
568694278890901504
568695647202717696
568702964623216643
568752276040495104
568760315569053696
568769725175435264
568778374451220480
568780060720701440
568789500727570432
568795451341856768
568795875612463104
568796187299606528
568800998929661953
568802225058926592
568805624164851712
568805696780824576
568806985505726464
568807206059028481
568807947423375360
568808165636214784
568810866830913536
568813634152849408
568815686446788608
568823775745028096
568824987244584961
568825791644966912
568825797613645824
568829196962828289
568833608460283904
568836616166313984
568837602071203840
568838743030956032
568838781907935233
568853687130390528
568870841120731138
568871143022731265
568874175693242369
568874399652306944
568883108377808896
568885959225446400
568892540889509888
568893453515378689
568893623099654144
568899508601430016
568900052397092864
568901675903119360
568901905910521856
568911349092212736
568918820632403969
568923827788505088
568925938840240128
568927427847544833
568929490929377281
568932735181578240
568945562705371136
568948016662474752
568950548411461632
568955060165554176
568956535679758337
568957349534289920
568958322306650113
568962000614658048
568964010101514240
568967907042037761
568971304914853889
568971449815289856
568984098909237248
568989460618203136
568997136643309568
568997237176569856
569017052310056960
569017837576069120
569017927803932672
569018352464588800
569076717689524224
569103591966793728
569110766235877376
569125711556042752
569143454434926592
569143944266833920
569156321636847617
569161748286083073
569168102212001793
569169274109100032
569174847374233600
569178210325430272
569190606276333568
569197910895812608
569203705750237184
569206387483525120
569217929541238784
569221589822083072
569225958495952897
569227342675116033
569231102428250112
569234592420331520
569256107186782209
569259238989688833
569259333197930498
569260462606569473
569261495449595905
569272209887404032
569275249725870080
569276518305820672
569276734798893056
569278020441284608
569278347441799169
569279670048452608
569280107724050432
569288052725694464
569290509883187202
569298163632373761
569307917712805889
569308224551309313
569310253315174400
569311498301870080
569313734566547456
569316487447621632
569317490276360193
569318653792948226
569321654842564609
569321800359927808
569328128310403073
569330646901895169
569337230935724032
569345829653254145
569353354545008640
569364890307190784
569379979055796224
569379997175177216
569382354529030144
569441937826164736
569465299495358466
569471837614137344
569487167191425024
569491537610059776
569492208203776000
569496169652428800
569496793668591617
569496828376322048
569496936157487104
569504330551861248
569506670189137920
569514031695962112
569522690261950464
569523231524319232
569527848131637248
569529242893090816
569531274991239168
569532667869335554
569534175973396480
569534268130660352
569538649110548480
569546319666110464
569546858122616833
569547374454050816
569547782039728129
569552971362639873
569556860652675072
569557763094917120
569567028136296450
569567084721655808
569569120951390209
569571763744452608
569571938819055617
569573528149716992
569577455176048642
569580279251255296
569584431544971264
569586660909973504
569588591602458624
569590527349252096
569591456190504961
569591730506371072
569592148338876416
569595309279440896
569596097540132864
569599532268449792
569600927394631680
569603127223066624
569603590349848576
569604469324967938
569604777962643457
569605521050898433
569607509167595520
569607852236640256
569611721054162945
569613897516380160
569616208804380672
569616551239917569
569616573905936384
569618440396398592
569619668060807169
569619751124795392
569622366768078848
569622857120137216
569623889686482944
569624091646431232
569626884549578752
569627273407569920
569628159085301760
569628922431873025
569630885450002432
569631847547867136
569632283046469634
569632584424153088
569635428237778944
569635623348215808
569636929165242368
569640163393073152
569641607584206850
569642742852268032
569643262459269120
569643287918845952
569644902637813761
569645065792069632
569645701291843584
569649779090833408
569650273091584000
569650401085157376
569657781835460608
569659137581326336
569659364530728961
569659617699074048
569661154638872576
569662789377064960
569663687222542336
569664636179476480
569666771717890048
569666892882952192
569667805643034624
569667821455708160
569670559300239360
569671200978436096
569673473607344128
569674358135914496
569677478077136897
569677636613439488
569678931785228288
569686415665025024
569687262444720128
569687540644642817
569688050386620416
569690272830922752
569690347183480832
569693430902861824
569700071484338177
569701848476745728
569704164743376896
569706793531629570
569709992175116288
569711436781322241
569719449458094080
569720366198759424
569729325546602497
569730182371635200
569730716692393984
569737259999571968
569741986502041602
569743891714347009
569748491943038976
569749422482960384
569760128343220224
569790444797865984
569794574966591489
569795284764532736
569795397448634368
569799053690556418
569804373859020801
569811246096064512
569831129773027329
569838692220542976
569839216512917504
569840848764059648
569841047456460800
569846045892608001
569853327359516672
569854492126146560
569857072310808578
569857415027564545
569857446371438592
569857504768757760
569859218058162176
569863871030292481
569865022031015937
569866669243265024
569868818975219712
569871068833435648
569871364603031553
569874150636048384
569879600907440129
569879623317659648
569880005729067008
569880251767123968
569885003020181504
569885487508418560
569890152832749568
569891260405665792
569893554753040386
569893878536527872
569899437662863360
569901998780198912
569905336380989440
569906446881697793
569908781720702976
569909742447009792
569910943720669184
569911600934752256
569914369905201153
569916323725217793
569918932116643841
569919703054991361
569927288751587328
569932287380467712
569933879299186688
569935639539425280
569938470589718528
569940685757014016
569940832691752960
569946219826548736
569947823615012864
569949655905263616
569949891163615232
569951016033980416
569951222515539968
569951353205870592
569953672861388800
569956147433574401
569956170393194496
569960311022850048
569960575792504833
569961481455976449
569963064495366145
569966422744395776
569967441591144450
569967808446009345
569968282532315136
569969045946175490
569970608693493760
569972513721229312
569972721901277184
569973034880098304
569975349750079488
569975778953142272
569977008077148161
569983750798516225
569984789673078785
569989661713666049
569992620744708096
569993393767460864
569993494715977728
569998122241232896
569999091028983808
570000158454353920
570003144366792704
570004470370676737
570004899234074624
570007003659149312
570008817414639616
570009576273154048
570012706704662528
570014884651380736
570015876902232064
570022372901847042
570026470741032961
570026514923675648
570030715900792832
570031138913329152
570031615130394624
570041144488230912
570043390773084160
570045585149063168
570047651875594240
570049195446444033
570050691173101568
570057784114302977
570058565974675456
570058699676520448
570060752926728192
570060776301424641
570063322449616896
570065109961322496
570071999780933634
570075916430397440
570084707548958720
570086475989061632
570086501222096896
570090102195486722
570103908607135744
570114536448995328
570122183072092160
570122868039634944
570151995472027649
570165459783450624
570172921102143488
570192183766196224
570194141612789760
570200756827000832
570201347414462464
570205917024628736
570217145428090880
570217760430493698
570221343985295360
570222445971382273
570222630525014017
570222748615598081
570226080457449472
570229480821628928
570233809129467905
570236014238699521
570237453229019137
570240336519258112
570241050079420417
570242191685234688
570243095482261504
570244711388065793
570248044341374976
570254579578720256
570255853296746496
570256329543012352
570257377460514816
570257429486706688
570259268844314625
570259423987404800
570259502685151232
570261328511643648
570262112477401088
570264793140953088
570268875872473088
570270630660218881
570273880486629377
570275248052039680
570279812922789888
570283254743506944
570283544125288448
570284054605639683
570285537833168896
570287303681294337
570289532953874432
570291699731308545
570292371340062720
570295405818335236
570298018685165568
570298371140939776
570302023993831425
570306217001799680
570309340952993796
567592368451248130
567717552290136065
567718292530688000
567727026313101315
567728227465310208
567728357555437568
567734002287513602
567736516420853760
567736870365171713
567737625637687296
567737653118779392
567742148603170816
567749045524131841
567750519402143745
567752048402104320
567754559762612225
567757771953561600
567763065706250240
567773236734074880
567777625344593920
567788423352950784
567789902633664512
567789974717747200
567793064221130752
567793538134716417
567797436652199936
567801343861092352
567801645795643393
567802255215460353
567805230550634496
567807844687577089
567808893464899584
567810419672268800
567812349895245824
567814334228774912
567820210264137729
567822648047321088
567822865844928512
567824271234592769
567828425278283777
567832821013848064
567837314782765056
567842593440145408
567846268090740737
567848107456749569
567856127246999552
567862628460158976
567863933018640384
567864058742845440
567872267910262784
567875552377450497
567887437998997504
567895874598215680
567899604605218816
567906937423073280
567912190788771840
567945572746792962
567951109677027328
568011010029838336
568023874970861568
568027668026937344
568032561462689793
568036157482602497
568049646062444544
568086073814827008
568095956866093057
568101393111891968
568104744025268224
568104907384832000
568105220410105857
568115611814858752
568116768868159488
568117268254568448
568123010638483456
568123098546843648
568128387576762370
568140722240512001
568147443151454208
568148808993013761
568149287948967936
568155289146363904
568166403246850050
568178665189711872
568181167054196736
568181761114546176
568184134666981376
568184857538498560
568189430202130432
568196150718824448
568199101981937665
568202255205335041
568203327965696002
568205359208230912
568206570540163072
568208027775569920
568208666035417088
568209028188233728
568213769798578176
568215628890411009
568220487500709889
568222514956013568
568223025805422592
568228124263124992
568228257037856768
568241382776635392
568241499831287808
568243352258236416
568257392195936259
568269127992913920
568271741207891968
568276144107200512
568280611552681985
568295728272900096
568354818344923136
568364870757797888
568382196081229824
568413746726457344
568421605132484608
568427942382071810
568438094652956673
568441899402584064
568442952176918528
568448902011224064
568450413365571584
568450712314753024
568454051144339456
568469155709624321
568475010798637056
568486216464785408
568487367536996354
568490310524936192
568494910405517312
568499798099304449
568501293079248896
568502021390786561
568503120130658305
568506661373145089
568507131902726144
568517386795507712
568526136017342464
568531409209421826
568539193669914626
568546953262436352
568551504505802752
568558728263254017
568558979841810432
568564623156211712
568564957740175360
568569646389067776
568570374335524865
568574614110117888
568596145456291840
568602156988657664
568603024320434176
568607454893727744
568614676612964352
568622671287566336
568623037962039297
568624572985004033
568631189856264192
568639824145584128
568640385117003776
568694278890901504
568695647202717696
568702964623216643
568752276040495104
568760315569053696
568769725175435264
568778374451220480
568780060720701440
568789500727570432
568795451341856768
568795875612463104
568796187299606528
568800998929661953
568802225058926592
568805624164851712
568805696780824576
568806985505726464
568807206059028481
568807947423375360
568808165636214784
568810866830913536
568813634152849408
568815686446788608
568823775745028096
568824987244584961
568825791644966912
568825797613645824
568829196962828289
568833608460283904
568836616166313984
568837602071203840
568838743030956032
568838781907935233
568853687130390528
568870841120731138
568871143022731265
568874175693242369
568874399652306944
568883108377808896
568885959225446400
568892540889509888
568893453515378689
568893623099654144
568899508601430016
568900052397092864
568901675903119360
568901905910521856
568911349092212736
568918820632403969
568923827788505088
568925938840240128
568927427847544833
568929490929377281
568932735181578240
568945562705371136
568948016662474752
568950548411461632
568955060165554176
568956535679758337
568957349534289920
568958322306650113
568962000614658048
568964010101514240
568967907042037761
568971304914853889
568971449815289856
568984098909237248
568989460618203136
568997136643309568
568997237176569856
569017052310056960
569017837576069120
569017927803932672
569018352464588800
569076717689524224
569103591966793728
569110766235877376
569125711556042752
569143454434926592
569143944266833920
569156321636847617
569161748286083073
569168102212001793
569169274109100032
569174847374233600
569178210325430272
569190606276333568
569197910895812608
569203705750237184
569206387483525120
569217929541238784
569221589822083072
569225958495952897
569227342675116033
569231102428250112
569234592420331520
569256107186782209
569259238989688833
569259333197930498
569260462606569473
569261495449595905
569272209887404032
569275249725870080
569276518305820672
569276734798893056
569278020441284608
569278347441799169
569279670048452608
569280107724050432
569288052725694464
569290509883187202
569298163632373761
569307917712805889
569308224551309313
569310253315174400
569311498301870080
569313734566547456
569316487447621632
569317490276360193
569318653792948226
569321654842564609
569321800359927808
569328128310403073
569330646901895169
569337230935724032
569345829653254145
569353354545008640
569364890307190784
569379979055796224
569379997175177216
569382354529030144
569441937826164736
569465299495358466
569471837614137344
569487167191425024
569491537610059776
569492208203776000
569496169652428800
569496793668591617
569496828376322048
569496936157487104
569504330551861248
569506670189137920
569514031695962112
569522690261950464
569523231524319232
569527848131637248
569529242893090816
569531274991239168
569532667869335554
569534175973396480
569534268130660352
569538649110548480
569546319666110464
569546858122616833
569547374454050816
569547782039728129
569552971362639873
569556860652675072
569557763094917120
569567028136296450
569567084721655808
569569120951390209
569571763744452608
569571938819055617
569573528149716992
569577455176048642
569580279251255296
569584431544971264
569586660909973504
569588591602458624
569590527349252096
569591456190504961
569591730506371072
569592148338876416
569595309279440896
569596097540132864
569599532268449792
569600927394631680
569603127223066624
569603590349848576
569604469324967938
569604777962643457
569605521050898433
569607509167595520
569607852236640256
569611721054162945
569613897516380160
569616208804380672
569616551239917569
569616573905936384
569618440396398592
569619668060807169
569619751124795392
569622366768078848
569622857120137216
569623889686482944
569624091646431232
569626884549578752
569627273407569920
569628159085301760
569628922431873025
569630885450002432
569631847547867136
569632283046469634
569632584424153088
569635428237778944
569635623348215808
569636929165242368
569640163393073152
569641607584206850
569642742852268032
569643262459269120
569643287918845952
569644902637813761
569645065792069632
569645701291843584
569649779090833408
569650273091584000
569650401085157376
569657781835460608
569659137581326336
569659364530728961
569659617699074048
569661154638872576
569662789377064960
569663687222542336
569664636179476480
569666771717890048
569666892882952192
569667805643034624
569667821455708160
569670559300239360
569671200978436096
569673473607344128
569674358135914496
569677478077136897
569677636613439488
569678931785228288
569686415665025024
569687262444720128
569687540644642817
569688050386620416
569690272830922752
569690347183480832
569693430902861824
569700071484338177
569701848476745728
569704164743376896
569706793531629570
569709992175116288
569711436781322241
569719449458094080
569720366198759424
569729325546602497
569730182371635200
569730716692393984
569737259999571968
569741986502041602
569743891714347009
569748491943038976
569749422482960384
569760128343220224
569790444797865984
569794574966591489
569795284764532736
569795397448634368
569799053690556418
569804373859020801
569811246096064512
569831129773027329
569838692220542976
569839216512917504
569840848764059648
569841047456460800
569846045892608001
569853327359516672
569854492126146560
569857072310808578
569857415027564545
569857446371438592
569857504768757760
569859218058162176
569863871030292481
569865022031015937
569866669243265024
569868818975219712
569871068833435648
569871364603031553
569874150636048384
569879600907440129
569879623317659648
569880005729067008
569880251767123968
569885003020181504
569885487508418560
569890152832749568
569891260405665792
569893554753040386
569893878536527872
569899437662863360
569901998780198912
569905336380989440
569906446881697793
569908781720702976
569909742447009792
569910943720669184
569911600934752256
569914369905201153
569916323725217793
569918932116643841
569919703054991361
569927288751587328
569932287380467712
569933879299186688
569935639539425280
569938470589718528
569940685757014016
569940832691752960
569946219826548736
569947823615012864
569949655905263616
569949891163615232
569951016033980416
569951222515539968
569951353205870592
569953672861388800
569956147433574401
569956170393194496
569960311022850048
569960575792504833
569961481455976449
569963064495366145
569966422744395776
569967441591144450
569967808446009345
569968282532315136
569969045946175490
569970608693493760
569972513721229312
569972721901277184
569973034880098304
569975349750079488
569975778953142272
569977008077148161
569983750798516225
569984789673078785
569989661713666049
569992620744708096
569993393767460864
569993494715977728
569998122241232896
569999091028983808
570000158454353920
570003144366792704
570004470370676737
570004899234074624
570007003659149312
570008817414639616
570009576273154048
570012706704662528
570014884651380736
570015876902232064
570022372901847042
570026470741032961
570026514923675648
570030715900792832
570031138913329152
570031615130394624
570041144488230912
570043390773084160
570045585149063168
570047651875594240
570049195446444033
570050691173101568
570057784114302977
570058565974675456
570058699676520448
570060752926728192
570060776301424641
570063322449616896
570065109961322496
570071999780933634
570075916430397440
570084707548958720
570086475989061632
570086501222096896
570090102195486722
570103908607135744
570114536448995328
570122183072092160
570122868039634944
570151995472027649
570165459783450624
570172921102143488
570192183766196224
570194141612789760
570200756827000832
570201347414462464
570205917024628736
570217145428090880
570217760430493698
570221343985295360
570222445971382273
570222630525014017
570222748615598081
570226080457449472
570229480821628928
570233809129467905
570236014238699521
570237453229019137
570240336519258112
570241050079420417
570242191685234688
570243095482261504
570244711388065793
570248044341374976
570254579578720256
570255853296746496
570256329543012352
570257377460514816
570257429486706688
570259268844314625
570259423987404800
570259502685151232
570261328511643648
570262112477401088
570264793140953088
570268875872473088
570270630660218881
570273880486629377
570275248052039680
570279812922789888
570283254743506944
570283544125288448
570284054605639683
570285537833168896
570287303681294337
570289532953874432
570291699731308545
570292371340062720
570295405818335236
570298018685165568
570298371140939776
570302023993831425
570306217001799680
570309340952993796
567592368451248130
567717552290136065
567718292530688000
567727026313101315
567728227465310208
567728357555437568
567734002287513602
567736516420853760
567736870365171713
567737625637687296
567737653118779392
567742148603170816
567749045524131841
567750519402143745
567752048402104320
567754559762612225
567757771953561600
567763065706250240
567773236734074880
567777625344593920
567788423352950784
567789902633664512
567789974717747200
567793064221130752
567793538134716417
567797436652199936
567801343861092352
567801645795643393
567802255215460353
567805230550634496
567807844687577089
567808893464899584
567810419672268800
567812349895245824
567814334228774912
567820210264137729
567822648047321088
567822865844928512
567824271234592769
567828425278283777
567832821013848064
567837314782765056
567842593440145408
567846268090740737
567848107456749569
567856127246999552
567862628460158976
567863933018640384
567864058742845440
567872267910262784
567875552377450497
567887437998997504
567895874598215680
567899604605218816
567906937423073280
567912190788771840
567945572746792962
567951109677027328
568011010029838336
568023874970861568
568027668026937344
568032561462689793
568036157482602497
568049646062444544
568086073814827008
568095956866093057
568101393111891968
568104744025268224
568104907384832000
568105220410105857
568115611814858752
568116768868159488
568117268254568448
568123010638483456
568123098546843648
568128387576762370
568140722240512001
568147443151454208
568148808993013761
568149287948967936
568155289146363904
568166403246850050
568178665189711872
568181167054196736
568181761114546176
568184134666981376
568184857538498560
568189430202130432
568196150718824448
568199101981937665
568202255205335041
568203327965696002
568205359208230912
568206570540163072
568208027775569920
568208666035417088
568209028188233728
568213769798578176
568215628890411009
568220487500709889
568222514956013568
568223025805422592
568228124263124992
568228257037856768
568241382776635392
568241499831287808
568243352258236416
568257392195936259
568269127992913920
568271741207891968
568276144107200512
568280611552681985
568295728272900096
568354818344923136
568364870757797888
568382196081229824
568413746726457344
568421605132484608
568427942382071810
568438094652956673
568441899402584064
568442952176918528
568448902011224064
568450413365571584
568450712314753024
568454051144339456
568469155709624321
568475010798637056
568486216464785408
568487367536996354
568490310524936192
568494910405517312
568499798099304449
568501293079248896
568502021390786561
568503120130658305
568506661373145089
568507131902726144
568517386795507712
568526136017342464
568531409209421826
568539193669914626
568546953262436352
568551504505802752
568558728263254017
568558979841810432
568564623156211712
568564957740175360
568569646389067776
568570374335524865
568574614110117888
568596145456291840
568602156988657664
568603024320434176
568607454893727744
568614676612964352
568622671287566336
568623037962039297
568624572985004033
568631189856264192
568639824145584128
568640385117003776
568694278890901504
568695647202717696
568702964623216643
568752276040495104
568760315569053696
568769725175435264
568778374451220480
568780060720701440
568789500727570432
568795451341856768
568795875612463104
568796187299606528
568800998929661953
568802225058926592
568805624164851712
568805696780824576
568806985505726464
568807206059028481
568807947423375360
568808165636214784
568810866830913536
568813634152849408
568815686446788608
568823775745028096
568824987244584961
568825791644966912
568825797613645824
568829196962828289
568833608460283904
568836616166313984
568837602071203840
568838743030956032
568838781907935233
568853687130390528
568870841120731138
568871143022731265
568874175693242369
568874399652306944
568883108377808896
568885959225446400
568892540889509888
568893453515378689
568893623099654144
568899508601430016
568900052397092864
568901675903119360
568901905910521856
568911349092212736
568918820632403969
568923827788505088
568925938840240128
568927427847544833
568929490929377281
568932735181578240
568945562705371136
568948016662474752
568950548411461632
568955060165554176
568956535679758337
568957349534289920
568958322306650113
568962000614658048
568964010101514240
568967907042037761
568971304914853889
568971449815289856
568984098909237248
568989460618203136
568997136643309568
568997237176569856
569017052310056960
569017837576069120
569017927803932672
569018352464588800
569076717689524224
569103591966793728
569110766235877376
569125711556042752
569143454434926592
569143944266833920
569156321636847617
569161748286083073
569168102212001793
569169274109100032
569174847374233600
569178210325430272
569190606276333568
569197910895812608
569203705750237184
569206387483525120
569217929541238784
569221589822083072
569225958495952897
569227342675116033
569231102428250112
569234592420331520
569256107186782209
569259238989688833
569259333197930498
569260462606569473
569261495449595905
569272209887404032
569275249725870080
569276518305820672
569276734798893056
569278020441284608
569278347441799169
569279670048452608
569280107724050432
569288052725694464
569290509883187202
569298163632373761
569307917712805889
569308224551309313
569310253315174400
569311498301870080
569313734566547456
569316487447621632
569317490276360193
569318653792948226
569321654842564609
569321800359927808
569328128310403073
569330646901895169
569337230935724032
569345829653254145
569353354545008640
569364890307190784
569379979055796224
569379997175177216
569382354529030144
569441937826164736
569465299495358466
569471837614137344
569487167191425024
569491537610059776
569492208203776000
569496169652428800
569496793668591617
569496828376322048
569496936157487104
569504330551861248
569506670189137920
569514031695962112
569522690261950464
569523231524319232
569527848131637248
569529242893090816
569531274991239168
569532667869335554
569534175973396480
569534268130660352
569538649110548480
569546319666110464
569546858122616833
569547374454050816
569547782039728129
569552971362639873
569556860652675072
569557763094917120
569567028136296450
569567084721655808
569569120951390209
569571763744452608
569571938819055617
569573528149716992
569577455176048642
569580279251255296
569584431544971264
569586660909973504
569588591602458624
569590527349252096
569591456190504961
569591730506371072
569592148338876416
569595309279440896
569596097540132864
569599532268449792
569600927394631680
569603127223066624
569603590349848576
569604469324967938
569604777962643457
569605521050898433
569607509167595520
569607852236640256
569611721054162945
569613897516380160
569616208804380672
569616551239917569
569616573905936384
569618440396398592
569619668060807169
569619751124795392
569622366768078848
569622857120137216
569623889686482944
569624091646431232
569626884549578752
569627273407569920
569628159085301760
569628922431873025
569630885450002432
569631847547867136
569632283046469634
569632584424153088
569635428237778944
569635623348215808
569636929165242368
569640163393073152
569641607584206850
569642742852268032
569643262459269120
569643287918845952
569644902637813761
569645065792069632
569645701291843584
569649779090833408
569650273091584000
569650401085157376
569657781835460608
569659137581326336
569659364530728961
569659617699074048
569661154638872576
569662789377064960
569663687222542336
569664636179476480
569666771717890048
569666892882952192
569667805643034624
569667821455708160
569670559300239360
569671200978436096
569673473607344128
569674358135914496
569677478077136897
569677636613439488
569678931785228288
569686415665025024
569687262444720128
569687540644642817
569688050386620416
569690272830922752
569690347183480832
569693430902861824
569700071484338177
569701848476745728
569704164743376896
569706793531629570
569709992175116288
569711436781322241
569719449458094080
569720366198759424
569729325546602497
569730182371635200
569730716692393984
569737259999571968
569741986502041602
569743891714347009
569748491943038976
569749422482960384
569760128343220224
569790444797865984
569794574966591489
569795284764532736
569795397448634368
569799053690556418
569804373859020801
569811246096064512
569831129773027329
569838692220542976
569839216512917504
569840848764059648
569841047456460800
569846045892608001
569853327359516672
569854492126146560
569857072310808578
569857415027564545
569857446371438592
569857504768757760
569859218058162176
569863871030292481
569865022031015937
569866669243265024
569868818975219712
569871068833435648
569871364603031553
569874150636048384
569879600907440129
569879623317659648
569880005729067008
569880251767123968
569885003020181504
569885487508418560
569890152832749568
569891260405665792
569893554753040386
569893878536527872
569899437662863360
569901998780198912
569905336380989440
569906446881697793
569908781720702976
569909742447009792
569910943720669184
569911600934752256
569914369905201153
569916323725217793
569918932116643841
569919703054991361
569927288751587328
569932287380467712
569933879299186688
569935639539425280
569938470589718528
569940685757014016
569940832691752960
569946219826548736
569947823615012864
569949655905263616
569949891163615232
569951016033980416
569951222515539968
569951353205870592
569953672861388800
569956147433574401
569956170393194496
569960311022850048
569960575792504833
569961481455976449
569963064495366145
569966422744395776
569967441591144450
569967808446009345
569968282532315136
569969045946175490
569970608693493760
569972513721229312
569972721901277184
569973034880098304
569975349750079488
569975778953142272
569977008077148161
569983750798516225
569984789673078785
569989661713666049
569992620744708096
569993393767460864
569993494715977728
569998122241232896
569999091028983808
570000158454353920
570003144366792704
570004470370676737
570004899234074624
570007003659149312
570008817414639616
570009576273154048
570012706704662528
570014884651380736
570015876902232064
570022372901847042
570026470741032961
570026514923675648
570030715900792832
570031138913329152
570031615130394624
570041144488230912
570043390773084160
570045585149063168
570047651875594240
570049195446444033
570050691173101568
570057784114302977
570058565974675456
570058699676520448
570060752926728192
570060776301424641
570063322449616896
570065109961322496
570071999780933634
570075916430397440
570084707548958720
570086475989061632
570086501222096896
570090102195486722
570103908607135744
570114536448995328
570122183072092160
570122868039634944
570151995472027649
570165459783450624
570172921102143488
570192183766196224
570194141612789760
570200756827000832
570201347414462464
570205917024628736
570217145428090880
570217760430493698
570221343985295360
570222445971382273
570222630525014017
570222748615598081
570226080457449472
570229480821628928
570233809129467905
570236014238699521
570237453229019137
570240336519258112
570241050079420417
570242191685234688
570243095482261504
570244711388065793
570248044341374976
570254579578720256
570255853296746496
570256329543012352
570257377460514816
570257429486706688
570259268844314625
570259423987404800
570259502685151232
570261328511643648
570262112477401088
570264793140953088
570268875872473088
570270630660218881
570273880486629377
570275248052039680
570279812922789888
570283254743506944
570283544125288448
570284054605639683
570285537833168896
570287303681294337
570289532953874432
570291699731308545
570292371340062720
570295405818335236
570298018685165568
570298371140939776
570302023993831425
570306217001799680
570309340952993796
567592368451248130
567717552290136065
567718292530688000
567727026313101315
567728227465310208
567728357555437568
567734002287513602
567736516420853760
567736870365171713
567737625637687296
567737653118779392
567742148603170816
567749045524131841
567750519402143745
567752048402104320
567754559762612225
567757771953561600
567763065706250240
567773236734074880
567777625344593920
567788423352950784
567789902633664512
567789974717747200
567793064221130752
567793538134716417
567797436652199936
567801343861092352
567801645795643393
567802255215460353
567805230550634496
567807844687577089
567808893464899584
567810419672268800
567812349895245824
567814334228774912
567820210264137729
567822648047321088
567822865844928512
567824271234592769
567828425278283777
567832821013848064
567837314782765056
567842593440145408
567846268090740737
567848107456749569
567856127246999552
567862628460158976
567863933018640384
567864058742845440
567872267910262784
567875552377450497
567887437998997504
567895874598215680
567899604605218816
567906937423073280
567912190788771840
567945572746792962
567951109677027328
568011010029838336
568023874970861568
568027668026937344
568032561462689793
568036157482602497
568049646062444544
568086073814827008
568095956866093057
568101393111891968
568104744025268224
568104907384832000
568105220410105857
568115611814858752
568116768868159488
568117268254568448
568123010638483456
568123098546843648
568128387576762370
568140722240512001
568147443151454208
568148808993013761
568149287948967936
568155289146363904
568166403246850050
568178665189711872
568181167054196736
568181761114546176
568184134666981376
568184857538498560
568189430202130432
568196150718824448
568199101981937665
568202255205335041
568203327965696002
568205359208230912
568206570540163072
568208027775569920
568208666035417088
568209028188233728
568213769798578176
568215628890411009
568220487500709889
568222514956013568
568223025805422592
568228124263124992
568228257037856768
568241382776635392
568241499831287808
568243352258236416
568257392195936259
568269127992913920
568271741207891968
568276144107200512
568280611552681985
568295728272900096
568354818344923136
568364870757797888
568382196081229824
568413746726457344
568421605132484608
568427942382071810
568438094652956673
568441899402584064
568442952176918528
568448902011224064
568450413365571584
568450712314753024
568454051144339456
568469155709624321
568475010798637056
568486216464785408
568487367536996354
568490310524936192
568494910405517312
568499798099304449
568501293079248896
568502021390786561
568503120130658305
568506661373145089
568507131902726144
568517386795507712
568526136017342464
568531409209421826
568539193669914626
568546953262436352
568551504505802752
568558728263254017
568558979841810432
568564623156211712
568564957740175360
568569646389067776
568570374335524865
568574614110117888
568596145456291840
568602156988657664
568603024320434176
568607454893727744
568614676612964352
568622671287566336
568623037962039297
568624572985004033
568631189856264192
568639824145584128
568640385117003776
568694278890901504
568695647202717696
568702964623216643
568752276040495104
568760315569053696
568769725175435264
568778374451220480
568780060720701440
568789500727570432
568795451341856768
568795875612463104
568796187299606528
568800998929661953
568802225058926592
568805624164851712
568805696780824576
568806985505726464
568807206059028481
568807947423375360
568808165636214784
568810866830913536
568813634152849408
568815686446788608
568823775745028096
568824987244584961
568825791644966912
568825797613645824
568829196962828289
568833608460283904
568836616166313984
568837602071203840
568838743030956032
568838781907935233
568853687130390528
568870841120731138
568871143022731265
568874175693242369
568874399652306944
568883108377808896
568885959225446400
568892540889509888
568893453515378689
568893623099654144
568899508601430016
568900052397092864
568901675903119360
568901905910521856
568911349092212736
568918820632403969
568923827788505088
568925938840240128
568927427847544833
568929490929377281
568932735181578240
568945562705371136
568948016662474752
568950548411461632
568955060165554176
568956535679758337
568957349534289920
568958322306650113
568962000614658048
568964010101514240
568967907042037761
568971304914853889
568971449815289856
568984098909237248
568989460618203136
568997136643309568
568997237176569856
569017052310056960
569017837576069120
569017927803932672
569018352464588800
569076717689524224
569103591966793728
569110766235877376
569125711556042752
569143454434926592
569143944266833920
569156321636847617
569161748286083073
569168102212001793
569169274109100032
569174847374233600
569178210325430272
569190606276333568
569197910895812608
569203705750237184
569206387483525120
569217929541238784
569221589822083072
569225958495952897
569227342675116033
569231102428250112
569234592420331520
569256107186782209
569259238989688833
569259333197930498
569260462606569473
569261495449595905
569272209887404032
569275249725870080
569276518305820672
569276734798893056
569278020441284608
569278347441799169
569279670048452608
569280107724050432
569288052725694464
569290509883187202
569298163632373761
569307917712805889
569308224551309313
569310253315174400
569311498301870080
569313734566547456
569316487447621632
569317490276360193
569318653792948226
569321654842564609
569321800359927808
569328128310403073
569330646901895169
569337230935724032
569345829653254145
569353354545008640
569364890307190784
569379979055796224
569379997175177216
569382354529030144
569441937826164736
569465299495358466
569471837614137344
569487167191425024
569491537610059776
569492208203776000
569496169652428800
569496793668591617
569496828376322048
569496936157487104
569504330551861248
569506670189137920
569514031695962112
569522690261950464
569523231524319232
569527848131637248
569529242893090816
569531274991239168
569532667869335554
569534175973396480
569534268130660352
569538649110548480
569546319666110464
569546858122616833
569547374454050816
569547782039728129
569552971362639873
569556860652675072
569557763094917120
569567028136296450
569567084721655808
569569120951390209
569571763744452608
569571938819055617
569573528149716992
569577455176048642
569580279251255296
569584431544971264
569586660909973504
569588591602458624
569590527349252096
569591456190504961
569591730506371072
569592148338876416
569595309279440896
569596097540132864
569599532268449792
569600927394631680
569603127223066624
569603590349848576
569604469324967938
569604777962643457
569605521050898433
569607509167595520
569607852236640256
569611721054162945
569613897516380160
569616208804380672
569616551239917569
569616573905936384
569618440396398592
569619668060807169
569619751124795392
569622366768078848
569622857120137216
569623889686482944
569624091646431232
569626884549578752
569627273407569920
569628159085301760
569628922431873025
569630885450002432
569631847547867136
569632283046469634
569632584424153088
569635428237778944
569635623348215808
569636929165242368
569640163393073152
569641607584206850
569642742852268032
569643262459269120
569643287918845952
569644902637813761
569645065792069632
569645701291843584
569649779090833408
569650273091584000
569650401085157376
569657781835460608
569659137581326336
569659364530728961
569659617699074048
569661154638872576
569662789377064960
569663687222542336
569664636179476480
569666771717890048
569666892882952192
569667805643034624
569667821455708160
569670559300239360
569671200978436096
569673473607344128
569674358135914496
569677478077136897
569677636613439488
569678931785228288
569686415665025024
569687262444720128
569687540644642817
569688050386620416
569690272830922752
569690347183480832
569693430902861824
569700071484338177
569701848476745728
569704164743376896
569706793531629570
569709992175116288
569711436781322241
569719449458094080
569720366198759424
569729325546602497
569730182371635200
569730716692393984
569737259999571968
569741986502041602
569743891714347009
569748491943038976
569749422482960384
569760128343220224
569790444797865984
569794574966591489
569795284764532736
569795397448634368
569799053690556418
569804373859020801
569811246096064512
569831129773027329
569838692220542976
569839216512917504
569840848764059648
569841047456460800
569846045892608001
569853327359516672
569854492126146560
569857072310808578
569857415027564545
569857446371438592
569857504768757760
569859218058162176
569863871030292481
569865022031015937
569866669243265024
569868818975219712
569871068833435648
569871364603031553
569874150636048384
569879600907440129
569879623317659648
569880005729067008
569880251767123968
569885003020181504
569885487508418560
569890152832749568
569891260405665792
569893554753040386
569893878536527872
569899437662863360
569901998780198912
569905336380989440
569906446881697793
569908781720702976
569909742447009792
569910943720669184
569911600934752256
569914369905201153
569916323725217793
569918932116643841
569919703054991361
569927288751587328
569932287380467712
569933879299186688
569935639539425280
569938470589718528
569940685757014016
569940832691752960
569946219826548736
569947823615012864
569949655905263616
569949891163615232
569951016033980416
569951222515539968
569951353205870592
569953672861388800
569956147433574401
569956170393194496
569960311022850048
569960575792504833
569961481455976449
569963064495366145
569966422744395776
569967441591144450
569967808446009345
569968282532315136
569969045946175490
569970608693493760
569972513721229312
569972721901277184
569973034880098304
569975349750079488
569975778953142272
569977008077148161
569983750798516225
569984789673078785
569989661713666049
569992620744708096
569993393767460864
569993494715977728
569998122241232896
569999091028983808
570000158454353920
570003144366792704
570004470370676737
570004899234074624
570007003659149312
570008817414639616
570009576273154048
570012706704662528
570014884651380736
570015876902232064
570022372901847042
570026470741032961
570026514923675648
570030715900792832
570031138913329152
570031615130394624
570041144488230912
570043390773084160
570045585149063168
570047651875594240
570049195446444033
570050691173101568
570057784114302977
570058565974675456
570058699676520448
570060752926728192
570060776301424641
570063322449616896
570065109961322496
570071999780933634
570075916430397440
570084707548958720
570086475989061632
570086501222096896
570090102195486722
570103908607135744
570114536448995328
570122183072092160
570122868039634944
570151995472027649
570165459783450624
570172921102143488
570192183766196224
570194141612789760
570200756827000832
570201347414462464
570205917024628736
570217145428090880
570217760430493698
570221343985295360
570222445971382273
570222630525014017
570222748615598081
570226080457449472
570229480821628928
570233809129467905
570236014238699521
570237453229019137
570240336519258112
570241050079420417
570242191685234688
570243095482261504
570244711388065793
570248044341374976
570254579578720256
570255853296746496
570256329543012352
570257377460514816
570257429486706688
570259268844314625
570259423987404800
570259502685151232
570261328511643648
570262112477401088
570264793140953088
570268875872473088
570270630660218881
570273880486629377
570275248052039680
570279812922789888
570283254743506944
570283544125288448
570284054605639683
570285537833168896
570287303681294337
570289532953874432
570291699731308545
570292371340062720
570295405818335236
570298018685165568
570298371140939776
570302023993831425
570306217001799680
570309340952993796
567592368451248130
567717552290136065
567718292530688000
567727026313101315
567728227465310208
567728357555437568
567734002287513602
567736516420853760
567736870365171713
567737625637687296
567737653118779392
567742148603170816
567749045524131841
567750519402143745
567752048402104320
567754559762612225
567757771953561600
567763065706250240
567773236734074880
567777625344593920
567788423352950784
567789902633664512
567789974717747200
567793064221130752
567793538134716417
567797436652199936
567801343861092352
567801645795643393
567802255215460353
567805230550634496
567807844687577089
567808893464899584
567810419672268800
567812349895245824
567814334228774912
567820210264137729
567822648047321088
567822865844928512
567824271234592769
567828425278283777
567832821013848064
567837314782765056
567842593440145408
567846268090740737
567848107456749569
567856127246999552
567862628460158976
567863933018640384
567864058742845440
567872267910262784
567875552377450497
567887437998997504
567895874598215680
567899604605218816
567906937423073280
567912190788771840
567945572746792962
567951109677027328
568011010029838336
568023874970861568
568027668026937344
568032561462689793
568036157482602497
568049646062444544
568086073814827008
568095956866093057
568101393111891968
568104744025268224
568104907384832000
568105220410105857
568115611814858752
568116768868159488
568117268254568448
568123010638483456
568123098546843648
568128387576762370
568140722240512001
568147443151454208
568148808993013761
568149287948967936
568155289146363904
568166403246850050
568178665189711872
568181167054196736
568181761114546176
568184134666981376
568184857538498560
568189430202130432
568196150718824448
568199101981937665
568202255205335041
568203327965696002
568205359208230912
568206570540163072
568208027775569920
568208666035417088
568209028188233728
568213769798578176
568215628890411009
568220487500709889
568222514956013568
568223025805422592
568228124263124992
568228257037856768
568241382776635392
568241499831287808
568243352258236416
568257392195936259
568269127992913920
568271741207891968
568276144107200512
568280611552681985
568295728272900096
568354818344923136
568364870757797888
568382196081229824
568413746726457344
568421605132484608
568427942382071810
568438094652956673
568441899402584064
568442952176918528
568448902011224064
568450413365571584
568450712314753024
568454051144339456
568469155709624321
568475010798637056
568486216464785408
568487367536996354
568490310524936192
568494910405517312
568499798099304449
568501293079248896
568502021390786561
568503120130658305
568506661373145089
568507131902726144
568517386795507712
568526136017342464
568531409209421826
568539193669914626
568546953262436352
568551504505802752
568558728263254017
568558979841810432
568564623156211712
568564957740175360
568569646389067776
568570374335524865
568574614110117888
568596145456291840
568602156988657664
568603024320434176
568607454893727744
568614676612964352
568622671287566336
568623037962039297
568624572985004033
568631189856264192
568639824145584128
568640385117003776
568694278890901504
568695647202717696
568702964623216643
568752276040495104
568760315569053696
568769725175435264
568778374451220480
568780060720701440
568789500727570432
568795451341856768
568795875612463104
568796187299606528
568800998929661953
568802225058926592
568805624164851712
568805696780824576
568806985505726464
568807206059028481
568807947423375360
568808165636214784
568810866830913536
568813634152849408
568815686446788608
568823775745028096
568824987244584961
568825791644966912
568825797613645824
568829196962828289
568833608460283904
568836616166313984
568837602071203840
568838743030956032
568838781907935233
568853687130390528
568870841120731138
568871143022731265
568874175693242369
568874399652306944
568883108377808896
568885959225446400
568892540889509888
568893453515378689
568893623099654144
568899508601430016
568900052397092864
568901675903119360
568901905910521856
568911349092212736
568918820632403969
568923827788505088
568925938840240128
568927427847544833
568929490929377281
568932735181578240
568945562705371136
568948016662474752
568950548411461632
568955060165554176
568956535679758337
568957349534289920
568958322306650113
568962000614658048
568964010101514240
568967907042037761
568971304914853889
568971449815289856
568984098909237248
568989460618203136
568997136643309568
568997237176569856
569017052310056960
569017837576069120
569017927803932672
569018352464588800
569076717689524224
569103591966793728
569110766235877376
569125711556042752
569143454434926592
569143944266833920
569156321636847617
569161748286083073
569168102212001793
569169274109100032
569174847374233600
569178210325430272
569190606276333568
569197910895812608
569203705750237184
569206387483525120
569217929541238784
569221589822083072
569225958495952897
569227342675116033
569231102428250112
569234592420331520
569256107186782209
569259238989688833
569259333197930498
569260462606569473
569261495449595905
569272209887404032
569275249725870080
569276518305820672
569276734798893056
569278020441284608
569278347441799169
569279670048452608
569280107724050432
569288052725694464
569290509883187202
569298163632373761
569307917712805889
569308224551309313
569310253315174400
569311498301870080
569313734566547456
569316487447621632
569317490276360193
569318653792948226
569321654842564609
569321800359927808
569328128310403073
569330646901895169
569337230935724032
569345829653254145
569353354545008640
569364890307190784
569379979055796224
569379997175177216
569382354529030144
569441937826164736
569465299495358466
569471837614137344
569487167191425024
569491537610059776
569492208203776000
569496169652428800
569496793668591617
569496828376322048
569496936157487104
569504330551861248
569506670189137920
569514031695962112
569522690261950464
569523231524319232
569527848131637248
569529242893090816
569531274991239168
569532667869335554
569534175973396480
569534268130660352
569538649110548480
569546319666110464
569546858122616833
569547374454050816
569547782039728129
569552971362639873
569556860652675072
569557763094917120
569567028136296450
569567084721655808
569569120951390209
569571763744452608
569571938819055617
569573528149716992
569577455176048642
569580279251255296
569584431544971264
569586660909973504
569588591602458624
569590527349252096
569591456190504961
569591730506371072
569592148338876416
569595309279440896
569596097540132864
569599532268449792
569600927394631680
569603127223066624
569603590349848576
569604469324967938
569604777962643457
569605521050898433
569607509167595520
569607852236640256
569611721054162945
569613897516380160
569616208804380672
569616551239917569
569616573905936384
569618440396398592
569619668060807169
569619751124795392
569622366768078848
569622857120137216
569623889686482944
569624091646431232
569626884549578752
569627273407569920
569628159085301760
569628922431873025
569630885450002432
569631847547867136
569632283046469634
569632584424153088
569635428237778944
569635623348215808
569636929165242368
569640163393073152
569641607584206850
569642742852268032
569643262459269120
569643287918845952
569644902637813761
569645065792069632
569645701291843584
569649779090833408
569650273091584000
569650401085157376
569657781835460608
569659137581326336
569659364530728961
569659617699074048
569661154638872576
569662789377064960
569663687222542336
569664636179476480
569666771717890048
569666892882952192
569667805643034624
569667821455708160
569670559300239360
569671200978436096
569673473607344128
569674358135914496
569677478077136897
569677636613439488
569678931785228288
569686415665025024
569687262444720128
569687540644642817
569688050386620416
569690272830922752
569690347183480832
569693430902861824
569700071484338177
569701848476745728
569704164743376896
569706793531629570
569709992175116288
569711436781322241
569719449458094080
569720366198759424
569729325546602497
569730182371635200
569730716692393984
569737259999571968
569741986502041602
569743891714347009
569748491943038976
569749422482960384
569760128343220224
569790444797865984
569794574966591489
569795284764532736
569795397448634368
569799053690556418
569804373859020801
569811246096064512
569831129773027329
569838692220542976
569839216512917504
569840848764059648
569841047456460800
569846045892608001
569853327359516672
569854492126146560
569857072310808578
569857415027564545
569857446371438592
569857504768757760
569859218058162176
569863871030292481
569865022031015937
569866669243265024
569868818975219712
569871068833435648
569871364603031553
569874150636048384
569879600907440129
569879623317659648
569880005729067008
569880251767123968
569885003020181504
569885487508418560
569890152832749568
569891260405665792
569893554753040386
569893878536527872
569899437662863360
569901998780198912
569905336380989440
569906446881697793
569908781720702976
569909742447009792
569910943720669184
569911600934752256
569914369905201153
569916323725217793
569918932116643841
569919703054991361
569927288751587328
569932287380467712
569933879299186688
569935639539425280
569938470589718528
569940685757014016
569940832691752960
569946219826548736
569947823615012864
569949655905263616
569949891163615232
569951016033980416
569951222515539968
569951353205870592
569953672861388800
569956147433574401
569956170393194496
569960311022850048
569960575792504833
569961481455976449
569963064495366145
569966422744395776
569967441591144450
569967808446009345
569968282532315136
569969045946175490
569970608693493760
569972513721229312
569972721901277184
569973034880098304
569975349750079488
569975778953142272
569977008077148161
569983750798516225
569984789673078785
569989661713666049
569992620744708096
569993393767460864
569993494715977728
569998122241232896
569999091028983808
570000158454353920
570003144366792704
570004470370676737
570004899234074624
570007003659149312
570008817414639616
570009576273154048
570012706704662528
570014884651380736
570015876902232064
570022372901847042
570026470741032961
570026514923675648
570030715900792832
570031138913329152
570031615130394624
570041144488230912
570043390773084160
570045585149063168
570047651875594240
570049195446444033
570050691173101568
570057784114302977
570058565974675456
570058699676520448
570060752926728192
570060776301424641
570063322449616896
570065109961322496
570071999780933634
570075916430397440
570084707548958720
570086475989061632
570086501222096896
570090102195486722
570103908607135744
570114536448995328
570122183072092160
570122868039634944
570151995472027649
570165459783450624
570172921102143488
570192183766196224
570194141612789760
570200756827000832
570201347414462464
570205917024628736
570217145428090880
570217760430493698
570221343985295360
570222445971382273
570222630525014017
570222748615598081
570226080457449472
570229480821628928
570233809129467905
570236014238699521
570237453229019137
570240336519258112
570241050079420417
570242191685234688
570243095482261504
570244711388065793
570248044341374976
570254579578720256
570255853296746496
570256329543012352
570257377460514816
570257429486706688
570259268844314625
570259423987404800
570259502685151232
570261328511643648
570262112477401088
570264793140953088
570268875872473088
570270630660218881
570273880486629377
570275248052039680
570279812922789888
570283254743506944
570283544125288448
570284054605639683
570285537833168896
570287303681294337
570289532953874432
570291699731308545
570292371340062720
570295405818335236
570298018685165568
570298371140939776
570302023993831425
570306217001799680
570309340952993796
567592368451248130
567717552290136065
567718292530688000
567727026313101315
567728227465310208
567728357555437568
567734002287513602
567736516420853760
567736870365171713
567737625637687296
567737653118779392
567742148603170816
567749045524131841
567750519402143745
567752048402104320
567754559762612225
567757771953561600
567763065706250240
567773236734074880
567777625344593920
567788423352950784
567789902633664512
567789974717747200
567793064221130752
567793538134716417
567797436652199936
567801343861092352
567801645795643393
567802255215460353
567805230550634496
567807844687577089
567808893464899584
567810419672268800
567812349895245824
567814334228774912
567820210264137729
567822648047321088
567822865844928512
567824271234592769
567828425278283777
567832821013848064
567837314782765056
567842593440145408
567846268090740737
567848107456749569
567856127246999552
567862628460158976
567863933018640384
567864058742845440
567872267910262784
567875552377450497
567887437998997504
567895874598215680
567899604605218816
567906937423073280
567912190788771840
567945572746792962
567951109677027328
568011010029838336
568023874970861568
568027668026937344
568032561462689793
568036157482602497
568049646062444544
568086073814827008
568095956866093057
568101393111891968
568104744025268224
568104907384832000
568105220410105857
568115611814858752
568116768868159488
568117268254568448
568123010638483456
568123098546843648
568128387576762370
568140722240512001
568147443151454208
568148808993013761
568149287948967936
568155289146363904
568166403246850050
568178665189711872
568181167054196736
568181761114546176
568184134666981376
568184857538498560
568189430202130432
568196150718824448
568199101981937665
568202255205335041
568203327965696002
568205359208230912
568206570540163072
568208027775569920
568208666035417088
568209028188233728
568213769798578176
568215628890411009
568220487500709889
568222514956013568
568223025805422592
568228124263124992
568228257037856768
568241382776635392
568241499831287808
568243352258236416
568257392195936259
568269127992913920
568271741207891968
568276144107200512
568280611552681985
568295728272900096
568354818344923136
568364870757797888
568382196081229824
568413746726457344
568421605132484608
568427942382071810
568438094652956673
568441899402584064
568442952176918528
568448902011224064
568450413365571584
568450712314753024
568454051144339456
568469155709624321
568475010798637056
568486216464785408
568487367536996354
568490310524936192
568494910405517312
568499798099304449
568501293079248896
568502021390786561
568503120130658305
568506661373145089
568507131902726144
568517386795507712
568526136017342464
568531409209421826
568539193669914626
568546953262436352
568551504505802752
568558728263254017
568558979841810432
568564623156211712
568564957740175360
568569646389067776
568570374335524865
568574614110117888
568596145456291840
568602156988657664
568603024320434176
568607454893727744
568614676612964352
568622671287566336
568623037962039297
568624572985004033
568631189856264192
568639824145584128
568640385117003776
568694278890901504
568695647202717696
568702964623216643
568752276040495104
568760315569053696
568769725175435264
568778374451220480
568780060720701440
568789500727570432
568795451341856768
568795875612463104
568796187299606528
568800998929661953
568802225058926592
568805624164851712
568805696780824576
568806985505726464
568807206059028481
568807947423375360
568808165636214784
568810866830913536
568813634152849408
568815686446788608
568823775745028096
568824987244584961
568825791644966912
568825797613645824
568829196962828289
568833608460283904
568836616166313984
568837602071203840
568838743030956032
568838781907935233
568853687130390528
568870841120731138
568871143022731265
568874175693242369
568874399652306944
568883108377808896
568885959225446400
568892540889509888
568893453515378689
568893623099654144
568899508601430016
568900052397092864
568901675903119360
568901905910521856
568911349092212736
568918820632403969
568923827788505088
568925938840240128
568927427847544833
568929490929377281
568932735181578240
568945562705371136
568948016662474752
568950548411461632
568955060165554176
568956535679758337
568957349534289920
568958322306650113
568962000614658048
568964010101514240
568967907042037761
568971304914853889
568971449815289856
568984098909237248
568989460618203136
568997136643309568
568997237176569856
569017052310056960
569017837576069120
569017927803932672
569018352464588800
569076717689524224
569103591966793728
569110766235877376
569125711556042752
569143454434926592
569143944266833920
569156321636847617
569161748286083073
569168102212001793
569169274109100032
569174847374233600
569178210325430272
569190606276333568
569197910895812608
569203705750237184
569206387483525120
569217929541238784
569221589822083072
569225958495952897
569227342675116033
569231102428250112
569234592420331520
569256107186782209
569259238989688833
569259333197930498
569260462606569473
569261495449595905
569272209887404032
569275249725870080
569276518305820672
569276734798893056
569278020441284608
569278347441799169
569279670048452608
569280107724050432
569288052725694464
569290509883187202
569298163632373761
569307917712805889
569308224551309313
569310253315174400
569311498301870080
569313734566547456
569316487447621632
569317490276360193
569318653792948226
569321654842564609
569321800359927808
569328128310403073
569330646901895169
569337230935724032
569345829653254145
569353354545008640
569364890307190784
569379979055796224
569379997175177216
569382354529030144
569441937826164736
569465299495358466
569471837614137344
569487167191425024
569491537610059776
569492208203776000
569496169652428800
569496793668591617
569496828376322048
569496936157487104
569504330551861248
569506670189137920
569514031695962112
569522690261950464
569523231524319232
569527848131637248
569529242893090816
569531274991239168
569532667869335554
569534175973396480
569534268130660352
569538649110548480
569546319666110464
569546858122616833
569547374454050816
569547782039728129
569552971362639873
569556860652675072
569557763094917120
569567028136296450
569567084721655808
569569120951390209
569571763744452608
569571938819055617
569573528149716992
569577455176048642
569580279251255296
569584431544971264
569586660909973504
569588591602458624
569590527349252096
569591456190504961
569591730506371072
569592148338876416
569595309279440896
569596097540132864
569599532268449792
569600927394631680
569603127223066624
569603590349848576
569604469324967938
569604777962643457
569605521050898433
569607509167595520
569607852236640256
569611721054162945
569613897516380160
569616208804380672
569616551239917569
569616573905936384
569618440396398592
569619668060807169
569619751124795392
569622366768078848
569622857120137216
569623889686482944
569624091646431232
569626884549578752
569627273407569920
569628159085301760
569628922431873025
569630885450002432
569631847547867136
569632283046469634
569632584424153088
569635428237778944
569635623348215808
569636929165242368
569640163393073152
569641607584206850
569642742852268032
569643262459269120
569643287918845952
569644902637813761
569645065792069632
569645701291843584
569649779090833408
569650273091584000
569650401085157376
569657781835460608
569659137581326336
569659364530728961
569659617699074048
569661154638872576
569662789377064960
569663687222542336
569664636179476480
569666771717890048
569666892882952192
569667805643034624
569667821455708160
569670559300239360
569671200978436096
569673473607344128
569674358135914496
569677478077136897
569677636613439488
569678931785228288
569686415665025024
569687262444720128
569687540644642817
569688050386620416
569690272830922752
569690347183480832
569693430902861824
569700071484338177
569701848476745728
569704164743376896
569706793531629570
569709992175116288
569711436781322241
569719449458094080
569720366198759424
569729325546602497
569730182371635200
569730716692393984
569737259999571968
569741986502041602
569743891714347009
569748491943038976
569749422482960384
569760128343220224
569790444797865984
569794574966591489
569795284764532736
569795397448634368
569799053690556418
569804373859020801
569811246096064512
569831129773027329
569838692220542976
569839216512917504
569840848764059648
569841047456460800
569846045892608001
569853327359516672
569854492126146560
569857072310808578
569857415027564545
569857446371438592
569857504768757760
569859218058162176
569863871030292481
569865022031015937
569866669243265024
569868818975219712
569871068833435648
569871364603031553
569874150636048384
569879600907440129
569879623317659648
569880005729067008
569880251767123968
569885003020181504
569885487508418560
569890152832749568
569891260405665792
569893554753040386
569893878536527872
569899437662863360
569901998780198912
569905336380989440
569906446881697793
569908781720702976
569909742447009792
569910943720669184
569911600934752256
569914369905201153
569916323725217793
569918932116643841
569919703054991361
569927288751587328
569932287380467712
569933879299186688
569935639539425280
569938470589718528
569940685757014016
569940832691752960
569946219826548736
569947823615012864
569949655905263616
569949891163615232
569951016033980416
569951222515539968
569951353205870592
569953672861388800
569956147433574401
569956170393194496
569960311022850048
569960575792504833
569961481455976449
569963064495366145
569966422744395776
569967441591144450
569967808446009345
569968282532315136
569969045946175490
569970608693493760
569972513721229312
569972721901277184
569973034880098304
569975349750079488
569975778953142272
569977008077148161
569983750798516225
569984789673078785
569989661713666049
569992620744708096
569993393767460864
569993494715977728
569998122241232896
569999091028983808
570000158454353920
570003144366792704
570004470370676737
570004899234074624
570007003659149312
570008817414639616
570009576273154048
570012706704662528
570014884651380736
570015876902232064
570022372901847042
570026470741032961
570026514923675648
570030715900792832
570031138913329152
570031615130394624
570041144488230912
570043390773084160
570045585149063168
570047651875594240
570049195446444033
570050691173101568
570057784114302977
570058565974675456
570058699676520448
570060752926728192
570060776301424641
570063322449616896
570065109961322496
570071999780933634
570075916430397440
570084707548958720
570086475989061632
570086501222096896
570090102195486722
570103908607135744
570114536448995328
570122183072092160
570122868039634944
570151995472027649
570165459783450624
570172921102143488
570192183766196224
570194141612789760
570200756827000832
570201347414462464
570205917024628736
570217145428090880
570217760430493698
570221343985295360
570222445971382273
570222630525014017
570222748615598081
570226080457449472
570229480821628928
570233809129467905
570236014238699521
570237453229019137
570240336519258112
570241050079420417
570242191685234688
570243095482261504
570244711388065793
570248044341374976
570254579578720256
570255853296746496
570256329543012352
570257377460514816
570257429486706688
570259268844314625
570259423987404800
570259502685151232
570261328511643648
570262112477401088
570264793140953088
570268875872473088
570270630660218881
570273880486629377
570275248052039680
570279812922789888
570283254743506944
570283544125288448
570284054605639683
570285537833168896
570287303681294337
570289532953874432
570291699731308545
570292371340062720
570295405818335236
570298018685165568
570298371140939776
570302023993831425
570306217001799680
570309340952993796
