567718292530688000
567736505477918722
567753747283988481
567822994925441025
567828625388609536
567847344307347456
567853059419856896
567860982422306816
567921406807261184
568057346607460354
568082378406682624
568085962049216514
568085970983251968
568200934507057152
568242480518434816
568243175074242560
568243600196296704
568244071770296320
568273152456810496
568426007583170560
568432364717633536
568579899243380736
568751415390285824
568807451249627136
568874435907682304
568885971913023488
568930588868141056
569176746735632384
569242715759779840
569275476642013186
569454641320062976
569511892215062528
569579478168547328
569587048811761664
569598942821744640
569599312671301633
569604777962643457
569627123150778368
569658322732756992
569659317458243584
569666477265018881
569678058199732225
569683734951170048
567718292530688000
567736505477918722
567753747283988481
567822994925441025
567828625388609536
567847344307347456
567853059419856896
567860982422306816
567921406807261184
568057346607460354
568082378406682624
568085962049216514
568085970983251968
568200934507057152
568242480518434816
568243175074242560
568243600196296704
568244071770296320
568273152456810496
568426007583170560
568432364717633536
568579899243380736
568751415390285824
568807451249627136
568874435907682304
568885971913023488
568930588868141056
569176746735632384
569242715759779840
569275476642013186
569454641320062976
569511892215062528
569579478168547328
569587048811761664
569598942821744640
569599312671301633
569604777962643457
569627123150778368
569658322732756992
569659317458243584
569666477265018881
569678058199732225
569683734951170048
567718292530688000
567736505477918722
567753747283988481
567822994925441025
567828625388609536
567847344307347456
567853059419856896
567860982422306816
567921406807261184
568057346607460354
568082378406682624
568085962049216514
568085970983251968
568200934507057152
568242480518434816
568243175074242560
568243600196296704
568244071770296320
568273152456810496
568426007583170560
568432364717633536
568579899243380736
568751415390285824
568807451249627136
568874435907682304
568885971913023488
568930588868141056
569176746735632384
569242715759779840
569275476642013186
569454641320062976
569511892215062528
569579478168547328
569587048811761664
569598942821744640
569599312671301633
569604777962643457
569627123150778368
569658322732756992
569659317458243584
569666477265018881
569678058199732225
569683734951170048
569869220680470529
569906117100351493
569923809634947072
569933777931145216
569951021398683650
569970186431959040
569977357055864832
569990330227007488
570011803389788160
570018532727103489
570043199596531712
570045890750230529
570217639584395264
570270772746461186
570273819287531520
567718292530688000
567736505477918722
567753747283988481
567822994925441025
567828625388609536
567847344307347456
567853059419856896
567860982422306816
567921406807261184
568057346607460354
568082378406682624
568085962049216514
568085970983251968
568200934507057152
568242480518434816
568243175074242560
568243600196296704
568244071770296320
568273152456810496
568426007583170560
568432364717633536
568579899243380736
568751415390285824
568807451249627136
568874435907682304
568885971913023488
568930588868141056
569176746735632384
569242715759779840
569275476642013186
569454641320062976
569511892215062528
569579478168547328
569587048811761664
569598942821744640
569599312671301633
569604777962643457
569627123150778368
569658322732756992
569659317458243584
569666477265018881
569678058199732225
569683734951170048
569869220680470529
569906117100351493
569923809634947072
569933777931145216
569951021398683650
569970186431959040
569977357055864832
569990330227007488
570011803389788160
570018532727103489
570043199596531712
570045890750230529
570217639584395264
570270772746461186
570273819287531520
567718292530688000
567736505477918722
567753747283988481
567822994925441025
567828625388609536
567847344307347456
567853059419856896
567860982422306816
567921406807261184
568057346607460354
568082378406682624
568085962049216514
568085970983251968
568200934507057152
568242480518434816
568243175074242560
568243600196296704
568244071770296320
568273152456810496
568426007583170560
568432364717633536
568579899243380736
568751415390285824
568807451249627136
568874435907682304
568885971913023488
568930588868141056
569176746735632384
569242715759779840
569275476642013186
569454641320062976
569511892215062528
569579478168547328
569587048811761664
569598942821744640
569599312671301633
569604777962643457
569627123150778368
569658322732756992
569659317458243584
569666477265018881
569678058199732225
569683734951170048
569869220680470529
569906117100351493
569923809634947072
569933777931145216
569951021398683650
569970186431959040
569977357055864832
569990330227007488
570011803389788160
570018532727103489
570043199596531712
570045890750230529
570217639584395264
570270772746461186
570273819287531520
567718292530688000
567736505477918722
567753747283988481
567822994925441025
567828625388609536
567847344307347456
567853059419856896
567860982422306816
567921406807261184
568057346607460354
568082378406682624
568085962049216514
568085970983251968
568200934507057152
568242480518434816
568243175074242560
568243600196296704
568244071770296320
568273152456810496
568426007583170560
568432364717633536
568579899243380736
568751415390285824
568807451249627136
568874435907682304
568885971913023488
568930588868141056
569176746735632384
569242715759779840
569275476642013186
569454641320062976
569511892215062528
569579478168547328
569587048811761664
569598942821744640
569599312671301633
569604777962643457
569627123150778368
569658322732756992
569659317458243584
569666477265018881
569678058199732225
569683734951170048
569869220680470529
569906117100351493
569923809634947072
569933777931145216
569951021398683650
569970186431959040
569977357055864832
569990330227007488
570011803389788160
570018532727103489
570043199596531712
570045890750230529
570217639584395264
570270772746461186
570273819287531520
567718292530688000
567736505477918722
567753747283988481
567822994925441025
567828625388609536
567847344307347456
567853059419856896
567860982422306816
567921406807261184
568057346607460354
568082378406682624
568085962049216514
568085970983251968
568200934507057152
568242480518434816
568243175074242560
568243600196296704
568244071770296320
568273152456810496
568426007583170560
568432364717633536
568579899243380736
568751415390285824
568807451249627136
568874435907682304
568885971913023488
568930588868141056
569176746735632384
569242715759779840
569275476642013186
569454641320062976
569511892215062528
569579478168547328
569587048811761664
569598942821744640
569599312671301633
569604777962643457
569627123150778368
569658322732756992
569659317458243584
569666477265018881
569678058199732225
569683734951170048
569869220680470529
569906117100351493
569923809634947072
569933777931145216
569951021398683650
569970186431959040
569977357055864832
569990330227007488
570011803389788160
570018532727103489
570043199596531712
570045890750230529
570217639584395264
570270772746461186
570273819287531520
567718292530688000
567736505477918722
567753747283988481
567822994925441025
567828625388609536
567847344307347456
567853059419856896
567860982422306816
567921406807261184
568057346607460354
568082378406682624
568085962049216514
568085970983251968
568200934507057152
568242480518434816
568243175074242560
568243600196296704
568244071770296320
568273152456810496
568426007583170560
568432364717633536
568579899243380736
568751415390285824
568807451249627136
568874435907682304
568885971913023488
568930588868141056
569176746735632384
569242715759779840
569275476642013186
569454641320062976
569511892215062528
569579478168547328
569587048811761664
569598942821744640
569599312671301633
569604777962643457
569627123150778368
569658322732756992
569659317458243584
569666477265018881
569678058199732225
569683734951170048
569869220680470529
569906117100351493
569923809634947072
569933777931145216
569951021398683650
569970186431959040
569977357055864832
569990330227007488
570011803389788160
570018532727103489
570043199596531712
570045890750230529
570217639584395264
570270772746461186
570273819287531520
