568084748020649984
568104783061520384
568107670177239040
568429136584286209
568430198254747649
568621122368851968
568622422309482496
568624572985004033
568658885361438720
568781747128803328
568809558786899968
568836616166313984
568913108153946112
568971982554963969
569558600353390592
569607509167595520
569614365755899905
568084748020649984
568104783061520384
568107670177239040
568429136584286209
568430198254747649
568621122368851968
568622422309482496
568624572985004033
568658885361438720
568781747128803328
568809558786899968
568836616166313984
568913108153946112
568971982554963969
569558600353390592
569607509167595520
569614365755899905
568084748020649984
568104783061520384
568107670177239040
568429136584286209
568430198254747649
568621122368851968
568622422309482496
568624572985004033
568658885361438720
568781747128803328
568809558786899968
568836616166313984
568913108153946112
568971982554963969
569558600353390592
569607509167595520
569614365755899905
569919092540510208
569998842579566592
568084748020649984
568104783061520384
568107670177239040
568429136584286209
568430198254747649
568621122368851968
568622422309482496
568624572985004033
568658885361438720
568781747128803328
568809558786899968
568836616166313984
568913108153946112
568971982554963969
569558600353390592
569607509167595520
569614365755899905
569919092540510208
569998842579566592
568084748020649984
568104783061520384
568107670177239040
568429136584286209
568430198254747649
568621122368851968
568622422309482496
568624572985004033
568658885361438720
568781747128803328
568809558786899968
568836616166313984
568913108153946112
568971982554963969
569558600353390592
569607509167595520
569614365755899905
569919092540510208
569998842579566592
568084748020649984
568104783061520384
568107670177239040
568429136584286209
568430198254747649
568621122368851968
568622422309482496
568624572985004033
568658885361438720
568781747128803328
568809558786899968
568836616166313984
568913108153946112
568971982554963969
569558600353390592
569607509167595520
569614365755899905
569919092540510208
569998842579566592
568084748020649984
568104783061520384
568107670177239040
568429136584286209
568430198254747649
568621122368851968
568622422309482496
568624572985004033
568658885361438720
568781747128803328
568809558786899968
568836616166313984
568913108153946112
568971982554963969
569558600353390592
569607509167595520
569614365755899905
569919092540510208
569998842579566592
568084748020649984
568104783061520384
568107670177239040
568429136584286209
568430198254747649
568621122368851968
568622422309482496
568624572985004033
568658885361438720
568781747128803328
568809558786899968
568836616166313984
568913108153946112
568971982554963969
569558600353390592
569607509167595520
569614365755899905
569919092540510208
569998842579566592
