568169348721848322
568784615877574656
568801276416401408
568859651980156928
568169348721848322
568784615877574656
568801276416401408
568859651980156928
568169348721848322
568784615877574656
568801276416401408
568859651980156928
570061339604987904
570258435448688641
568169348721848322
568784615877574656
568801276416401408
568859651980156928
570061339604987904
570258435448688641
568169348721848322
568784615877574656
568801276416401408
568859651980156928
570061339604987904
570258435448688641
568169348721848322
568784615877574656
568801276416401408
568859651980156928
570061339604987904
570258435448688641
568169348721848322
568784615877574656
568801276416401408
568859651980156928
570061339604987904
570258435448688641
568169348721848322
568784615877574656
568801276416401408
568859651980156928
570061339604987904
570258435448688641
