567737554087059457
568830466830151680
568858361011154944
567737554087059457
568830466830151680
568858361011154944
567737554087059457
568830466830151680
568858361011154944
570302337069264900
567737554087059457
568830466830151680
568858361011154944
570302337069264900
567737554087059457
568830466830151680
568858361011154944
570302337069264900
567737554087059457
568830466830151680
568858361011154944
570302337069264900
567737554087059457
568830466830151680
568858361011154944
570302337069264900
567737554087059457
568830466830151680
568858361011154944
570302337069264900
