567726949049454592
567758927111401474
568023874970861568
568101513605681152
568262925833515008
568439171028791297
568458185071132672
568815689684815873
568832682269888512
568911350656675841
568920314073260032
568956535679758337
569085424498446337
569163885393154048
569169897906941952
569259756344487938
569709195936735232
569710446112067584
567726949049454592
567758927111401474
568023874970861568
568101513605681152
568262925833515008
568439171028791297
568458185071132672
568815689684815873
568832682269888512
568911350656675841
568920314073260032
568956535679758337
569085424498446337
569163885393154048
569169897906941952
569259756344487938
569709195936735232
569710446112067584
567726949049454592
567758927111401474
568023874970861568
568101513605681152
568262925833515008
568439171028791297
568458185071132672
568815689684815873
568832682269888512
568911350656675841
568920314073260032
568956535679758337
569085424498446337
569163885393154048
569169897906941952
569259756344487938
569709195936735232
569710446112067584
569863229356310528
569933777931145216
570000618707746816
567726949049454592
567758927111401474
568023874970861568
568101513605681152
568262925833515008
568439171028791297
568458185071132672
568815689684815873
568832682269888512
568911350656675841
568920314073260032
568956535679758337
569085424498446337
569163885393154048
569169897906941952
569259756344487938
569709195936735232
569710446112067584
569863229356310528
569933777931145216
570000618707746816
567726949049454592
567758927111401474
568023874970861568
568101513605681152
568262925833515008
568439171028791297
568458185071132672
568815689684815873
568832682269888512
568911350656675841
568920314073260032
568956535679758337
569085424498446337
569163885393154048
569169897906941952
569259756344487938
569709195936735232
569710446112067584
569863229356310528
569933777931145216
570000618707746816
567726949049454592
567758927111401474
568023874970861568
568101513605681152
568262925833515008
568439171028791297
568458185071132672
568815689684815873
568832682269888512
568911350656675841
568920314073260032
568956535679758337
569085424498446337
569163885393154048
569169897906941952
569259756344487938
569709195936735232
569710446112067584
569863229356310528
569933777931145216
570000618707746816
567726949049454592
567758927111401474
568023874970861568
568101513605681152
568262925833515008
568439171028791297
568458185071132672
568815689684815873
568832682269888512
568911350656675841
568920314073260032
568956535679758337
569085424498446337
569163885393154048
569169897906941952
569259756344487938
569709195936735232
569710446112067584
569863229356310528
569933777931145216
570000618707746816
567726949049454592
567758927111401474
568023874970861568
568101513605681152
568262925833515008
568439171028791297
568458185071132672
568815689684815873
568832682269888512
568911350656675841
568920314073260032
568956535679758337
569085424498446337
569163885393154048
569169897906941952
569259756344487938
569709195936735232
569710446112067584
569863229356310528
569933777931145216
570000618707746816
