568161997935607808
568895061284364288
568924206152306688
569625782181617664
568161997935607808
568895061284364288
568924206152306688
569625782181617664
568161997935607808
568895061284364288
568924206152306688
569625782181617664
568161997935607808
568895061284364288
568924206152306688
569625782181617664
568161997935607808
568895061284364288
568924206152306688
569625782181617664
568161997935607808
568895061284364288
568924206152306688
569625782181617664
568161997935607808
568895061284364288
568924206152306688
569625782181617664
568161997935607808
568895061284364288
568924206152306688
569625782181617664
