567688325276770306
567727490567639041
567728357555437568
567810786576576512
567840923008237568
567851352249868288
567862240419934208
567999609248858112
568094760151486464
568108909480824832
568122064919527424
568157634999783424
568157857151102976
568158732930191360
568159714737049601
568160197367242752
568166479327313920
568244170848137217
568289529561518080
568416305101070336
568521376245501956
568521960088449025
568523834980057088
568524724256444416
568606238428270594
568607094426996738
568796340714639360
568802906280845312
568835134603931649
568861309384728577
568899252149035008
568944928266412032
569079956912758784
569083899478994944
569184255399620608
569227342675116033
569273298325864448
569328128310403073
569469326547222528
569568878977794048
569569152312213506
569588138273865728
569590892085915649
569601332040089600
569604805116563457
569616836884619264
569626297116176384
569669062206332929
569697728890056704
569730861593010176
569758106395254784
567688325276770306
567727490567639041
567728357555437568
567810786576576512
567840923008237568
567851352249868288
567862240419934208
567999609248858112
568094760151486464
568108909480824832
568122064919527424
568157634999783424
568157857151102976
568158732930191360
568159714737049601
568160197367242752
568166479327313920
568244170848137217
568289529561518080
568416305101070336
568521376245501956
568521960088449025
568523834980057088
568524724256444416
568606238428270594
568607094426996738
568796340714639360
568802906280845312
568835134603931649
568861309384728577
568899252149035008
568944928266412032
569079956912758784
569083899478994944
569184255399620608
569227342675116033
569273298325864448
569328128310403073
569469326547222528
569568878977794048
569569152312213506
569588138273865728
569590892085915649
569601332040089600
569604805116563457
569616836884619264
569626297116176384
569669062206332929
569697728890056704
569730861593010176
569758106395254784
567688325276770306
567727490567639041
567728357555437568
567810786576576512
567840923008237568
567851352249868288
567862240419934208
567999609248858112
568094760151486464
568108909480824832
568122064919527424
568157634999783424
568157857151102976
568158732930191360
568159714737049601
568160197367242752
568166479327313920
568244170848137217
568289529561518080
568416305101070336
568521376245501956
568521960088449025
568523834980057088
568524724256444416
568606238428270594
568607094426996738
568796340714639360
568802906280845312
568835134603931649
568861309384728577
568899252149035008
568944928266412032
569079956912758784
569083899478994944
569184255399620608
569227342675116033
569273298325864448
569328128310403073
569469326547222528
569568878977794048
569569152312213506
569588138273865728
569590892085915649
569601332040089600
569604805116563457
569616836884619264
569626297116176384
569669062206332929
569697728890056704
569730861593010176
569758106395254784
569861557775163393
569890715867750400
569909908738580481
569912963273879552
569915029950222337
569915182329286656
569944919894327297
569945380198203392
569945451564277760
569946008840491008
569946477356818432
569947331241639936
569948686228295681
569957053432639488
569968565513625600
570016325667557376
570027321178099712
570039630973829120
570043468321419264
570046710870728704
570047059878936576
570047651875594240
570047938401071105
570048915518533634
570049018820042752
570050603851710464
570075716861206528
570076476252356608
570121321192894464
570135402306080768
570179466716176384
570187080426397696
570230059170004994
570286924277030912
570301670892146688
570304873620746240
570305603056349184
