567785042891567104
568213769798578176
568458157703499776
568579873926746112
569017194564096000
569681060553826304
567785042891567104
568213769798578176
568458157703499776
568579873926746112
569017194564096000
569681060553826304
567785042891567104
568213769798578176
568458157703499776
568579873926746112
569017194564096000
569681060553826304
569968010431066112
569968904409214976
569969456190869504
570013289188630529
570025482344898560
570073757508726784
570091109675769856
570104743747416064
570290730796777473
