567861727833894913
567861975419457537
567862181208805376
567862454576787456
567864939349557248
567873519356284928
567874134174101504
567875130824658946
567875594785923072
567876794788872192
567882603405008896
567883234614210560
568561041774231553
567861727833894913
567861975419457537
567862181208805376
567862454576787456
567864939349557248
567873519356284928
567874134174101504
567875130824658946
567875594785923072
567876794788872192
567882603405008896
567883234614210560
568561041774231553
567861727833894913
567861975419457537
567862181208805376
567862454576787456
567864939349557248
567873519356284928
567874134174101504
567875130824658946
567875594785923072
567876794788872192
567882603405008896
567883234614210560
568561041774231553
570051488875020288
570067865946234883
