568098115988918273
568233965800304640
568474096058507264
569641880276893697
568098115988918273
568233965800304640
568474096058507264
569641880276893697
568098115988918273
568233965800304640
568474096058507264
569641880276893697
570280008557547520
568098115988918273
568233965800304640
568474096058507264
569641880276893697
570280008557547520
568098115988918273
568233965800304640
568474096058507264
569641880276893697
570280008557547520
568098115988918273
568233965800304640
568474096058507264
569641880276893697
570280008557547520
568098115988918273
568233965800304640
568474096058507264
569641880276893697
570280008557547520
568098115988918273
568233965800304640
568474096058507264
569641880276893697
570280008557547520
