567663136082513920
567887326350811137
567972174398689280
567972416846217216
568411504497856512
568672781979619328
569677478077136897
569768294648905728
569769633995104256
569772113378217984
567663136082513920
567887326350811137
567972174398689280
567972416846217216
568411504497856512
568672781979619328
569677478077136897
569768294648905728
569769633995104256
569772113378217984
567663136082513920
567887326350811137
567972174398689280
567972416846217216
568411504497856512
568672781979619328
569677478077136897
569768294648905728
569769633995104256
569772113378217984
569865675793170432
570063574858493952
570083397873373184
570250940290342914
