567594449874587648
567726594698264576
567737617031380992
567741700597366784
567747764906635265
567747787807526912
567755891714174976
567759456503881729
567763837055954944
567767199700758530
567842726861021184
567931567881875457
567935527481188352
567953560362733568
568008802865274880
568082658741215235
568092209368719360
568094548141977600
568094839063089153
568109565796958209
568111402084401152
568112232208293889
568142966570807296
568163524314144768
568198057155641344
568245558919503872
568260084230455296
568447513759522816
568481998257430530
568482672789622784
568482785389899776
568516063001853952
568526136017342464
568575335148580864
568616966191226880
568626974278733826
568632724078125056
568654569976123392
568668179158806529
568678201590996992
568770442292551680
568802225058926592
568813302140284928
568839199773732864
568847616404004864
568882601261273089
568899508601430016
568931356287365120
568962468766212097
568963006547111936
568988032067616768
568995644276383744
569005718365298689
569015379021795328
569078332278513665
569229785500680192
569270012894060545
569318905476476928
569330030074990592
569361887659294720
569366383458275329
569368621077692417
569482263345307648
569497966660218882
569502050536587264
569507834930442241
569523293356630016
569523635171405824
569535203888271361
569564853460807680
569567084721655808
569580197709783040
569595123799101440
569597663953293312
569600023597428736
569628970267705344
569638479157723136
569649806202642432
569651366018166784
569656727995600896
569659027073867777
569662077742096385
569665193266909184
569683921908195328
569698145703043072
569706638283833344
569709136813826049
569723892358467584
569723985262354433
569753036014247936
569791792029151232
567594449874587648
567726594698264576
567737617031380992
567741700597366784
567747764906635265
567747787807526912
567755891714174976
567759456503881729
567763837055954944
567767199700758530
567842726861021184
567931567881875457
567935527481188352
567953560362733568
568008802865274880
568082658741215235
568092209368719360
568094548141977600
568094839063089153
568109565796958209
568111402084401152
568112232208293889
568142966570807296
568163524314144768
568198057155641344
568245558919503872
568260084230455296
568447513759522816
568481998257430530
568482672789622784
568482785389899776
568516063001853952
568526136017342464
568575335148580864
568616966191226880
568626974278733826
568632724078125056
568654569976123392
568668179158806529
568678201590996992
568770442292551680
568802225058926592
568813302140284928
568839199773732864
568847616404004864
568882601261273089
568899508601430016
568931356287365120
568962468766212097
568963006547111936
568988032067616768
568995644276383744
569005718365298689
569015379021795328
569078332278513665
569229785500680192
569270012894060545
569318905476476928
569330030074990592
569361887659294720
569366383458275329
569368621077692417
569482263345307648
569497966660218882
569502050536587264
569507834930442241
569523293356630016
569523635171405824
569535203888271361
569564853460807680
569567084721655808
569580197709783040
569595123799101440
569597663953293312
569600023597428736
569628970267705344
569638479157723136
569649806202642432
569651366018166784
569656727995600896
569659027073867777
569662077742096385
569665193266909184
569683921908195328
569698145703043072
569706638283833344
569709136813826049
569723892358467584
569723985262354433
569753036014247936
569791792029151232
569826633152110592
567594449874587648
567726594698264576
567737617031380992
567741700597366784
567747764906635265
567747787807526912
567755891714174976
567759456503881729
567763837055954944
567767199700758530
567842726861021184
567931567881875457
567935527481188352
567953560362733568
568008802865274880
568082658741215235
568092209368719360
568094548141977600
568094839063089153
568109565796958209
568111402084401152
568112232208293889
568142966570807296
568163524314144768
568198057155641344
568245558919503872
568260084230455296
568447513759522816
568481998257430530
568482672789622784
568482785389899776
568516063001853952
568526136017342464
568575335148580864
568616966191226880
568626974278733826
568632724078125056
568654569976123392
568668179158806529
568678201590996992
568770442292551680
568802225058926592
568813302140284928
568839199773732864
568847616404004864
568882601261273089
568899508601430016
568931356287365120
568962468766212097
568963006547111936
568988032067616768
568995644276383744
569005718365298689
569015379021795328
569078332278513665
569229785500680192
569270012894060545
569318905476476928
569330030074990592
569361887659294720
569366383458275329
569368621077692417
569482263345307648
569497966660218882
569502050536587264
569507834930442241
569523293356630016
569523635171405824
569535203888271361
569564853460807680
569567084721655808
569580197709783040
569595123799101440
569597663953293312
569600023597428736
569628970267705344
569638479157723136
569649806202642432
569651366018166784
569656727995600896
569659027073867777
569662077742096385
569665193266909184
569683921908195328
569698145703043072
569706638283833344
569709136813826049
569723892358467584
569723985262354433
569753036014247936
569791792029151232
569826633152110592
569851855917830145
569891267666006016
569893716711747584
569910299983130625
569937987619803136
569946362126602240
569952945028108288
569956742122983424
569976114124349440
569988207489777664
570001601051668480
570001601055883265
570001601072652288
570005034340974592
570013961808187393
570023530466840576
570030390309552128
570041376005443585
570056289419526145
570066805810601985
570076595647426560
570092741654401024
570105441688158208
570114536448995328
570121673099190272
570129843594997760
570195373018505216
570220267462529024
570235686470746112
570280641503211520
570280852791422976
570282089863626752
570283712409051136
570284308210032640
570291699731308545
570298027103162368
