567787449053872128
567804488687345665
567864117047865344
567887437826908160
568091027774545920
568209028188233728
568423029371334656
568800822693380096
568810681279111168
568903479722246144
568938647795314688
569200619430420480
569274088289660928
569336095411965952
569518382883704832
569572536834498560
569704164743376896
567787449053872128
567804488687345665
567864117047865344
567887437826908160
568091027774545920
568209028188233728
568423029371334656
568800822693380096
568810681279111168
568903479722246144
568938647795314688
569200619430420480
569274088289660928
569336095411965952
569518382883704832
569572536834498560
569704164743376896
567787449053872128
567804488687345665
567864117047865344
567887437826908160
568091027774545920
568209028188233728
568423029371334656
568800822693380096
568810681279111168
568903479722246144
568938647795314688
569200619430420480
569274088289660928
569336095411965952
569518382883704832
569572536834498560
569704164743376896
569926998824394752
569999956796444674
570017458742030336
570216606057541632
570259268844314625
567787449053872128
567804488687345665
567864117047865344
567887437826908160
568091027774545920
568209028188233728
568423029371334656
568800822693380096
568810681279111168
568903479722246144
568938647795314688
569200619430420480
569274088289660928
569336095411965952
569518382883704832
569572536834498560
569704164743376896
569926998824394752
569999956796444674
570017458742030336
570216606057541632
570259268844314625
567787449053872128
567804488687345665
567864117047865344
567887437826908160
568091027774545920
568209028188233728
568423029371334656
568800822693380096
568810681279111168
568903479722246144
568938647795314688
569200619430420480
569274088289660928
569336095411965952
569518382883704832
569572536834498560
569704164743376896
569926998824394752
569999956796444674
570017458742030336
570216606057541632
570259268844314625
567787449053872128
567804488687345665
567864117047865344
567887437826908160
568091027774545920
568209028188233728
568423029371334656
568800822693380096
568810681279111168
568903479722246144
568938647795314688
569200619430420480
569274088289660928
569336095411965952
569518382883704832
569572536834498560
569704164743376896
569926998824394752
569999956796444674
570017458742030336
570216606057541632
570259268844314625
567787449053872128
567804488687345665
567864117047865344
567887437826908160
568091027774545920
568209028188233728
568423029371334656
568800822693380096
568810681279111168
568903479722246144
568938647795314688
569200619430420480
569274088289660928
569336095411965952
569518382883704832
569572536834498560
569704164743376896
569926998824394752
569999956796444674
570017458742030336
570216606057541632
570259268844314625
567787449053872128
567804488687345665
567864117047865344
567887437826908160
568091027774545920
568209028188233728
568423029371334656
568800822693380096
568810681279111168
568903479722246144
568938647795314688
569200619430420480
569274088289660928
569336095411965952
569518382883704832
569572536834498560
569704164743376896
569926998824394752
569999956796444674
570017458742030336
570216606057541632
570259268844314625
