567721806040031232
567851387641597952
568424596657078272
568435290722975745
568548629432004609
568810681279111168
568950850615316480
569492838448300032
569662418898579456
567721806040031232
567851387641597952
568424596657078272
568435290722975745
568548629432004609
568810681279111168
568950850615316480
569492838448300032
569662418898579456
567721806040031232
567851387641597952
568424596657078272
568435290722975745
568548629432004609
568810681279111168
568950850615316480
569492838448300032
569662418898579456
567721806040031232
567851387641597952
568424596657078272
568435290722975745
568548629432004609
568810681279111168
568950850615316480
569492838448300032
569662418898579456
567721806040031232
567851387641597952
568424596657078272
568435290722975745
568548629432004609
568810681279111168
568950850615316480
569492838448300032
569662418898579456
567721806040031232
567851387641597952
568424596657078272
568435290722975745
568548629432004609
568810681279111168
568950850615316480
569492838448300032
569662418898579456
567721806040031232
567851387641597952
568424596657078272
568435290722975745
568548629432004609
568810681279111168
568950850615316480
569492838448300032
569662418898579456
567721806040031232
567851387641597952
568424596657078272
568435290722975745
568548629432004609
568810681279111168
568950850615316480
569492838448300032
569662418898579456
