567776761510907904
568043126775943168
568061931761864704
568267732556255232
568442989258911745
567776761510907904
568043126775943168
568061931761864704
568267732556255232
568442989258911745
567776761510907904
568043126775943168
568061931761864704
568267732556255232
568442989258911745
569914141814726657
570197146894520320
570294445020733440
567776761510907904
568043126775943168
568061931761864704
568267732556255232
568442989258911745
569914141814726657
570197146894520320
570294445020733440
567776761510907904
568043126775943168
568061931761864704
568267732556255232
568442989258911745
569914141814726657
570197146894520320
570294445020733440
567776761510907904
568043126775943168
568061931761864704
568267732556255232
568442989258911745
569914141814726657
570197146894520320
570294445020733440
567776761510907904
568043126775943168
568061931761864704
568267732556255232
568442989258911745
569914141814726657
570197146894520320
570294445020733440
567776761510907904
568043126775943168
568061931761864704
568267732556255232
568442989258911745
569914141814726657
570197146894520320
570294445020733440
