567617486703853568
567747764906635265
567758007912906752
567758248481415170
567760260598104064
567760693643214848
567778921812389888
567802015527755776
567806467974365184
567806788708626433
567811776566542336
568051218477654016
568129661227499524
568129947752992768
568141442951942146
568396205270691840
568443892569235457
568450710553174016
568460037737324545
568463644503240704
568536882012749824
568656507480481792
568731785019990017
568747605653643264
568755759670022147
568775278505414656
568832576468746240
568851512509800448
568873031428415489
569125947200413696
569184833361936387
569307978798645248
569310070825226241
569320520728113152
569548316700254208
569587188687634433
569606467646578688
569607321908862977
569609396461936640
569609699152273409
569684982366666752
569695452368670720
569702495926267905
569710365770182656
569721804891271168
569747668232065024
569769624780165120
569777329330884608
569777772115193856
567617486703853568
567747764906635265
567758007912906752
567758248481415170
567760260598104064
567760693643214848
567778921812389888
567802015527755776
567806467974365184
567806788708626433
567811776566542336
568051218477654016
568129661227499524
568129947752992768
568141442951942146
568396205270691840
568443892569235457
568450710553174016
568460037737324545
568463644503240704
568536882012749824
568656507480481792
568731785019990017
568747605653643264
568755759670022147
568775278505414656
568832576468746240
568851512509800448
568873031428415489
569125947200413696
569184833361936387
569307978798645248
569310070825226241
569320520728113152
569548316700254208
569587188687634433
569606467646578688
569607321908862977
569609396461936640
569609699152273409
569684982366666752
569695452368670720
569702495926267905
569710365770182656
569721804891271168
569747668232065024
569769624780165120
569777329330884608
569777772115193856
569838973490765824
567617486703853568
567747764906635265
567758007912906752
567758248481415170
567760260598104064
567760693643214848
567778921812389888
567802015527755776
567806467974365184
567806788708626433
567811776566542336
568051218477654016
568129661227499524
568129947752992768
568141442951942146
568396205270691840
568443892569235457
568450710553174016
568460037737324545
568463644503240704
568536882012749824
568656507480481792
568731785019990017
568747605653643264
568755759670022147
568775278505414656
568832576468746240
568851512509800448
568873031428415489
569125947200413696
569184833361936387
569307978798645248
569310070825226241
569320520728113152
569548316700254208
569587188687634433
569606467646578688
569607321908862977
569609396461936640
569609699152273409
569684982366666752
569695452368670720
569702495926267905
569710365770182656
569721804891271168
569747668232065024
569769624780165120
569777329330884608
569777772115193856
569838973490765824
569857624549625856
569865540098871298
569886919833874432
569894828315533312
569895100526039040
569934977963573248
569955386914181121
570019741806538752
570104913390206976
570106717490393088
570114536448995328
570218339118800896
570232533272567813
570236313393373186
570240576144211968
570294743684517888
567617486703853568
567747764906635265
567758007912906752
567758248481415170
567760260598104064
567760693643214848
567778921812389888
567802015527755776
567806467974365184
567806788708626433
567811776566542336
568051218477654016
568129661227499524
568129947752992768
568141442951942146
568396205270691840
568443892569235457
568450710553174016
568460037737324545
568463644503240704
568536882012749824
568656507480481792
568731785019990017
568747605653643264
568755759670022147
568775278505414656
568832576468746240
568851512509800448
568873031428415489
569125947200413696
569184833361936387
569307978798645248
569310070825226241
569320520728113152
569548316700254208
569587188687634433
569606467646578688
569607321908862977
569609396461936640
569609699152273409
569684982366666752
569695452368670720
569702495926267905
569710365770182656
569721804891271168
569747668232065024
569769624780165120
569777329330884608
569777772115193856
569838973490765824
569857624549625856
569865540098871298
569886919833874432
569894828315533312
569895100526039040
569934977963573248
569955386914181121
570019741806538752
570104913390206976
570106717490393088
570114536448995328
570218339118800896
570232533272567813
570236313393373186
570240576144211968
570294743684517888
567617486703853568
567747764906635265
567758007912906752
567758248481415170
567760260598104064
567760693643214848
567778921812389888
567802015527755776
567806467974365184
567806788708626433
567811776566542336
568051218477654016
568129661227499524
568129947752992768
568141442951942146
568396205270691840
568443892569235457
568450710553174016
568460037737324545
568463644503240704
568536882012749824
568656507480481792
568731785019990017
568747605653643264
568755759670022147
568775278505414656
568832576468746240
568851512509800448
568873031428415489
569125947200413696
569184833361936387
569307978798645248
569310070825226241
569320520728113152
569548316700254208
569587188687634433
569606467646578688
569607321908862977
569609396461936640
569609699152273409
569684982366666752
569695452368670720
569702495926267905
569710365770182656
569721804891271168
569747668232065024
569769624780165120
569777329330884608
569777772115193856
569838973490765824
569857624549625856
569865540098871298
569886919833874432
569894828315533312
569895100526039040
569934977963573248
569955386914181121
570019741806538752
570104913390206976
570106717490393088
570114536448995328
570218339118800896
570232533272567813
570236313393373186
570240576144211968
570294743684517888
567617486703853568
567747764906635265
567758007912906752
567758248481415170
567760260598104064
567760693643214848
567778921812389888
567802015527755776
567806467974365184
567806788708626433
567811776566542336
568051218477654016
568129661227499524
568129947752992768
568141442951942146
568396205270691840
568443892569235457
568450710553174016
568460037737324545
568463644503240704
568536882012749824
568656507480481792
568731785019990017
568747605653643264
568755759670022147
568775278505414656
568832576468746240
568851512509800448
568873031428415489
569125947200413696
569184833361936387
569307978798645248
569310070825226241
569320520728113152
569548316700254208
569587188687634433
569606467646578688
569607321908862977
569609396461936640
569609699152273409
569684982366666752
569695452368670720
569702495926267905
569710365770182656
569721804891271168
569747668232065024
569769624780165120
569777329330884608
569777772115193856
569838973490765824
569857624549625856
569865540098871298
569886919833874432
569894828315533312
569895100526039040
569934977963573248
569955386914181121
570019741806538752
570104913390206976
570106717490393088
570114536448995328
570218339118800896
570232533272567813
570236313393373186
570240576144211968
570294743684517888
567617486703853568
567747764906635265
567758007912906752
567758248481415170
567760260598104064
567760693643214848
567778921812389888
567802015527755776
567806467974365184
567806788708626433
567811776566542336
568051218477654016
568129661227499524
568129947752992768
568141442951942146
568396205270691840
568443892569235457
568450710553174016
568460037737324545
568463644503240704
568536882012749824
568656507480481792
568731785019990017
568747605653643264
568755759670022147
568775278505414656
568832576468746240
568851512509800448
568873031428415489
569125947200413696
569184833361936387
569307978798645248
569310070825226241
569320520728113152
569548316700254208
569587188687634433
569606467646578688
569607321908862977
569609396461936640
569609699152273409
569684982366666752
569695452368670720
569702495926267905
569710365770182656
569721804891271168
569747668232065024
569769624780165120
569777329330884608
569777772115193856
569838973490765824
569857624549625856
569865540098871298
569886919833874432
569894828315533312
569895100526039040
569934977963573248
569955386914181121
570019741806538752
570104913390206976
570106717490393088
570114536448995328
570218339118800896
570232533272567813
570236313393373186
570240576144211968
570294743684517888
567617486703853568
567747764906635265
567758007912906752
567758248481415170
567760260598104064
567760693643214848
567778921812389888
567802015527755776
567806467974365184
567806788708626433
567811776566542336
568051218477654016
568129661227499524
568129947752992768
568141442951942146
568396205270691840
568443892569235457
568450710553174016
568460037737324545
568463644503240704
568536882012749824
568656507480481792
568731785019990017
568747605653643264
568755759670022147
568775278505414656
568832576468746240
568851512509800448
568873031428415489
569125947200413696
569184833361936387
569307978798645248
569310070825226241
569320520728113152
569548316700254208
569587188687634433
569606467646578688
569607321908862977
569609396461936640
569609699152273409
569684982366666752
569695452368670720
569702495926267905
569710365770182656
569721804891271168
569747668232065024
569769624780165120
569777329330884608
569777772115193856
569838973490765824
569857624549625856
569865540098871298
569886919833874432
569894828315533312
569895100526039040
569934977963573248
569955386914181121
570019741806538752
570104913390206976
570106717490393088
570114536448995328
570218339118800896
570232533272567813
570236313393373186
570240576144211968
570294743684517888
