567766410169954304
567801343861092352
567827091409092608
567827488736419840
568025019068108800
568189481590886400
568198057155641344
568213769098108928
568252805036638209
568400096586395649
568454607040606208
568486660410908674
568487040234459138
568487688510287873
568489124098924546
568490310524936192
568491668858662914
568535405361913857
568538242380742656
568600552814174208
568602933035601921
568724299873431552
568835810532794368
568836750598123521
568999266741411840
569211825218318336
569243017552375809
569369662955261953
569386956435488768
569387614265954304
569496919036305408
569527183825182720
569529128585555968
569572180012371968
569576074050473984
569584885108748290
569603529888788480
569695198239793153
569702870423117825
569758482989084674
567766410169954304
567801343861092352
567827091409092608
567827488736419840
568025019068108800
568189481590886400
568198057155641344
568213769098108928
568252805036638209
568400096586395649
568454607040606208
568486660410908674
568487040234459138
568487688510287873
568489124098924546
568490310524936192
568491668858662914
568535405361913857
568538242380742656
568600552814174208
568602933035601921
568724299873431552
568835810532794368
568836750598123521
568999266741411840
569211825218318336
569243017552375809
569369662955261953
569386956435488768
569387614265954304
569496919036305408
569527183825182720
569529128585555968
569572180012371968
569576074050473984
569584885108748290
569603529888788480
569695198239793153
569702870423117825
569758482989084674
567766410169954304
567801343861092352
567827091409092608
567827488736419840
568025019068108800
568189481590886400
568198057155641344
568213769098108928
568252805036638209
568400096586395649
568454607040606208
568486660410908674
568487040234459138
568487688510287873
568489124098924546
568490310524936192
568491668858662914
568535405361913857
568538242380742656
568600552814174208
568602933035601921
568724299873431552
568835810532794368
568836750598123521
568999266741411840
569211825218318336
569243017552375809
569369662955261953
569386956435488768
569387614265954304
569496919036305408
569527183825182720
569529128585555968
569572180012371968
569576074050473984
569584885108748290
569603529888788480
569695198239793153
569702870423117825
569758482989084674
569885003020181504
569887452384481280
569911600934752256
569926659219922944
569927127350407168
569935956880420864
569937767775510530
570063192581390336
570205880504815616
570214660638511104
570235676916117504
570244951914782721
570287704728084480
567766410169954304
567801343861092352
567827091409092608
567827488736419840
568025019068108800
568189481590886400
568198057155641344
568213769098108928
568252805036638209
568400096586395649
568454607040606208
568486660410908674
568487040234459138
568487688510287873
568489124098924546
568490310524936192
568491668858662914
568535405361913857
568538242380742656
568600552814174208
568602933035601921
568724299873431552
568835810532794368
568836750598123521
568999266741411840
569211825218318336
569243017552375809
569369662955261953
569386956435488768
569387614265954304
569496919036305408
569527183825182720
569529128585555968
569572180012371968
569576074050473984
569584885108748290
569603529888788480
569695198239793153
569702870423117825
569758482989084674
569885003020181504
569887452384481280
569911600934752256
569926659219922944
569927127350407168
569935956880420864
569937767775510530
570063192581390336
570205880504815616
570214660638511104
570235676916117504
570244951914782721
570287704728084480
567766410169954304
567801343861092352
567827091409092608
567827488736419840
568025019068108800
568189481590886400
568198057155641344
568213769098108928
568252805036638209
568400096586395649
568454607040606208
568486660410908674
568487040234459138
568487688510287873
568489124098924546
568490310524936192
568491668858662914
568535405361913857
568538242380742656
568600552814174208
568602933035601921
568724299873431552
568835810532794368
568836750598123521
568999266741411840
569211825218318336
569243017552375809
569369662955261953
569386956435488768
569387614265954304
569496919036305408
569527183825182720
569529128585555968
569572180012371968
569576074050473984
569584885108748290
569603529888788480
569695198239793153
569702870423117825
569758482989084674
569885003020181504
569887452384481280
569911600934752256
569926659219922944
569927127350407168
569935956880420864
569937767775510530
570063192581390336
570205880504815616
570214660638511104
570235676916117504
570244951914782721
570287704728084480
567766410169954304
567801343861092352
567827091409092608
567827488736419840
568025019068108800
568189481590886400
568198057155641344
568213769098108928
568252805036638209
568400096586395649
568454607040606208
568486660410908674
568487040234459138
568487688510287873
568489124098924546
568490310524936192
568491668858662914
568535405361913857
568538242380742656
568600552814174208
568602933035601921
568724299873431552
568835810532794368
568836750598123521
568999266741411840
569211825218318336
569243017552375809
569369662955261953
569386956435488768
569387614265954304
569496919036305408
569527183825182720
569529128585555968
569572180012371968
569576074050473984
569584885108748290
569603529888788480
569695198239793153
569702870423117825
569758482989084674
569885003020181504
569887452384481280
569911600934752256
569926659219922944
569927127350407168
569935956880420864
569937767775510530
570063192581390336
570205880504815616
570214660638511104
570235676916117504
570244951914782721
570287704728084480
567766410169954304
567801343861092352
567827091409092608
567827488736419840
568025019068108800
568189481590886400
568198057155641344
568213769098108928
568252805036638209
568400096586395649
568454607040606208
568486660410908674
568487040234459138
568487688510287873
568489124098924546
568490310524936192
568491668858662914
568535405361913857
568538242380742656
568600552814174208
568602933035601921
568724299873431552
568835810532794368
568836750598123521
568999266741411840
569211825218318336
569243017552375809
569369662955261953
569386956435488768
569387614265954304
569496919036305408
569527183825182720
569529128585555968
569572180012371968
569576074050473984
569584885108748290
569603529888788480
569695198239793153
569702870423117825
569758482989084674
569885003020181504
569887452384481280
569911600934752256
569926659219922944
569927127350407168
569935956880420864
569937767775510530
570063192581390336
570205880504815616
570214660638511104
570235676916117504
570244951914782721
570287704728084480
567766410169954304
567801343861092352
567827091409092608
567827488736419840
568025019068108800
568189481590886400
568198057155641344
568213769098108928
568252805036638209
568400096586395649
568454607040606208
568486660410908674
568487040234459138
568487688510287873
568489124098924546
568490310524936192
568491668858662914
568535405361913857
568538242380742656
568600552814174208
568602933035601921
568724299873431552
568835810532794368
568836750598123521
568999266741411840
569211825218318336
569243017552375809
569369662955261953
569386956435488768
569387614265954304
569496919036305408
569527183825182720
569529128585555968
569572180012371968
569576074050473984
569584885108748290
569603529888788480
569695198239793153
569702870423117825
569758482989084674
569885003020181504
569887452384481280
569911600934752256
569926659219922944
569927127350407168
569935956880420864
569937767775510530
570063192581390336
570205880504815616
570214660638511104
570235676916117504
570244951914782721
570287704728084480
