567898499540340736
568568197147799552
568570905690898432
568573570114134016
568656507480481792
569369243965362176
569369331173363712
569535507815903233
569539000312188928
569713111537717248
567898499540340736
568568197147799552
568570905690898432
568573570114134016
568656507480481792
569369243965362176
569369331173363712
569535507815903233
569539000312188928
569713111537717248
567898499540340736
568568197147799552
568570905690898432
568573570114134016
568656507480481792
569369243965362176
569369331173363712
569535507815903233
569539000312188928
569713111537717248
569877754801360897
569969218306904067
570226104839090176
570255201069899776
