567805001050890240
567811236231954433
568210483959836672
568233965800304640
568408653562294272
567805001050890240
567811236231954433
568210483959836672
568233965800304640
568408653562294272
567805001050890240
567811236231954433
568210483959836672
568233965800304640
568408653562294272
567805001050890240
567811236231954433
568210483959836672
568233965800304640
568408653562294272
567805001050890240
567811236231954433
568210483959836672
568233965800304640
568408653562294272
567805001050890240
567811236231954433
568210483959836672
568233965800304640
568408653562294272
567805001050890240
567811236231954433
568210483959836672
568233965800304640
568408653562294272
567805001050890240
567811236231954433
568210483959836672
568233965800304640
568408653562294272
