567810786576576512
567845089508233217
568112842261594112
568194770524221440
568535677027028992
568547227527819264
568887349481861120
569125454684278785
569324035835711489
569547989007646721
569586611085815808
569657725304610816
569705786408079360
569794658479394817
569799181394538496
567810786576576512
567845089508233217
568112842261594112
568194770524221440
568535677027028992
568547227527819264
568887349481861120
569125454684278785
569324035835711489
569547989007646721
569586611085815808
569657725304610816
569705786408079360
569794658479394817
569799181394538496
567810786576576512
567845089508233217
568112842261594112
568194770524221440
568535677027028992
568547227527819264
568887349481861120
569125454684278785
569324035835711489
569547989007646721
569586611085815808
569657725304610816
569705786408079360
569794658479394817
569799181394538496
569940935875948544
570253196213383168
570253313368698883
567810786576576512
567845089508233217
568112842261594112
568194770524221440
568535677027028992
568547227527819264
568887349481861120
569125454684278785
569324035835711489
569547989007646721
569586611085815808
569657725304610816
569705786408079360
569794658479394817
569799181394538496
569940935875948544
570253196213383168
570253313368698883
567810786576576512
567845089508233217
568112842261594112
568194770524221440
568535677027028992
568547227527819264
568887349481861120
569125454684278785
569324035835711489
569547989007646721
569586611085815808
569657725304610816
569705786408079360
569794658479394817
569799181394538496
569940935875948544
570253196213383168
570253313368698883
567810786576576512
567845089508233217
568112842261594112
568194770524221440
568535677027028992
568547227527819264
568887349481861120
569125454684278785
569324035835711489
569547989007646721
569586611085815808
569657725304610816
569705786408079360
569794658479394817
569799181394538496
569940935875948544
570253196213383168
570253313368698883
567810786576576512
567845089508233217
568112842261594112
568194770524221440
568535677027028992
568547227527819264
568887349481861120
569125454684278785
569324035835711489
569547989007646721
569586611085815808
569657725304610816
569705786408079360
569794658479394817
569799181394538496
569940935875948544
570253196213383168
570253313368698883
567810786576576512
567845089508233217
568112842261594112
568194770524221440
568535677027028992
568547227527819264
568887349481861120
569125454684278785
569324035835711489
569547989007646721
569586611085815808
569657725304610816
569705786408079360
569794658479394817
569799181394538496
569940935875948544
570253196213383168
570253313368698883
