568724024362037248
568865640569806848
568912678917271552
568724024362037248
568865640569806848
568912678917271552
568724024362037248
568865640569806848
568912678917271552
569894969332400128
569937260994564098
569937700993818625
570291817087930369
568724024362037248
568865640569806848
568912678917271552
569894969332400128
569937260994564098
569937700993818625
570291817087930369
568724024362037248
568865640569806848
568912678917271552
569894969332400128
569937260994564098
569937700993818625
570291817087930369
568724024362037248
568865640569806848
568912678917271552
569894969332400128
569937260994564098
569937700993818625
570291817087930369
568724024362037248
568865640569806848
568912678917271552
569894969332400128
569937260994564098
569937700993818625
570291817087930369
568724024362037248
568865640569806848
568912678917271552
569894969332400128
569937260994564098
569937700993818625
570291817087930369
