569190678758080512
569190811113525249
569190933297807360
569191124373520384
569191191448817664
569213183455563776
569190678758080512
569190811113525249
569190933297807360
569191124373520384
569191191448817664
569213183455563776
569190678758080512
569190811113525249
569190933297807360
569191124373520384
569191191448817664
569213183455563776
569190678758080512
569190811113525249
569190933297807360
569191124373520384
569191191448817664
569213183455563776
569190678758080512
569190811113525249
569190933297807360
569191124373520384
569191191448817664
569213183455563776
569190678758080512
569190811113525249
569190933297807360
569191124373520384
569191191448817664
569213183455563776
569190678758080512
569190811113525249
569190933297807360
569191124373520384
569191191448817664
569213183455563776
569190678758080512
569190811113525249
569190933297807360
569191124373520384
569191191448817664
569213183455563776
