567702414157824000
567770621451702273
567776832410636288
567860107960324096
567885719894642688
568057812322021376
568107310117212161
568159085356384256
568203327965696002
568486436355346432
568491224946098176
568492370821562368
568562631616942080
568630308284850176
568631066736529409
568919686978641920
568928817651167232
568932998051016704
568974681115459584
569075352888176640
569104886119297024
569152074052542464
569152332765667328
569156321636847617
569160924960919552
569215344948199424
569223830759059458
569258404742500353
569282249717194754
569318432648273920
569338032572116992
569420237189181440
569558377178603520
569586660909973504
569621840844464128
569623248205430785
569625782181617664
569626613664653312
569627374674964480
569628159085301760
569629019412557826
569635090214449152
569671617674022912
569672116750004226
569673709520158720
569673981164277760
569678349846450177
569727036627034112
569780060523261952
567702414157824000
567770621451702273
567776832410636288
567860107960324096
567885719894642688
568057812322021376
568107310117212161
568159085356384256
568203327965696002
568486436355346432
568491224946098176
568492370821562368
568562631616942080
568630308284850176
568631066736529409
568919686978641920
568928817651167232
568932998051016704
568974681115459584
569075352888176640
569104886119297024
569152074052542464
569152332765667328
569156321636847617
569160924960919552
569215344948199424
569223830759059458
569258404742500353
569282249717194754
569318432648273920
569338032572116992
569420237189181440
569558377178603520
569586660909973504
569621840844464128
569623248205430785
569625782181617664
569626613664653312
569627374674964480
569628159085301760
569629019412557826
569635090214449152
569671617674022912
569672116750004226
569673709520158720
569673981164277760
569678349846450177
569727036627034112
569780060523261952
567702414157824000
567770621451702273
567776832410636288
567860107960324096
567885719894642688
568057812322021376
568107310117212161
568159085356384256
568203327965696002
568486436355346432
568491224946098176
568492370821562368
568562631616942080
568630308284850176
568631066736529409
568919686978641920
568928817651167232
568932998051016704
568974681115459584
569075352888176640
569104886119297024
569152074052542464
569152332765667328
569156321636847617
569160924960919552
569215344948199424
569223830759059458
569258404742500353
569282249717194754
569318432648273920
569338032572116992
569420237189181440
569558377178603520
569586660909973504
569621840844464128
569623248205430785
569625782181617664
569626613664653312
569627374674964480
569628159085301760
569629019412557826
569635090214449152
569671617674022912
569672116750004226
569673709520158720
569673981164277760
569678349846450177
569727036627034112
569780060523261952
569857396899606528
569870007368331264
569897334760448000
569910299983130625
569933882662916096
569937260994564098
569938450633388032
570050603927392257
570059874480091136
570060687164067840
570239297456091136
570292976603295744
570299642887442433
570304178314190848
570306423818723328
