567671602280923136
567754392682901504
567853497435160577
567864939349557248
568002085888897025
568188243713372161
568309328127655936
568631189856264192
569203705750237184
569299492127842304
569475215832387584
569491456173477889
569668455202484224
567671602280923136
567754392682901504
567853497435160577
567864939349557248
568002085888897025
568188243713372161
568309328127655936
568631189856264192
569203705750237184
569299492127842304
569475215832387584
569491456173477889
569668455202484224
567671602280923136
567754392682901504
567853497435160577
567864939349557248
568002085888897025
568188243713372161
568309328127655936
568631189856264192
569203705750237184
569299492127842304
569475215832387584
569491456173477889
569668455202484224
569850912451072000
569861417689419776
569957170369814528
569981015378112512
570100233398571008
