567591480085463040
567739813114417152
567759012806029312
567759268724887552
567768552644423680
567790793197629440
567799412538494976
567854566122864640
567861727833894913
567864832235405313
567867311744380928
567871780188061696
567879304593408001
567887103465496576
567887646162161664
568008391773196288
568020431036420096
568054687993352192
568059376474439680
568064382627921920
568066878192508928
568083588308197376
568096711450566657
568110568097374208
568167900919382017
568188732806963201
568189029478481920
568191343769620480
568204705861652480
568220033299542016
568229659810209792
568253469129187328
568275733736353792
568425737092513792
568431120032915457
568435434964938752
568444091836604416
568492240273874944
568495808053702656
568498114300153856
568503120130658305
568542896539873281
568564675312545792
568570374335524865
568597262378655744
568611700674584576
568626423273017344
568629385105793024
568630879246901248
568631066736529409
568631249989988354
568635531900243968
568643981258723328
568645962425446401
568648390738706432
568654382620782592
568694278890901504
568760648135544832
568770125114929152
568793432900177920
568818998445522944
568836616166313984
568845012777111552
568867068331864064
568880082606911488
568880146284982272
568881291766034432
568883124517494784
568894101766012929
568911851674836992
568916213130096640
568930822952103938
568957001658724353
568976030947418112
568996536555851776
569039105775939584
569125711556042752
569153491983327232
569184788784918528
569188782492266496
569212860665978880
569223447005433856
569234280632754176
569278421743878144
569279670048452608
569282249717194754
569289254616076288
569297162795937792
569304100048912384
569312530620817408
569323555365752833
569353230007664640
569354882370572289
569393942296432640
569400869768302592
569419949007085568
569496017210462208
569514168576974848
569528351364292608
569578441508458496
569580180353609729
569586471570534400
569589079710380032
569597666025345024
569598072923123712
569604208661409792
569604330229092352
569609621834301440
569621412325023744
569627574336421888
569630885450002432
569634891857600514
569638521817968641
569649508113625089
569654988877668354
569655339135725568
569657523944366080
569661662648610816
569666428388958209
569669059941261312
569686372124102656
569686401735745536
569716670689902592
569727223357427712
569730123210948608
569730182371635200
569748099616215040
569784114309693440
569784699117137920
567591480085463040
567739813114417152
567759012806029312
567759268724887552
567768552644423680
567790793197629440
567799412538494976
567854566122864640
567861727833894913
567864832235405313
567867311744380928
567871780188061696
567879304593408001
567887103465496576
567887646162161664
568008391773196288
568020431036420096
568054687993352192
568059376474439680
568064382627921920
568066878192508928
568083588308197376
568096711450566657
568110568097374208
568167900919382017
568188732806963201
568189029478481920
568191343769620480
568204705861652480
568220033299542016
568229659810209792
568253469129187328
568275733736353792
568425737092513792
568431120032915457
568435434964938752
568444091836604416
568492240273874944
568495808053702656
568498114300153856
568503120130658305
568542896539873281
568564675312545792
568570374335524865
568597262378655744
568611700674584576
568626423273017344
568629385105793024
568630879246901248
568631066736529409
568631249989988354
568635531900243968
568643981258723328
568645962425446401
568648390738706432
568654382620782592
568694278890901504
568760648135544832
568770125114929152
568793432900177920
568818998445522944
568836616166313984
568845012777111552
568867068331864064
568880082606911488
568880146284982272
568881291766034432
568883124517494784
568894101766012929
568911851674836992
568916213130096640
568930822952103938
568957001658724353
568976030947418112
568996536555851776
569039105775939584
569125711556042752
569153491983327232
569184788784918528
569188782492266496
569212860665978880
569223447005433856
569234280632754176
569278421743878144
569279670048452608
569282249717194754
569289254616076288
569297162795937792
569304100048912384
569312530620817408
569323555365752833
569353230007664640
569354882370572289
569393942296432640
569400869768302592
569419949007085568
569496017210462208
569514168576974848
569528351364292608
569578441508458496
569580180353609729
569586471570534400
569589079710380032
569597666025345024
569598072923123712
569604208661409792
569604330229092352
569609621834301440
569621412325023744
569627574336421888
569630885450002432
569634891857600514
569638521817968641
569649508113625089
569654988877668354
569655339135725568
569657523944366080
569661662648610816
569666428388958209
569669059941261312
569686372124102656
569686401735745536
569716670689902592
569727223357427712
569730123210948608
569730182371635200
569748099616215040
569784114309693440
569784699117137920
569834720424361985
569843359029850112
567591480085463040
567739813114417152
567759012806029312
567759268724887552
567768552644423680
567790793197629440
567799412538494976
567854566122864640
567861727833894913
567864832235405313
567867311744380928
567871780188061696
567879304593408001
567887103465496576
567887646162161664
568008391773196288
568020431036420096
568054687993352192
568059376474439680
568064382627921920
568066878192508928
568083588308197376
568096711450566657
568110568097374208
568167900919382017
568188732806963201
568189029478481920
568191343769620480
568204705861652480
568220033299542016
568229659810209792
568253469129187328
568275733736353792
568425737092513792
568431120032915457
568435434964938752
568444091836604416
568492240273874944
568495808053702656
568498114300153856
568503120130658305
568542896539873281
568564675312545792
568570374335524865
568597262378655744
568611700674584576
568626423273017344
568629385105793024
568630879246901248
568631066736529409
568631249989988354
568635531900243968
568643981258723328
568645962425446401
568648390738706432
568654382620782592
568694278890901504
568760648135544832
568770125114929152
568793432900177920
568818998445522944
568836616166313984
568845012777111552
568867068331864064
568880082606911488
568880146284982272
568881291766034432
568883124517494784
568894101766012929
568911851674836992
568916213130096640
568930822952103938
568957001658724353
568976030947418112
568996536555851776
569039105775939584
569125711556042752
569153491983327232
569184788784918528
569188782492266496
569212860665978880
569223447005433856
569234280632754176
569278421743878144
569279670048452608
569282249717194754
569289254616076288
569297162795937792
569304100048912384
569312530620817408
569323555365752833
569353230007664640
569354882370572289
569393942296432640
569400869768302592
569419949007085568
569496017210462208
569514168576974848
569528351364292608
569578441508458496
569580180353609729
569586471570534400
569589079710380032
569597666025345024
569598072923123712
569604208661409792
569604330229092352
569609621834301440
569621412325023744
569627574336421888
569630885450002432
569634891857600514
569638521817968641
569649508113625089
569654988877668354
569655339135725568
569657523944366080
569661662648610816
569666428388958209
569669059941261312
569686372124102656
569686401735745536
569716670689902592
569727223357427712
569730123210948608
569730182371635200
569748099616215040
569784114309693440
569784699117137920
569834720424361985
569843359029850112
569863194929471488
569865190822572033
569868818975219712
569879818063507457
569900867324932096
569906807696551936
569935956880420864
569940462678749186
569946921265184768
569947283846004737
569951879825907713
569952317556043776
569962134328778752
569967305859293184
569982023667838979
569983373378252800
569984380061351936
569988785330479104
570008612426289153
570033341250056193
570038991527002112
570040251764183040
570046387825410048
570048528602374144
570057601976631296
570067181733580800
570081206412431360
570083397873373184
570088404156698625
570092184948645889
570092599316389888
570095696491241472
570107683027718144
570136977074491392
570173090774294528
570174964856266752
570175182012174336
570190092213465089
570209843199524864
570229133445242880
570252431113760768
570274417546113025
570275106724782080
570280378193330180
570285320085880832
570289532953874432
567591480085463040
567739813114417152
567759012806029312
567759268724887552
567768552644423680
567790793197629440
567799412538494976
567854566122864640
567861727833894913
567864832235405313
567867311744380928
567871780188061696
567879304593408001
567887103465496576
567887646162161664
568008391773196288
568020431036420096
568054687993352192
568059376474439680
568064382627921920
568066878192508928
568083588308197376
568096711450566657
568110568097374208
568167900919382017
568188732806963201
568189029478481920
568191343769620480
568204705861652480
568220033299542016
568229659810209792
568253469129187328
568275733736353792
568425737092513792
568431120032915457
568435434964938752
568444091836604416
568492240273874944
568495808053702656
568498114300153856
568503120130658305
568542896539873281
568564675312545792
568570374335524865
568597262378655744
568611700674584576
568626423273017344
568629385105793024
568630879246901248
568631066736529409
568631249989988354
568635531900243968
568643981258723328
568645962425446401
568648390738706432
568654382620782592
568694278890901504
568760648135544832
568770125114929152
568793432900177920
568818998445522944
568836616166313984
568845012777111552
568867068331864064
568880082606911488
568880146284982272
568881291766034432
568883124517494784
568894101766012929
568911851674836992
568916213130096640
568930822952103938
568957001658724353
568976030947418112
568996536555851776
569039105775939584
569125711556042752
569153491983327232
569184788784918528
569188782492266496
569212860665978880
569223447005433856
569234280632754176
569278421743878144
569279670048452608
569282249717194754
569289254616076288
569297162795937792
569304100048912384
569312530620817408
569323555365752833
569353230007664640
569354882370572289
569393942296432640
569400869768302592
569419949007085568
569496017210462208
569514168576974848
569528351364292608
569578441508458496
569580180353609729
569586471570534400
569589079710380032
569597666025345024
569598072923123712
569604208661409792
569604330229092352
569609621834301440
569621412325023744
569627574336421888
569630885450002432
569634891857600514
569638521817968641
569649508113625089
569654988877668354
569655339135725568
569657523944366080
569661662648610816
569666428388958209
569669059941261312
569686372124102656
569686401735745536
569716670689902592
569727223357427712
569730123210948608
569730182371635200
569748099616215040
569784114309693440
569784699117137920
569834720424361985
569843359029850112
569863194929471488
569865190822572033
569868818975219712
569879818063507457
569900867324932096
569906807696551936
569935956880420864
569940462678749186
569946921265184768
569947283846004737
569951879825907713
569952317556043776
569962134328778752
569967305859293184
569982023667838979
569983373378252800
569984380061351936
569988785330479104
570008612426289153
570033341250056193
570038991527002112
570040251764183040
570046387825410048
570048528602374144
570057601976631296
570067181733580800
570081206412431360
570083397873373184
570088404156698625
570092184948645889
570092599316389888
570095696491241472
570107683027718144
570136977074491392
570173090774294528
570174964856266752
570175182012174336
570190092213465089
570209843199524864
570229133445242880
570252431113760768
570274417546113025
570275106724782080
570280378193330180
570285320085880832
570289532953874432
567591480085463040
567739813114417152
567759012806029312
567759268724887552
567768552644423680
567790793197629440
567799412538494976
567854566122864640
567861727833894913
567864832235405313
567867311744380928
567871780188061696
567879304593408001
567887103465496576
567887646162161664
568008391773196288
568020431036420096
568054687993352192
568059376474439680
568064382627921920
568066878192508928
568083588308197376
568096711450566657
568110568097374208
568167900919382017
568188732806963201
568189029478481920
568191343769620480
568204705861652480
568220033299542016
568229659810209792
568253469129187328
568275733736353792
568425737092513792
568431120032915457
568435434964938752
568444091836604416
568492240273874944
568495808053702656
568498114300153856
568503120130658305
568542896539873281
568564675312545792
568570374335524865
568597262378655744
568611700674584576
568626423273017344
568629385105793024
568630879246901248
568631066736529409
568631249989988354
568635531900243968
568643981258723328
568645962425446401
568648390738706432
568654382620782592
568694278890901504
568760648135544832
568770125114929152
568793432900177920
568818998445522944
568836616166313984
568845012777111552
568867068331864064
568880082606911488
568880146284982272
568881291766034432
568883124517494784
568894101766012929
568911851674836992
568916213130096640
568930822952103938
568957001658724353
568976030947418112
568996536555851776
569039105775939584
569125711556042752
569153491983327232
569184788784918528
569188782492266496
569212860665978880
569223447005433856
569234280632754176
569278421743878144
569279670048452608
569282249717194754
569289254616076288
569297162795937792
569304100048912384
569312530620817408
569323555365752833
569353230007664640
569354882370572289
569393942296432640
569400869768302592
569419949007085568
569496017210462208
569514168576974848
569528351364292608
569578441508458496
569580180353609729
569586471570534400
569589079710380032
569597666025345024
569598072923123712
569604208661409792
569604330229092352
569609621834301440
569621412325023744
569627574336421888
569630885450002432
569634891857600514
569638521817968641
569649508113625089
569654988877668354
569655339135725568
569657523944366080
569661662648610816
569666428388958209
569669059941261312
569686372124102656
569686401735745536
569716670689902592
569727223357427712
569730123210948608
569730182371635200
569748099616215040
569784114309693440
569784699117137920
569834720424361985
569843359029850112
569863194929471488
569865190822572033
569868818975219712
569879818063507457
569900867324932096
569906807696551936
569935956880420864
569940462678749186
569946921265184768
569947283846004737
569951879825907713
569952317556043776
569962134328778752
569967305859293184
569982023667838979
569983373378252800
569984380061351936
569988785330479104
570008612426289153
570033341250056193
570038991527002112
570040251764183040
570046387825410048
570048528602374144
570057601976631296
570067181733580800
570081206412431360
570083397873373184
570088404156698625
570092184948645889
570092599316389888
570095696491241472
570107683027718144
570136977074491392
570173090774294528
570174964856266752
570175182012174336
570190092213465089
570209843199524864
570229133445242880
570252431113760768
570274417546113025
570275106724782080
570280378193330180
570285320085880832
570289532953874432
567591480085463040
567739813114417152
567759012806029312
567759268724887552
567768552644423680
567790793197629440
567799412538494976
567854566122864640
567861727833894913
567864832235405313
567867311744380928
567871780188061696
567879304593408001
567887103465496576
567887646162161664
568008391773196288
568020431036420096
568054687993352192
568059376474439680
568064382627921920
568066878192508928
568083588308197376
568096711450566657
568110568097374208
568167900919382017
568188732806963201
568189029478481920
568191343769620480
568204705861652480
568220033299542016
568229659810209792
568253469129187328
568275733736353792
568425737092513792
568431120032915457
568435434964938752
568444091836604416
568492240273874944
568495808053702656
568498114300153856
568503120130658305
568542896539873281
568564675312545792
568570374335524865
568597262378655744
568611700674584576
568626423273017344
568629385105793024
568630879246901248
568631066736529409
568631249989988354
568635531900243968
568643981258723328
568645962425446401
568648390738706432
568654382620782592
568694278890901504
568760648135544832
568770125114929152
568793432900177920
568818998445522944
568836616166313984
568845012777111552
568867068331864064
568880082606911488
568880146284982272
568881291766034432
568883124517494784
568894101766012929
568911851674836992
568916213130096640
568930822952103938
568957001658724353
568976030947418112
568996536555851776
569039105775939584
569125711556042752
569153491983327232
569184788784918528
569188782492266496
569212860665978880
569223447005433856
569234280632754176
569278421743878144
569279670048452608
569282249717194754
569289254616076288
569297162795937792
569304100048912384
569312530620817408
569323555365752833
569353230007664640
569354882370572289
569393942296432640
569400869768302592
569419949007085568
569496017210462208
569514168576974848
569528351364292608
569578441508458496
569580180353609729
569586471570534400
569589079710380032
569597666025345024
569598072923123712
569604208661409792
569604330229092352
569609621834301440
569621412325023744
569627574336421888
569630885450002432
569634891857600514
569638521817968641
569649508113625089
569654988877668354
569655339135725568
569657523944366080
569661662648610816
569666428388958209
569669059941261312
569686372124102656
569686401735745536
569716670689902592
569727223357427712
569730123210948608
569730182371635200
569748099616215040
569784114309693440
569784699117137920
569834720424361985
569843359029850112
569863194929471488
569865190822572033
569868818975219712
569879818063507457
569900867324932096
569906807696551936
569935956880420864
569940462678749186
569946921265184768
569947283846004737
569951879825907713
569952317556043776
569962134328778752
569967305859293184
569982023667838979
569983373378252800
569984380061351936
569988785330479104
570008612426289153
570033341250056193
570038991527002112
570040251764183040
570046387825410048
570048528602374144
570057601976631296
570067181733580800
570081206412431360
570083397873373184
570088404156698625
570092184948645889
570092599316389888
570095696491241472
570107683027718144
570136977074491392
570173090774294528
570174964856266752
570175182012174336
570190092213465089
570209843199524864
570229133445242880
570252431113760768
570274417546113025
570275106724782080
570280378193330180
570285320085880832
570289532953874432
567591480085463040
567739813114417152
567759012806029312
567759268724887552
567768552644423680
567790793197629440
567799412538494976
567854566122864640
567861727833894913
567864832235405313
567867311744380928
567871780188061696
567879304593408001
567887103465496576
567887646162161664
568008391773196288
568020431036420096
568054687993352192
568059376474439680
568064382627921920
568066878192508928
568083588308197376
568096711450566657
568110568097374208
568167900919382017
568188732806963201
568189029478481920
568191343769620480
568204705861652480
568220033299542016
568229659810209792
568253469129187328
568275733736353792
568425737092513792
568431120032915457
568435434964938752
568444091836604416
568492240273874944
568495808053702656
568498114300153856
568503120130658305
568542896539873281
568564675312545792
568570374335524865
568597262378655744
568611700674584576
568626423273017344
568629385105793024
568630879246901248
568631066736529409
568631249989988354
568635531900243968
568643981258723328
568645962425446401
568648390738706432
568654382620782592
568694278890901504
568760648135544832
568770125114929152
568793432900177920
568818998445522944
568836616166313984
568845012777111552
568867068331864064
568880082606911488
568880146284982272
568881291766034432
568883124517494784
568894101766012929
568911851674836992
568916213130096640
568930822952103938
568957001658724353
568976030947418112
568996536555851776
569039105775939584
569125711556042752
569153491983327232
569184788784918528
569188782492266496
569212860665978880
569223447005433856
569234280632754176
569278421743878144
569279670048452608
569282249717194754
569289254616076288
569297162795937792
569304100048912384
569312530620817408
569323555365752833
569353230007664640
569354882370572289
569393942296432640
569400869768302592
569419949007085568
569496017210462208
569514168576974848
569528351364292608
569578441508458496
569580180353609729
569586471570534400
569589079710380032
569597666025345024
569598072923123712
569604208661409792
569604330229092352
569609621834301440
569621412325023744
569627574336421888
569630885450002432
569634891857600514
569638521817968641
569649508113625089
569654988877668354
569655339135725568
569657523944366080
569661662648610816
569666428388958209
569669059941261312
569686372124102656
569686401735745536
569716670689902592
569727223357427712
569730123210948608
569730182371635200
569748099616215040
569784114309693440
569784699117137920
569834720424361985
569843359029850112
569863194929471488
569865190822572033
569868818975219712
569879818063507457
569900867324932096
569906807696551936
569935956880420864
569940462678749186
569946921265184768
569947283846004737
569951879825907713
569952317556043776
569962134328778752
569967305859293184
569982023667838979
569983373378252800
569984380061351936
569988785330479104
570008612426289153
570033341250056193
570038991527002112
570040251764183040
570046387825410048
570048528602374144
570057601976631296
570067181733580800
570081206412431360
570083397873373184
570088404156698625
570092184948645889
570092599316389888
570095696491241472
570107683027718144
570136977074491392
570173090774294528
570174964856266752
570175182012174336
570190092213465089
570209843199524864
570229133445242880
570252431113760768
570274417546113025
570275106724782080
570280378193330180
570285320085880832
570289532953874432
567591480085463040
567739813114417152
567759012806029312
567759268724887552
567768552644423680
567790793197629440
567799412538494976
567854566122864640
567861727833894913
567864832235405313
567867311744380928
567871780188061696
567879304593408001
567887103465496576
567887646162161664
568008391773196288
568020431036420096
568054687993352192
568059376474439680
568064382627921920
568066878192508928
568083588308197376
568096711450566657
568110568097374208
568167900919382017
568188732806963201
568189029478481920
568191343769620480
568204705861652480
568220033299542016
568229659810209792
568253469129187328
568275733736353792
568425737092513792
568431120032915457
568435434964938752
568444091836604416
568492240273874944
568495808053702656
568498114300153856
568503120130658305
568542896539873281
568564675312545792
568570374335524865
568597262378655744
568611700674584576
568626423273017344
568629385105793024
568630879246901248
568631066736529409
568631249989988354
568635531900243968
568643981258723328
568645962425446401
568648390738706432
568654382620782592
568694278890901504
568760648135544832
568770125114929152
568793432900177920
568818998445522944
568836616166313984
568845012777111552
568867068331864064
568880082606911488
568880146284982272
568881291766034432
568883124517494784
568894101766012929
568911851674836992
568916213130096640
568930822952103938
568957001658724353
568976030947418112
568996536555851776
569039105775939584
569125711556042752
569153491983327232
569184788784918528
569188782492266496
569212860665978880
569223447005433856
569234280632754176
569278421743878144
569279670048452608
569282249717194754
569289254616076288
569297162795937792
569304100048912384
569312530620817408
569323555365752833
569353230007664640
569354882370572289
569393942296432640
569400869768302592
569419949007085568
569496017210462208
569514168576974848
569528351364292608
569578441508458496
569580180353609729
569586471570534400
569589079710380032
569597666025345024
569598072923123712
569604208661409792
569604330229092352
569609621834301440
569621412325023744
569627574336421888
569630885450002432
569634891857600514
569638521817968641
569649508113625089
569654988877668354
569655339135725568
569657523944366080
569661662648610816
569666428388958209
569669059941261312
569686372124102656
569686401735745536
569716670689902592
569727223357427712
569730123210948608
569730182371635200
569748099616215040
569784114309693440
569784699117137920
569834720424361985
569843359029850112
569863194929471488
569865190822572033
569868818975219712
569879818063507457
569900867324932096
569906807696551936
569935956880420864
569940462678749186
569946921265184768
569947283846004737
569951879825907713
569952317556043776
569962134328778752
569967305859293184
569982023667838979
569983373378252800
569984380061351936
569988785330479104
570008612426289153
570033341250056193
570038991527002112
570040251764183040
570046387825410048
570048528602374144
570057601976631296
570067181733580800
570081206412431360
570083397873373184
570088404156698625
570092184948645889
570092599316389888
570095696491241472
570107683027718144
570136977074491392
570173090774294528
570174964856266752
570175182012174336
570190092213465089
570209843199524864
570229133445242880
570252431113760768
570274417546113025
570275106724782080
570280378193330180
570285320085880832
570289532953874432
