567790272265887744
568045665185452032
568105722413649920
568538553862340608
568787022472740864
568911099740839936
568920607347384321
569183099495383040
569734069988286464
567790272265887744
568045665185452032
568105722413649920
568538553862340608
568787022472740864
568911099740839936
568920607347384321
569183099495383040
569734069988286464
567790272265887744
568045665185452032
568105722413649920
568538553862340608
568787022472740864
568911099740839936
568920607347384321
569183099495383040
569734069988286464
569873993311916032
569912710848057344
567790272265887744
568045665185452032
568105722413649920
568538553862340608
568787022472740864
568911099740839936
568920607347384321
569183099495383040
569734069988286464
569873993311916032
569912710848057344
567790272265887744
568045665185452032
568105722413649920
568538553862340608
568787022472740864
568911099740839936
568920607347384321
569183099495383040
569734069988286464
569873993311916032
569912710848057344
567790272265887744
568045665185452032
568105722413649920
568538553862340608
568787022472740864
568911099740839936
568920607347384321
569183099495383040
569734069988286464
569873993311916032
569912710848057344
567790272265887744
568045665185452032
568105722413649920
568538553862340608
568787022472740864
568911099740839936
568920607347384321
569183099495383040
569734069988286464
569873993311916032
569912710848057344
567790272265887744
568045665185452032
568105722413649920
568538553862340608
568787022472740864
568911099740839936
568920607347384321
569183099495383040
569734069988286464
569873993311916032
569912710848057344
