567858957546561536
567935142418780161
568877353478299648
569301745219850241
569310717393944577
569469169927720960
569512408420622336
569514063019053056
569659027073867777
569659230929555456
569664787946164224
569721039158173697
569753555181006848
567858957546561536
567935142418780161
568877353478299648
569301745219850241
569310717393944577
569469169927720960
569512408420622336
569514063019053056
569659027073867777
569659230929555456
569664787946164224
569721039158173697
569753555181006848
567858957546561536
567935142418780161
568877353478299648
569301745219850241
569310717393944577
569469169927720960
569512408420622336
569514063019053056
569659027073867777
569659230929555456
569664787946164224
569721039158173697
569753555181006848
569886516505407488
570188405541175297
