567822377473728513
568271522332192768
568273514970501120
568607646204465152
568640966866935808
569544122098446337
569648713980715010
569651226280751105
569656873315487746
569659956384788480
569664077049384961
569674565074481152
569674883099205632
569814010398273537
567822377473728513
568271522332192768
568273514970501120
568607646204465152
568640966866935808
569544122098446337
569648713980715010
569651226280751105
569656873315487746
569659956384788480
569664077049384961
569674565074481152
569674883099205632
569814010398273537
567822377473728513
568271522332192768
568273514970501120
568607646204465152
568640966866935808
569544122098446337
569648713980715010
569651226280751105
569656873315487746
569659956384788480
569664077049384961
569674565074481152
569674883099205632
569814010398273537
570063450174464000
