567735983370539008
568834884942336000
568835573982633984
568999888043638785
567735983370539008
568834884942336000
568835573982633984
568999888043638785
567735983370539008
568834884942336000
568835573982633984
568999888043638785
569884462051418112
569980269379358720
567735983370539008
568834884942336000
568835573982633984
568999888043638785
569884462051418112
569980269379358720
567735983370539008
568834884942336000
568835573982633984
568999888043638785
569884462051418112
569980269379358720
567735983370539008
568834884942336000
568835573982633984
568999888043638785
569884462051418112
569980269379358720
567735983370539008
568834884942336000
568835573982633984
568999888043638785
569884462051418112
569980269379358720
567735983370539008
568834884942336000
568835573982633984
568999888043638785
569884462051418112
569980269379358720
