567727490567639041
567728017196457987
567728357555437568
567738154128769028
567871168214106113
568157634999783424
568157857151102976
568158732930191360
568159714737049601
568160197367242752
568166479327313920
568416305101070336
568521376245501956
568521960088449025
568523834980057088
568524724256444416
568525820764897280
568528082841112576
568533876873633793
568540097639030784
568589571929350144
568796340714639360
568944928266412032
569116399039344640
569184255399620608
569305409925873664
569358956549681152
569461469042966528
569471837614137344
569655420962238465
569697728890056704
567727490567639041
567728017196457987
567728357555437568
567738154128769028
567871168214106113
568157634999783424
568157857151102976
568158732930191360
568159714737049601
568160197367242752
568166479327313920
568416305101070336
568521376245501956
568521960088449025
568523834980057088
568524724256444416
568525820764897280
568528082841112576
568533876873633793
568540097639030784
568589571929350144
568796340714639360
568944928266412032
569116399039344640
569184255399620608
569305409925873664
569358956549681152
569461469042966528
569471837614137344
569655420962238465
569697728890056704
567727490567639041
567728017196457987
567728357555437568
567738154128769028
567871168214106113
568157634999783424
568157857151102976
568158732930191360
568159714737049601
568160197367242752
568166479327313920
568416305101070336
568521376245501956
568521960088449025
568523834980057088
568524724256444416
568525820764897280
568528082841112576
568533876873633793
568540097639030784
568589571929350144
568796340714639360
568944928266412032
569116399039344640
569184255399620608
569305409925873664
569358956549681152
569461469042966528
569471837614137344
569655420962238465
569697728890056704
569925709025509376
569944919894327297
569945380198203392
569945451564277760
569946008840491008
569946477356818432
569947331241639936
569948686228295681
570047059878936576
570047651875594240
570047938401071105
570048915518533634
570049018820042752
570050603851710464
570070659130220544
570179466716176384
570249806540451843
570304873620746240
567727490567639041
567728017196457987
567728357555437568
567738154128769028
567871168214106113
568157634999783424
568157857151102976
568158732930191360
568159714737049601
568160197367242752
568166479327313920
568416305101070336
568521376245501956
568521960088449025
568523834980057088
568524724256444416
568525820764897280
568528082841112576
568533876873633793
568540097639030784
568589571929350144
568796340714639360
568944928266412032
569116399039344640
569184255399620608
569305409925873664
569358956549681152
569461469042966528
569471837614137344
569655420962238465
569697728890056704
569925709025509376
569944919894327297
569945380198203392
569945451564277760
569946008840491008
569946477356818432
569947331241639936
569948686228295681
570047059878936576
570047651875594240
570047938401071105
570048915518533634
570049018820042752
570050603851710464
570070659130220544
570179466716176384
570249806540451843
570304873620746240
567727490567639041
567728017196457987
567728357555437568
567738154128769028
567871168214106113
568157634999783424
568157857151102976
568158732930191360
568159714737049601
568160197367242752
568166479327313920
568416305101070336
568521376245501956
568521960088449025
568523834980057088
568524724256444416
568525820764897280
568528082841112576
568533876873633793
568540097639030784
568589571929350144
568796340714639360
568944928266412032
569116399039344640
569184255399620608
569305409925873664
569358956549681152
569461469042966528
569471837614137344
569655420962238465
569697728890056704
569925709025509376
569944919894327297
569945380198203392
569945451564277760
569946008840491008
569946477356818432
569947331241639936
569948686228295681
570047059878936576
570047651875594240
570047938401071105
570048915518533634
570049018820042752
570050603851710464
570070659130220544
570179466716176384
570249806540451843
570304873620746240
567727490567639041
567728017196457987
567728357555437568
567738154128769028
567871168214106113
568157634999783424
568157857151102976
568158732930191360
568159714737049601
568160197367242752
568166479327313920
568416305101070336
568521376245501956
568521960088449025
568523834980057088
568524724256444416
568525820764897280
568528082841112576
568533876873633793
568540097639030784
568589571929350144
568796340714639360
568944928266412032
569116399039344640
569184255399620608
569305409925873664
569358956549681152
569461469042966528
569471837614137344
569655420962238465
569697728890056704
569925709025509376
569944919894327297
569945380198203392
569945451564277760
569946008840491008
569946477356818432
569947331241639936
569948686228295681
570047059878936576
570047651875594240
570047938401071105
570048915518533634
570049018820042752
570050603851710464
570070659130220544
570179466716176384
570249806540451843
570304873620746240
567727490567639041
567728017196457987
567728357555437568
567738154128769028
567871168214106113
568157634999783424
568157857151102976
568158732930191360
568159714737049601
568160197367242752
568166479327313920
568416305101070336
568521376245501956
568521960088449025
568523834980057088
568524724256444416
568525820764897280
568528082841112576
568533876873633793
568540097639030784
568589571929350144
568796340714639360
568944928266412032
569116399039344640
569184255399620608
569305409925873664
569358956549681152
569461469042966528
569471837614137344
569655420962238465
569697728890056704
569925709025509376
569944919894327297
569945380198203392
569945451564277760
569946008840491008
569946477356818432
569947331241639936
569948686228295681
570047059878936576
570047651875594240
570047938401071105
570048915518533634
570049018820042752
570050603851710464
570070659130220544
570179466716176384
570249806540451843
570304873620746240
567727490567639041
567728017196457987
567728357555437568
567738154128769028
567871168214106113
568157634999783424
568157857151102976
568158732930191360
568159714737049601
568160197367242752
568166479327313920
568416305101070336
568521376245501956
568521960088449025
568523834980057088
568524724256444416
568525820764897280
568528082841112576
568533876873633793
568540097639030784
568589571929350144
568796340714639360
568944928266412032
569116399039344640
569184255399620608
569305409925873664
569358956549681152
569461469042966528
569471837614137344
569655420962238465
569697728890056704
569925709025509376
569944919894327297
569945380198203392
569945451564277760
569946008840491008
569946477356818432
569947331241639936
569948686228295681
570047059878936576
570047651875594240
570047938401071105
570048915518533634
570049018820042752
570050603851710464
570070659130220544
570179466716176384
570249806540451843
570304873620746240
