567594449874587648
567686758708817921
567738375755415552
567756556536909825
567823045215313920
567865703765798912
567899634833690624
567969159927205888
568031723004555264
568064842466250752
568081281910587392
568104264733573122
568107310117212161
568138258108051457
568144589162287105
568214541852495872
568228746697814016
568563494313857025
568588931379253248
568702964623216643
568773776638406656
568775265406611456
568781555784507392
568905087608881152
568913819881205761
568957558444175360
568965774649520128
568998609590419456
569003577613512704
569229056362876928
569258100324048900
569294070129930240
569361898581467136
569461666695524352
569488002361249792
569525684864983041
569535236884664320
569589028590391298
569622656770646016
569627480425766912
569655603783708673
569657781835460608
569664787946164224
569672095753502720
569685186495057920
569710876682366977
569738245237395456
569802676914909184
567594449874587648
567686758708817921
567738375755415552
567756556536909825
567823045215313920
567865703765798912
567899634833690624
567969159927205888
568031723004555264
568064842466250752
568081281910587392
568104264733573122
568107310117212161
568138258108051457
568144589162287105
568214541852495872
568228746697814016
568563494313857025
568588931379253248
568702964623216643
568773776638406656
568775265406611456
568781555784507392
568905087608881152
568913819881205761
568957558444175360
568965774649520128
568998609590419456
569003577613512704
569229056362876928
569258100324048900
569294070129930240
569361898581467136
569461666695524352
569488002361249792
569525684864983041
569535236884664320
569589028590391298
569622656770646016
569627480425766912
569655603783708673
569657781835460608
569664787946164224
569672095753502720
569685186495057920
569710876682366977
569738245237395456
569802676914909184
569834720424361985
567594449874587648
567686758708817921
567738375755415552
567756556536909825
567823045215313920
567865703765798912
567899634833690624
567969159927205888
568031723004555264
568064842466250752
568081281910587392
568104264733573122
568107310117212161
568138258108051457
568144589162287105
568214541852495872
568228746697814016
568563494313857025
568588931379253248
568702964623216643
568773776638406656
568775265406611456
568781555784507392
568905087608881152
568913819881205761
568957558444175360
568965774649520128
568998609590419456
569003577613512704
569229056362876928
569258100324048900
569294070129930240
569361898581467136
569461666695524352
569488002361249792
569525684864983041
569535236884664320
569589028590391298
569622656770646016
569627480425766912
569655603783708673
569657781835460608
569664787946164224
569672095753502720
569685186495057920
569710876682366977
569738245237395456
569802676914909184
569834720424361985
569860677650636801
569884943217762304
569885185170223105
569894640675102722
569937108095205376
569970775517741056
570101371409559552
570252231624265729
570272778840104960
570283712409051136
570287747643998208
567594449874587648
567686758708817921
567738375755415552
567756556536909825
567823045215313920
567865703765798912
567899634833690624
567969159927205888
568031723004555264
568064842466250752
568081281910587392
568104264733573122
568107310117212161
568138258108051457
568144589162287105
568214541852495872
568228746697814016
568563494313857025
568588931379253248
568702964623216643
568773776638406656
568775265406611456
568781555784507392
568905087608881152
568913819881205761
568957558444175360
568965774649520128
568998609590419456
569003577613512704
569229056362876928
569258100324048900
569294070129930240
569361898581467136
569461666695524352
569488002361249792
569525684864983041
569535236884664320
569589028590391298
569622656770646016
569627480425766912
569655603783708673
569657781835460608
569664787946164224
569672095753502720
569685186495057920
569710876682366977
569738245237395456
569802676914909184
569834720424361985
569860677650636801
569884943217762304
569885185170223105
569894640675102722
569937108095205376
569970775517741056
570101371409559552
570252231624265729
570272778840104960
570283712409051136
570287747643998208
567594449874587648
567686758708817921
567738375755415552
567756556536909825
567823045215313920
567865703765798912
567899634833690624
567969159927205888
568031723004555264
568064842466250752
568081281910587392
568104264733573122
568107310117212161
568138258108051457
568144589162287105
568214541852495872
568228746697814016
568563494313857025
568588931379253248
568702964623216643
568773776638406656
568775265406611456
568781555784507392
568905087608881152
568913819881205761
568957558444175360
568965774649520128
568998609590419456
569003577613512704
569229056362876928
569258100324048900
569294070129930240
569361898581467136
569461666695524352
569488002361249792
569525684864983041
569535236884664320
569589028590391298
569622656770646016
569627480425766912
569655603783708673
569657781835460608
569664787946164224
569672095753502720
569685186495057920
569710876682366977
569738245237395456
569802676914909184
569834720424361985
569860677650636801
569884943217762304
569885185170223105
569894640675102722
569937108095205376
569970775517741056
570101371409559552
570252231624265729
570272778840104960
570283712409051136
570287747643998208
567594449874587648
567686758708817921
567738375755415552
567756556536909825
567823045215313920
567865703765798912
567899634833690624
567969159927205888
568031723004555264
568064842466250752
568081281910587392
568104264733573122
568107310117212161
568138258108051457
568144589162287105
568214541852495872
568228746697814016
568563494313857025
568588931379253248
568702964623216643
568773776638406656
568775265406611456
568781555784507392
568905087608881152
568913819881205761
568957558444175360
568965774649520128
568998609590419456
569003577613512704
569229056362876928
569258100324048900
569294070129930240
569361898581467136
569461666695524352
569488002361249792
569525684864983041
569535236884664320
569589028590391298
569622656770646016
569627480425766912
569655603783708673
569657781835460608
569664787946164224
569672095753502720
569685186495057920
569710876682366977
569738245237395456
569802676914909184
569834720424361985
569860677650636801
569884943217762304
569885185170223105
569894640675102722
569937108095205376
569970775517741056
570101371409559552
570252231624265729
570272778840104960
570283712409051136
570287747643998208
567594449874587648
567686758708817921
567738375755415552
567756556536909825
567823045215313920
567865703765798912
567899634833690624
567969159927205888
568031723004555264
568064842466250752
568081281910587392
568104264733573122
568107310117212161
568138258108051457
568144589162287105
568214541852495872
568228746697814016
568563494313857025
568588931379253248
568702964623216643
568773776638406656
568775265406611456
568781555784507392
568905087608881152
568913819881205761
568957558444175360
568965774649520128
568998609590419456
569003577613512704
569229056362876928
569258100324048900
569294070129930240
569361898581467136
569461666695524352
569488002361249792
569525684864983041
569535236884664320
569589028590391298
569622656770646016
569627480425766912
569655603783708673
569657781835460608
569664787946164224
569672095753502720
569685186495057920
569710876682366977
569738245237395456
569802676914909184
569834720424361985
569860677650636801
569884943217762304
569885185170223105
569894640675102722
569937108095205376
569970775517741056
570101371409559552
570252231624265729
570272778840104960
570283712409051136
570287747643998208
567594449874587648
567686758708817921
567738375755415552
567756556536909825
567823045215313920
567865703765798912
567899634833690624
567969159927205888
568031723004555264
568064842466250752
568081281910587392
568104264733573122
568107310117212161
568138258108051457
568144589162287105
568214541852495872
568228746697814016
568563494313857025
568588931379253248
568702964623216643
568773776638406656
568775265406611456
568781555784507392
568905087608881152
568913819881205761
568957558444175360
568965774649520128
568998609590419456
569003577613512704
569229056362876928
569258100324048900
569294070129930240
569361898581467136
569461666695524352
569488002361249792
569525684864983041
569535236884664320
569589028590391298
569622656770646016
569627480425766912
569655603783708673
569657781835460608
569664787946164224
569672095753502720
569685186495057920
569710876682366977
569738245237395456
569802676914909184
569834720424361985
569860677650636801
569884943217762304
569885185170223105
569894640675102722
569937108095205376
569970775517741056
570101371409559552
570252231624265729
570272778840104960
570283712409051136
570287747643998208
