567594449874587648
567727403964055552
567742578561650688
567775613348376577
567782346833686528
567792185832394752
567811428779868160
567813046811525120
567815252881977344
567833916196843520
567856598762156032
567869273109958656
567928302725263360
567947508208377858
568067535599505408
568067938843893761
568074028990259200
568092489011236864
568111588546375680
568111819325366273
568172001300340736
568192942088843264
568206538147364864
568271522332192768
568273514970501120
568352803892150273
568431007654924288
568432638823772160
568438257454682112
568450262706167808
568450413365571584
568452051740413952
568457681855340544
568460351873937408
568471651114811393
568478666868588545
568479399273758721
568480654347935745
568482785389899776
568484039499378690
568485564112117760
568494692117155841
568502021390786561
568538790244909056
568553014786547712
568587181264146432
568625014037045248
568639207846989824
568639679496454144
568644260129419264
568649837610037248
568651726858747904
568652355346022400
568695647202717696
568761425029668864
568823897967034368
568828112626012160
568873474392854530
568897757991186432
568897992712802304
568900770860392448
568901823215448064
568902405909143552
568915741551886336
568922057552977920
568924206152306688
568925459540344833
568934749571387392
568937402837786625
568941851228528642
568945958970531840
568951462413209601
568976030947418112
568977492410703872
569006176186183680
569009996668624896
569160924960919552
569176777056079874
569204272795004928
569209566715469824
569212570478911489
569253311813185537
569261128532041728
569261347688607744
569264118219214848
569268155383717889
569287433008754688
569312688272052224
569314643627413504
569541127340040192
569543665221136384
569587705937600512
569592981742878721
569596357381644289
569598852912668672
569601094239825920
569601363799359488
569606281998299137
569608328998887424
569609590171676675
569611721054162945
569613537158373376
569614651400585216
569616490380439552
569616974256472064
569617332907212800
569618371148443649
569622857120137216
569629100114989056
569629822789365761
569630106940895233
569630229636853761
569631567032627200
569633282855301120
569639294152806400
569640998491578369
569641326536462336
569654709964836865
569659230929555456
569659367001186304
569666455114903552
569668144198848514
569671087820111872
569671659394699265
569677636613439488
569684282706259968
569692158287962112
569698461911683073
569711436781322241
569715908664430593
569718651709820930
569720084484083712
569738748885278720
569739044004823040
569743891714347009
569754108321607680
569767266075742208
569777607371128834
567594449874587648
567727403964055552
567742578561650688
567775613348376577
567782346833686528
567792185832394752
567811428779868160
567813046811525120
567815252881977344
567833916196843520
567856598762156032
567869273109958656
567928302725263360
567947508208377858
568067535599505408
568067938843893761
568074028990259200
568092489011236864
568111588546375680
568111819325366273
568172001300340736
568192942088843264
568206538147364864
568271522332192768
568273514970501120
568352803892150273
568431007654924288
568432638823772160
568438257454682112
568450262706167808
568450413365571584
568452051740413952
568457681855340544
568460351873937408
568471651114811393
568478666868588545
568479399273758721
568480654347935745
568482785389899776
568484039499378690
568485564112117760
568494692117155841
568502021390786561
568538790244909056
568553014786547712
568587181264146432
568625014037045248
568639207846989824
568639679496454144
568644260129419264
568649837610037248
568651726858747904
568652355346022400
568695647202717696
568761425029668864
568823897967034368
568828112626012160
568873474392854530
568897757991186432
568897992712802304
568900770860392448
568901823215448064
568902405909143552
568915741551886336
568922057552977920
568924206152306688
568925459540344833
568934749571387392
568937402837786625
568941851228528642
568945958970531840
568951462413209601
568976030947418112
568977492410703872
569006176186183680
569009996668624896
569160924960919552
569176777056079874
569204272795004928
569209566715469824
569212570478911489
569253311813185537
569261128532041728
569261347688607744
569264118219214848
569268155383717889
569287433008754688
569312688272052224
569314643627413504
569541127340040192
569543665221136384
569587705937600512
569592981742878721
569596357381644289
569598852912668672
569601094239825920
569601363799359488
569606281998299137
569608328998887424
569609590171676675
569611721054162945
569613537158373376
569614651400585216
569616490380439552
569616974256472064
569617332907212800
569618371148443649
569622857120137216
569629100114989056
569629822789365761
569630106940895233
569630229636853761
569631567032627200
569633282855301120
569639294152806400
569640998491578369
569641326536462336
569654709964836865
569659230929555456
569659367001186304
569666455114903552
569668144198848514
569671087820111872
569671659394699265
569677636613439488
569684282706259968
569692158287962112
569698461911683073
569711436781322241
569715908664430593
569718651709820930
569720084484083712
569738748885278720
569739044004823040
569743891714347009
569754108321607680
569767266075742208
569777607371128834
569821309137514496
569837569392967680
567594449874587648
567727403964055552
567742578561650688
567775613348376577
567782346833686528
567792185832394752
567811428779868160
567813046811525120
567815252881977344
567833916196843520
567856598762156032
567869273109958656
567928302725263360
567947508208377858
568067535599505408
568067938843893761
568074028990259200
568092489011236864
568111588546375680
568111819325366273
568172001300340736
568192942088843264
568206538147364864
568271522332192768
568273514970501120
568352803892150273
568431007654924288
568432638823772160
568438257454682112
568450262706167808
568450413365571584
568452051740413952
568457681855340544
568460351873937408
568471651114811393
568478666868588545
568479399273758721
568480654347935745
568482785389899776
568484039499378690
568485564112117760
568494692117155841
568502021390786561
568538790244909056
568553014786547712
568587181264146432
568625014037045248
568639207846989824
568639679496454144
568644260129419264
568649837610037248
568651726858747904
568652355346022400
568695647202717696
568761425029668864
568823897967034368
568828112626012160
568873474392854530
568897757991186432
568897992712802304
568900770860392448
568901823215448064
568902405909143552
568915741551886336
568922057552977920
568924206152306688
568925459540344833
568934749571387392
568937402837786625
568941851228528642
568945958970531840
568951462413209601
568976030947418112
568977492410703872
569006176186183680
569009996668624896
569160924960919552
569176777056079874
569204272795004928
569209566715469824
569212570478911489
569253311813185537
569261128532041728
569261347688607744
569264118219214848
569268155383717889
569287433008754688
569312688272052224
569314643627413504
569541127340040192
569543665221136384
569587705937600512
569592981742878721
569596357381644289
569598852912668672
569601094239825920
569601363799359488
569606281998299137
569608328998887424
569609590171676675
569611721054162945
569613537158373376
569614651400585216
569616490380439552
569616974256472064
569617332907212800
569618371148443649
569622857120137216
569629100114989056
569629822789365761
569630106940895233
569630229636853761
569631567032627200
569633282855301120
569639294152806400
569640998491578369
569641326536462336
569654709964836865
569659230929555456
569659367001186304
569666455114903552
569668144198848514
569671087820111872
569671659394699265
569677636613439488
569684282706259968
569692158287962112
569698461911683073
569711436781322241
569715908664430593
569718651709820930
569720084484083712
569738748885278720
569739044004823040
569743891714347009
569754108321607680
569767266075742208
569777607371128834
569821309137514496
569837569392967680
569864791323320320
569866310793826304
569868201720287232
569869892960133120
569873664612704256
569876015834484736
569878584967344128
569888119043915776
569891469210755074
569892141335334913
569898893262983169
569903268312125440
569909718765842432
569910981868060673
569918932116643841
569920824905306113
569922837353402368
569924116335108096
569925362471211008
569925680168726529
569933405506310144
569934460617039872
569938672935546880
569946362126602240
569946372901707776
569949891163615232
569961398890991617
569964162979221504
569968565513625600
569969374875881472
569973504390639616
569978312157589504
569989971156860928
569991184120193025
569992753649729536
569993908324663296
570001191796678656
570001825358860289
570002674747367424
570003111772692480
570004391731847169
570012257549070337
570016304284901379
570033593394667521
570035525761011713
570037369841135616
570039630973829120
570044700951838720
570048275367079937
570048804550004737
570050635703300096
570054549915873280
570057993770831872
570059381284302848
570061827100422144
570063826508320769
570068449646346240
570070485653786624
570076113453518848
570076827135246336
570078022201532419
570085165378068480
570199267668676609
570225101104226304
570251560871002112
570259420287868928
570264856223330304
570265689589592064
570284312697765888
570290220589027328
570295459631263746
570300248553349120
570302060035497984
570305264613765122
567594449874587648
567727403964055552
567742578561650688
567775613348376577
567782346833686528
567792185832394752
567811428779868160
567813046811525120
567815252881977344
567833916196843520
567856598762156032
567869273109958656
567928302725263360
567947508208377858
568067535599505408
568067938843893761
568074028990259200
568092489011236864
568111588546375680
568111819325366273
568172001300340736
568192942088843264
568206538147364864
568271522332192768
568273514970501120
568352803892150273
568431007654924288
568432638823772160
568438257454682112
568450262706167808
568450413365571584
568452051740413952
568457681855340544
568460351873937408
568471651114811393
568478666868588545
568479399273758721
568480654347935745
568482785389899776
568484039499378690
568485564112117760
568494692117155841
568502021390786561
568538790244909056
568553014786547712
568587181264146432
568625014037045248
568639207846989824
568639679496454144
568644260129419264
568649837610037248
568651726858747904
568652355346022400
568695647202717696
568761425029668864
568823897967034368
568828112626012160
568873474392854530
568897757991186432
568897992712802304
568900770860392448
568901823215448064
568902405909143552
568915741551886336
568922057552977920
568924206152306688
568925459540344833
568934749571387392
568937402837786625
568941851228528642
568945958970531840
568951462413209601
568976030947418112
568977492410703872
569006176186183680
569009996668624896
569160924960919552
569176777056079874
569204272795004928
569209566715469824
569212570478911489
569253311813185537
569261128532041728
569261347688607744
569264118219214848
569268155383717889
569287433008754688
569312688272052224
569314643627413504
569541127340040192
569543665221136384
569587705937600512
569592981742878721
569596357381644289
569598852912668672
569601094239825920
569601363799359488
569606281998299137
569608328998887424
569609590171676675
569611721054162945
569613537158373376
569614651400585216
569616490380439552
569616974256472064
569617332907212800
569618371148443649
569622857120137216
569629100114989056
569629822789365761
569630106940895233
569630229636853761
569631567032627200
569633282855301120
569639294152806400
569640998491578369
569641326536462336
569654709964836865
569659230929555456
569659367001186304
569666455114903552
569668144198848514
569671087820111872
569671659394699265
569677636613439488
569684282706259968
569692158287962112
569698461911683073
569711436781322241
569715908664430593
569718651709820930
569720084484083712
569738748885278720
569739044004823040
569743891714347009
569754108321607680
569767266075742208
569777607371128834
569821309137514496
569837569392967680
569864791323320320
569866310793826304
569868201720287232
569869892960133120
569873664612704256
569876015834484736
569878584967344128
569888119043915776
569891469210755074
569892141335334913
569898893262983169
569903268312125440
569909718765842432
569910981868060673
569918932116643841
569920824905306113
569922837353402368
569924116335108096
569925362471211008
569925680168726529
569933405506310144
569934460617039872
569938672935546880
569946362126602240
569946372901707776
569949891163615232
569961398890991617
569964162979221504
569968565513625600
569969374875881472
569973504390639616
569978312157589504
569989971156860928
569991184120193025
569992753649729536
569993908324663296
570001191796678656
570001825358860289
570002674747367424
570003111772692480
570004391731847169
570012257549070337
570016304284901379
570033593394667521
570035525761011713
570037369841135616
570039630973829120
570044700951838720
570048275367079937
570048804550004737
570050635703300096
570054549915873280
570057993770831872
570059381284302848
570061827100422144
570063826508320769
570068449646346240
570070485653786624
570076113453518848
570076827135246336
570078022201532419
570085165378068480
570199267668676609
570225101104226304
570251560871002112
570259420287868928
570264856223330304
570265689589592064
570284312697765888
570290220589027328
570295459631263746
570300248553349120
570302060035497984
570305264613765122
567594449874587648
567727403964055552
567742578561650688
567775613348376577
567782346833686528
567792185832394752
567811428779868160
567813046811525120
567815252881977344
567833916196843520
567856598762156032
567869273109958656
567928302725263360
567947508208377858
568067535599505408
568067938843893761
568074028990259200
568092489011236864
568111588546375680
568111819325366273
568172001300340736
568192942088843264
568206538147364864
568271522332192768
568273514970501120
568352803892150273
568431007654924288
568432638823772160
568438257454682112
568450262706167808
568450413365571584
568452051740413952
568457681855340544
568460351873937408
568471651114811393
568478666868588545
568479399273758721
568480654347935745
568482785389899776
568484039499378690
568485564112117760
568494692117155841
568502021390786561
568538790244909056
568553014786547712
568587181264146432
568625014037045248
568639207846989824
568639679496454144
568644260129419264
568649837610037248
568651726858747904
568652355346022400
568695647202717696
568761425029668864
568823897967034368
568828112626012160
568873474392854530
568897757991186432
568897992712802304
568900770860392448
568901823215448064
568902405909143552
568915741551886336
568922057552977920
568924206152306688
568925459540344833
568934749571387392
568937402837786625
568941851228528642
568945958970531840
568951462413209601
568976030947418112
568977492410703872
569006176186183680
569009996668624896
569160924960919552
569176777056079874
569204272795004928
569209566715469824
569212570478911489
569253311813185537
569261128532041728
569261347688607744
569264118219214848
569268155383717889
569287433008754688
569312688272052224
569314643627413504
569541127340040192
569543665221136384
569587705937600512
569592981742878721
569596357381644289
569598852912668672
569601094239825920
569601363799359488
569606281998299137
569608328998887424
569609590171676675
569611721054162945
569613537158373376
569614651400585216
569616490380439552
569616974256472064
569617332907212800
569618371148443649
569622857120137216
569629100114989056
569629822789365761
569630106940895233
569630229636853761
569631567032627200
569633282855301120
569639294152806400
569640998491578369
569641326536462336
569654709964836865
569659230929555456
569659367001186304
569666455114903552
569668144198848514
569671087820111872
569671659394699265
569677636613439488
569684282706259968
569692158287962112
569698461911683073
569711436781322241
569715908664430593
569718651709820930
569720084484083712
569738748885278720
569739044004823040
569743891714347009
569754108321607680
569767266075742208
569777607371128834
569821309137514496
569837569392967680
569864791323320320
569866310793826304
569868201720287232
569869892960133120
569873664612704256
569876015834484736
569878584967344128
569888119043915776
569891469210755074
569892141335334913
569898893262983169
569903268312125440
569909718765842432
569910981868060673
569918932116643841
569920824905306113
569922837353402368
569924116335108096
569925362471211008
569925680168726529
569933405506310144
569934460617039872
569938672935546880
569946362126602240
569946372901707776
569949891163615232
569961398890991617
569964162979221504
569968565513625600
569969374875881472
569973504390639616
569978312157589504
569989971156860928
569991184120193025
569992753649729536
569993908324663296
570001191796678656
570001825358860289
570002674747367424
570003111772692480
570004391731847169
570012257549070337
570016304284901379
570033593394667521
570035525761011713
570037369841135616
570039630973829120
570044700951838720
570048275367079937
570048804550004737
570050635703300096
570054549915873280
570057993770831872
570059381284302848
570061827100422144
570063826508320769
570068449646346240
570070485653786624
570076113453518848
570076827135246336
570078022201532419
570085165378068480
570199267668676609
570225101104226304
570251560871002112
570259420287868928
570264856223330304
570265689589592064
570284312697765888
570290220589027328
570295459631263746
570300248553349120
570302060035497984
570305264613765122
567594449874587648
567727403964055552
567742578561650688
567775613348376577
567782346833686528
567792185832394752
567811428779868160
567813046811525120
567815252881977344
567833916196843520
567856598762156032
567869273109958656
567928302725263360
567947508208377858
568067535599505408
568067938843893761
568074028990259200
568092489011236864
568111588546375680
568111819325366273
568172001300340736
568192942088843264
568206538147364864
568271522332192768
568273514970501120
568352803892150273
568431007654924288
568432638823772160
568438257454682112
568450262706167808
568450413365571584
568452051740413952
568457681855340544
568460351873937408
568471651114811393
568478666868588545
568479399273758721
568480654347935745
568482785389899776
568484039499378690
568485564112117760
568494692117155841
568502021390786561
568538790244909056
568553014786547712
568587181264146432
568625014037045248
568639207846989824
568639679496454144
568644260129419264
568649837610037248
568651726858747904
568652355346022400
568695647202717696
568761425029668864
568823897967034368
568828112626012160
568873474392854530
568897757991186432
568897992712802304
568900770860392448
568901823215448064
568902405909143552
568915741551886336
568922057552977920
568924206152306688
568925459540344833
568934749571387392
568937402837786625
568941851228528642
568945958970531840
568951462413209601
568976030947418112
568977492410703872
569006176186183680
569009996668624896
569160924960919552
569176777056079874
569204272795004928
569209566715469824
569212570478911489
569253311813185537
569261128532041728
569261347688607744
569264118219214848
569268155383717889
569287433008754688
569312688272052224
569314643627413504
569541127340040192
569543665221136384
569587705937600512
569592981742878721
569596357381644289
569598852912668672
569601094239825920
569601363799359488
569606281998299137
569608328998887424
569609590171676675
569611721054162945
569613537158373376
569614651400585216
569616490380439552
569616974256472064
569617332907212800
569618371148443649
569622857120137216
569629100114989056
569629822789365761
569630106940895233
569630229636853761
569631567032627200
569633282855301120
569639294152806400
569640998491578369
569641326536462336
569654709964836865
569659230929555456
569659367001186304
569666455114903552
569668144198848514
569671087820111872
569671659394699265
569677636613439488
569684282706259968
569692158287962112
569698461911683073
569711436781322241
569715908664430593
569718651709820930
569720084484083712
569738748885278720
569739044004823040
569743891714347009
569754108321607680
569767266075742208
569777607371128834
569821309137514496
569837569392967680
569864791323320320
569866310793826304
569868201720287232
569869892960133120
569873664612704256
569876015834484736
569878584967344128
569888119043915776
569891469210755074
569892141335334913
569898893262983169
569903268312125440
569909718765842432
569910981868060673
569918932116643841
569920824905306113
569922837353402368
569924116335108096
569925362471211008
569925680168726529
569933405506310144
569934460617039872
569938672935546880
569946362126602240
569946372901707776
569949891163615232
569961398890991617
569964162979221504
569968565513625600
569969374875881472
569973504390639616
569978312157589504
569989971156860928
569991184120193025
569992753649729536
569993908324663296
570001191796678656
570001825358860289
570002674747367424
570003111772692480
570004391731847169
570012257549070337
570016304284901379
570033593394667521
570035525761011713
570037369841135616
570039630973829120
570044700951838720
570048275367079937
570048804550004737
570050635703300096
570054549915873280
570057993770831872
570059381284302848
570061827100422144
570063826508320769
570068449646346240
570070485653786624
570076113453518848
570076827135246336
570078022201532419
570085165378068480
570199267668676609
570225101104226304
570251560871002112
570259420287868928
570264856223330304
570265689589592064
570284312697765888
570290220589027328
570295459631263746
570300248553349120
570302060035497984
570305264613765122
567594449874587648
567727403964055552
567742578561650688
567775613348376577
567782346833686528
567792185832394752
567811428779868160
567813046811525120
567815252881977344
567833916196843520
567856598762156032
567869273109958656
567928302725263360
567947508208377858
568067535599505408
568067938843893761
568074028990259200
568092489011236864
568111588546375680
568111819325366273
568172001300340736
568192942088843264
568206538147364864
568271522332192768
568273514970501120
568352803892150273
568431007654924288
568432638823772160
568438257454682112
568450262706167808
568450413365571584
568452051740413952
568457681855340544
568460351873937408
568471651114811393
568478666868588545
568479399273758721
568480654347935745
568482785389899776
568484039499378690
568485564112117760
568494692117155841
568502021390786561
568538790244909056
568553014786547712
568587181264146432
568625014037045248
568639207846989824
568639679496454144
568644260129419264
568649837610037248
568651726858747904
568652355346022400
568695647202717696
568761425029668864
568823897967034368
568828112626012160
568873474392854530
568897757991186432
568897992712802304
568900770860392448
568901823215448064
568902405909143552
568915741551886336
568922057552977920
568924206152306688
568925459540344833
568934749571387392
568937402837786625
568941851228528642
568945958970531840
568951462413209601
568976030947418112
568977492410703872
569006176186183680
569009996668624896
569160924960919552
569176777056079874
569204272795004928
569209566715469824
569212570478911489
569253311813185537
569261128532041728
569261347688607744
569264118219214848
569268155383717889
569287433008754688
569312688272052224
569314643627413504
569541127340040192
569543665221136384
569587705937600512
569592981742878721
569596357381644289
569598852912668672
569601094239825920
569601363799359488
569606281998299137
569608328998887424
569609590171676675
569611721054162945
569613537158373376
569614651400585216
569616490380439552
569616974256472064
569617332907212800
569618371148443649
569622857120137216
569629100114989056
569629822789365761
569630106940895233
569630229636853761
569631567032627200
569633282855301120
569639294152806400
569640998491578369
569641326536462336
569654709964836865
569659230929555456
569659367001186304
569666455114903552
569668144198848514
569671087820111872
569671659394699265
569677636613439488
569684282706259968
569692158287962112
569698461911683073
569711436781322241
569715908664430593
569718651709820930
569720084484083712
569738748885278720
569739044004823040
569743891714347009
569754108321607680
569767266075742208
569777607371128834
569821309137514496
569837569392967680
569864791323320320
569866310793826304
569868201720287232
569869892960133120
569873664612704256
569876015834484736
569878584967344128
569888119043915776
569891469210755074
569892141335334913
569898893262983169
569903268312125440
569909718765842432
569910981868060673
569918932116643841
569920824905306113
569922837353402368
569924116335108096
569925362471211008
569925680168726529
569933405506310144
569934460617039872
569938672935546880
569946362126602240
569946372901707776
569949891163615232
569961398890991617
569964162979221504
569968565513625600
569969374875881472
569973504390639616
569978312157589504
569989971156860928
569991184120193025
569992753649729536
569993908324663296
570001191796678656
570001825358860289
570002674747367424
570003111772692480
570004391731847169
570012257549070337
570016304284901379
570033593394667521
570035525761011713
570037369841135616
570039630973829120
570044700951838720
570048275367079937
570048804550004737
570050635703300096
570054549915873280
570057993770831872
570059381284302848
570061827100422144
570063826508320769
570068449646346240
570070485653786624
570076113453518848
570076827135246336
570078022201532419
570085165378068480
570199267668676609
570225101104226304
570251560871002112
570259420287868928
570264856223330304
570265689589592064
570284312697765888
570290220589027328
570295459631263746
570300248553349120
570302060035497984
570305264613765122
567594449874587648
567727403964055552
567742578561650688
567775613348376577
567782346833686528
567792185832394752
567811428779868160
567813046811525120
567815252881977344
567833916196843520
567856598762156032
567869273109958656
567928302725263360
567947508208377858
568067535599505408
568067938843893761
568074028990259200
568092489011236864
568111588546375680
568111819325366273
568172001300340736
568192942088843264
568206538147364864
568271522332192768
568273514970501120
568352803892150273
568431007654924288
568432638823772160
568438257454682112
568450262706167808
568450413365571584
568452051740413952
568457681855340544
568460351873937408
568471651114811393
568478666868588545
568479399273758721
568480654347935745
568482785389899776
568484039499378690
568485564112117760
568494692117155841
568502021390786561
568538790244909056
568553014786547712
568587181264146432
568625014037045248
568639207846989824
568639679496454144
568644260129419264
568649837610037248
568651726858747904
568652355346022400
568695647202717696
568761425029668864
568823897967034368
568828112626012160
568873474392854530
568897757991186432
568897992712802304
568900770860392448
568901823215448064
568902405909143552
568915741551886336
568922057552977920
568924206152306688
568925459540344833
568934749571387392
568937402837786625
568941851228528642
568945958970531840
568951462413209601
568976030947418112
568977492410703872
569006176186183680
569009996668624896
569160924960919552
569176777056079874
569204272795004928
569209566715469824
569212570478911489
569253311813185537
569261128532041728
569261347688607744
569264118219214848
569268155383717889
569287433008754688
569312688272052224
569314643627413504
569541127340040192
569543665221136384
569587705937600512
569592981742878721
569596357381644289
569598852912668672
569601094239825920
569601363799359488
569606281998299137
569608328998887424
569609590171676675
569611721054162945
569613537158373376
569614651400585216
569616490380439552
569616974256472064
569617332907212800
569618371148443649
569622857120137216
569629100114989056
569629822789365761
569630106940895233
569630229636853761
569631567032627200
569633282855301120
569639294152806400
569640998491578369
569641326536462336
569654709964836865
569659230929555456
569659367001186304
569666455114903552
569668144198848514
569671087820111872
569671659394699265
569677636613439488
569684282706259968
569692158287962112
569698461911683073
569711436781322241
569715908664430593
569718651709820930
569720084484083712
569738748885278720
569739044004823040
569743891714347009
569754108321607680
569767266075742208
569777607371128834
569821309137514496
569837569392967680
569864791323320320
569866310793826304
569868201720287232
569869892960133120
569873664612704256
569876015834484736
569878584967344128
569888119043915776
569891469210755074
569892141335334913
569898893262983169
569903268312125440
569909718765842432
569910981868060673
569918932116643841
569920824905306113
569922837353402368
569924116335108096
569925362471211008
569925680168726529
569933405506310144
569934460617039872
569938672935546880
569946362126602240
569946372901707776
569949891163615232
569961398890991617
569964162979221504
569968565513625600
569969374875881472
569973504390639616
569978312157589504
569989971156860928
569991184120193025
569992753649729536
569993908324663296
570001191796678656
570001825358860289
570002674747367424
570003111772692480
570004391731847169
570012257549070337
570016304284901379
570033593394667521
570035525761011713
570037369841135616
570039630973829120
570044700951838720
570048275367079937
570048804550004737
570050635703300096
570054549915873280
570057993770831872
570059381284302848
570061827100422144
570063826508320769
570068449646346240
570070485653786624
570076113453518848
570076827135246336
570078022201532419
570085165378068480
570199267668676609
570225101104226304
570251560871002112
570259420287868928
570264856223330304
570265689589592064
570284312697765888
570290220589027328
570295459631263746
570300248553349120
570302060035497984
570305264613765122
