568562631616942080
568593365601820672
568806237804109825
568815310016548865
568815514702770176
568815660815519744
568828240204333056
568828543423123456
569100490027499520
569126026938335232
569194554290774016
569592177312923650
569592778872606720
569615444300185600
568562631616942080
568593365601820672
568806237804109825
568815310016548865
568815514702770176
568815660815519744
568828240204333056
568828543423123456
569100490027499520
569126026938335232
569194554290774016
569592177312923650
569592778872606720
569615444300185600
568562631616942080
568593365601820672
568806237804109825
568815310016548865
568815514702770176
568815660815519744
568828240204333056
568828543423123456
569100490027499520
569126026938335232
569194554290774016
569592177312923650
569592778872606720
569615444300185600
569846237865885697
569856081180160000
569865011788693504
569865190822572033
569865827274657792
569961511440879616
570068466717237249
570260984704700417
568562631616942080
568593365601820672
568806237804109825
568815310016548865
568815514702770176
568815660815519744
568828240204333056
568828543423123456
569100490027499520
569126026938335232
569194554290774016
569592177312923650
569592778872606720
569615444300185600
569846237865885697
569856081180160000
569865011788693504
569865190822572033
569865827274657792
569961511440879616
570068466717237249
570260984704700417
568562631616942080
568593365601820672
568806237804109825
568815310016548865
568815514702770176
568815660815519744
568828240204333056
568828543423123456
569100490027499520
569126026938335232
569194554290774016
569592177312923650
569592778872606720
569615444300185600
569846237865885697
569856081180160000
569865011788693504
569865190822572033
569865827274657792
569961511440879616
570068466717237249
570260984704700417
568562631616942080
568593365601820672
568806237804109825
568815310016548865
568815514702770176
568815660815519744
568828240204333056
568828543423123456
569100490027499520
569126026938335232
569194554290774016
569592177312923650
569592778872606720
569615444300185600
569846237865885697
569856081180160000
569865011788693504
569865190822572033
569865827274657792
569961511440879616
570068466717237249
570260984704700417
568562631616942080
568593365601820672
568806237804109825
568815310016548865
568815514702770176
568815660815519744
568828240204333056
568828543423123456
569100490027499520
569126026938335232
569194554290774016
569592177312923650
569592778872606720
569615444300185600
569846237865885697
569856081180160000
569865011788693504
569865190822572033
569865827274657792
569961511440879616
570068466717237249
570260984704700417
568562631616942080
568593365601820672
568806237804109825
568815310016548865
568815514702770176
568815660815519744
568828240204333056
568828543423123456
569100490027499520
569126026938335232
569194554290774016
569592177312923650
569592778872606720
569615444300185600
569846237865885697
569856081180160000
569865011788693504
569865190822572033
569865827274657792
569961511440879616
570068466717237249
570260984704700417
