567787449053872128
568244663154393088
568851396923146240
569709058636320768
567787449053872128
568244663154393088
568851396923146240
569709058636320768
567787449053872128
568244663154393088
568851396923146240
569709058636320768
569963701794516992
570065322369101824
567787449053872128
568244663154393088
568851396923146240
569709058636320768
569963701794516992
570065322369101824
567787449053872128
568244663154393088
568851396923146240
569709058636320768
569963701794516992
570065322369101824
567787449053872128
568244663154393088
568851396923146240
569709058636320768
569963701794516992
570065322369101824
567787449053872128
568244663154393088
568851396923146240
569709058636320768
569963701794516992
570065322369101824
567787449053872128
568244663154393088
568851396923146240
569709058636320768
569963701794516992
570065322369101824
