568161284249796608
568202482746335232
568161284249796608
568202482746335232
568161284249796608
568202482746335232
569947389383065600
570051731033235456
568161284249796608
568202482746335232
569947389383065600
570051731033235456
568161284249796608
568202482746335232
569947389383065600
570051731033235456
568161284249796608
568202482746335232
569947389383065600
570051731033235456
568161284249796608
568202482746335232
569947389383065600
570051731033235456
568161284249796608
568202482746335232
569947389383065600
570051731033235456
