567744571124482048
567886700275310592
568470266793340929
567744571124482048
567886700275310592
568470266793340929
567744571124482048
567886700275310592
568470266793340929
569990034444689408
570128126480674816
567744571124482048
567886700275310592
568470266793340929
569990034444689408
570128126480674816
567744571124482048
567886700275310592
568470266793340929
569990034444689408
570128126480674816
567744571124482048
567886700275310592
568470266793340929
569990034444689408
570128126480674816
567744571124482048
567886700275310592
568470266793340929
569990034444689408
570128126480674816
567744571124482048
567886700275310592
568470266793340929
569990034444689408
570128126480674816
