567814001212809216
567814121870348289
567841818357964800
567950122245623808
568056741885288448
568061166871846912
568063182230724608
568356849189150721
568372335012679680
568425272304934912
568448282239713280
568451244009742336
568602007583354880
568852204750135296
569260366221348864
569565359524716544
569633099174322177
569656858400694272
567814001212809216
567814121870348289
567841818357964800
567950122245623808
568056741885288448
568061166871846912
568063182230724608
568356849189150721
568372335012679680
568425272304934912
568448282239713280
568451244009742336
568602007583354880
568852204750135296
569260366221348864
569565359524716544
569633099174322177
569656858400694272
567814001212809216
567814121870348289
567841818357964800
567950122245623808
568056741885288448
568061166871846912
568063182230724608
568356849189150721
568372335012679680
568425272304934912
568448282239713280
568451244009742336
568602007583354880
568852204750135296
569260366221348864
569565359524716544
569633099174322177
569656858400694272
569846619996360704
570021225323298816
570192546367975424
570193307139239936
570247027117797376
570294205999939584
