567767009908109312
567812841081688064
567865044580638720
567870608152793088
568073698877554689
568474546275287040
568482893913333762
568606485716078592
568607755042484224
568677317590937600
568789565483454464
568806899275018241
568812829324775428
568826225621405696
568878979576410112
568884211739971584
568910880416464897
568932735181578240
569007629868998656
569188792541818880
569289995749494784
569374127187820545
569374561197789184
569459543236874240
569496828376322048
569529789100507136
569531010167250944
569531274991239168
569541879441858560
569567084721655808
569617556857851904
569631567032627200
569633643821441024
569636013443719169
569651548881465345
567767009908109312
567812841081688064
567865044580638720
567870608152793088
568073698877554689
568474546275287040
568482893913333762
568606485716078592
568607755042484224
568677317590937600
568789565483454464
568806899275018241
568812829324775428
568826225621405696
568878979576410112
568884211739971584
568910880416464897
568932735181578240
569007629868998656
569188792541818880
569289995749494784
569374127187820545
569374561197789184
569459543236874240
569496828376322048
569529789100507136
569531010167250944
569531274991239168
569541879441858560
569567084721655808
569617556857851904
569631567032627200
569633643821441024
569636013443719169
569651548881465345
567767009908109312
567812841081688064
567865044580638720
567870608152793088
568073698877554689
568474546275287040
568482893913333762
568606485716078592
568607755042484224
568677317590937600
568789565483454464
568806899275018241
568812829324775428
568826225621405696
568878979576410112
568884211739971584
568910880416464897
568932735181578240
569007629868998656
569188792541818880
569289995749494784
569374127187820545
569374561197789184
569459543236874240
569496828376322048
569529789100507136
569531010167250944
569531274991239168
569541879441858560
569567084721655808
569617556857851904
569631567032627200
569633643821441024
569636013443719169
569651548881465345
569851299916869633
569873091763032065
569915182329286656
569915529496027136
569922479734595586
569922853266694145
569935531213086721
569952984257294336
569967493487292416
569977492720779264
569985838689456128
570003343222964224
570048804550004737
570118668551458816
570191874151092225
570220267462529024
570222495145406465
570231192102019072
567767009908109312
567812841081688064
567865044580638720
567870608152793088
568073698877554689
568474546275287040
568482893913333762
568606485716078592
568607755042484224
568677317590937600
568789565483454464
568806899275018241
568812829324775428
568826225621405696
568878979576410112
568884211739971584
568910880416464897
568932735181578240
569007629868998656
569188792541818880
569289995749494784
569374127187820545
569374561197789184
569459543236874240
569496828376322048
569529789100507136
569531010167250944
569531274991239168
569541879441858560
569567084721655808
569617556857851904
569631567032627200
569633643821441024
569636013443719169
569651548881465345
569851299916869633
569873091763032065
569915182329286656
569915529496027136
569922479734595586
569922853266694145
569935531213086721
569952984257294336
569967493487292416
569977492720779264
569985838689456128
570003343222964224
570048804550004737
570118668551458816
570191874151092225
570220267462529024
570222495145406465
570231192102019072
567767009908109312
567812841081688064
567865044580638720
567870608152793088
568073698877554689
568474546275287040
568482893913333762
568606485716078592
568607755042484224
568677317590937600
568789565483454464
568806899275018241
568812829324775428
568826225621405696
568878979576410112
568884211739971584
568910880416464897
568932735181578240
569007629868998656
569188792541818880
569289995749494784
569374127187820545
569374561197789184
569459543236874240
569496828376322048
569529789100507136
569531010167250944
569531274991239168
569541879441858560
569567084721655808
569617556857851904
569631567032627200
569633643821441024
569636013443719169
569651548881465345
569851299916869633
569873091763032065
569915182329286656
569915529496027136
569922479734595586
569922853266694145
569935531213086721
569952984257294336
569967493487292416
569977492720779264
569985838689456128
570003343222964224
570048804550004737
570118668551458816
570191874151092225
570220267462529024
570222495145406465
570231192102019072
567767009908109312
567812841081688064
567865044580638720
567870608152793088
568073698877554689
568474546275287040
568482893913333762
568606485716078592
568607755042484224
568677317590937600
568789565483454464
568806899275018241
568812829324775428
568826225621405696
568878979576410112
568884211739971584
568910880416464897
568932735181578240
569007629868998656
569188792541818880
569289995749494784
569374127187820545
569374561197789184
569459543236874240
569496828376322048
569529789100507136
569531010167250944
569531274991239168
569541879441858560
569567084721655808
569617556857851904
569631567032627200
569633643821441024
569636013443719169
569651548881465345
569851299916869633
569873091763032065
569915182329286656
569915529496027136
569922479734595586
569922853266694145
569935531213086721
569952984257294336
569967493487292416
569977492720779264
569985838689456128
570003343222964224
570048804550004737
570118668551458816
570191874151092225
570220267462529024
570222495145406465
570231192102019072
567767009908109312
567812841081688064
567865044580638720
567870608152793088
568073698877554689
568474546275287040
568482893913333762
568606485716078592
568607755042484224
568677317590937600
568789565483454464
568806899275018241
568812829324775428
568826225621405696
568878979576410112
568884211739971584
568910880416464897
568932735181578240
569007629868998656
569188792541818880
569289995749494784
569374127187820545
569374561197789184
569459543236874240
569496828376322048
569529789100507136
569531010167250944
569531274991239168
569541879441858560
569567084721655808
569617556857851904
569631567032627200
569633643821441024
569636013443719169
569651548881465345
569851299916869633
569873091763032065
569915182329286656
569915529496027136
569922479734595586
569922853266694145
569935531213086721
569952984257294336
569967493487292416
569977492720779264
569985838689456128
570003343222964224
570048804550004737
570118668551458816
570191874151092225
570220267462529024
570222495145406465
570231192102019072
567767009908109312
567812841081688064
567865044580638720
567870608152793088
568073698877554689
568474546275287040
568482893913333762
568606485716078592
568607755042484224
568677317590937600
568789565483454464
568806899275018241
568812829324775428
568826225621405696
568878979576410112
568884211739971584
568910880416464897
568932735181578240
569007629868998656
569188792541818880
569289995749494784
569374127187820545
569374561197789184
569459543236874240
569496828376322048
569529789100507136
569531010167250944
569531274991239168
569541879441858560
569567084721655808
569617556857851904
569631567032627200
569633643821441024
569636013443719169
569651548881465345
569851299916869633
569873091763032065
569915182329286656
569915529496027136
569922479734595586
569922853266694145
569935531213086721
569952984257294336
569967493487292416
569977492720779264
569985838689456128
570003343222964224
570048804550004737
570118668551458816
570191874151092225
570220267462529024
570222495145406465
570231192102019072
