567767269120688128
568080730150076416
568183502161743873
568193698284118016
568427056221933568
569016588411789312
569606926234824704
569615004489494528
567767269120688128
568080730150076416
568183502161743873
568193698284118016
568427056221933568
569016588411789312
569606926234824704
569615004489494528
567767269120688128
568080730150076416
568183502161743873
568193698284118016
568427056221933568
569016588411789312
569606926234824704
569615004489494528
569846853350457344
569921757647212544
569938487920566272
569945018527428608
570192452486889473
570288799860846592
570303889754488832
