567727479633477632
568163426343784448
568495231877967872
568643357108531200
568644388001337344
568645379031347200
568649338005487618
568840724700995584
568852319762313216
568865011717705730
569277477652172800
569277813280415744
569604985110994945
567727479633477632
568163426343784448
568495231877967872
568643357108531200
568644388001337344
568645379031347200
568649338005487618
568840724700995584
568852319762313216
568865011717705730
569277477652172800
569277813280415744
569604985110994945
567727479633477632
568163426343784448
568495231877967872
568643357108531200
568644388001337344
568645379031347200
568649338005487618
568840724700995584
568852319762313216
568865011717705730
569277477652172800
569277813280415744
569604985110994945
569923761232850944
569950785859145728
569987608912142337
570056726793359360
570058565974675456
570059116066017280
570059462976917507
570066245195829249
570066554848743424
570066859330019329
570068045500194816
570102708734197760
