567758296417718272
567774320170119168
567775613348376577
567907430069329920
567919849088770048
567931567881875457
567971610801664000
568027403462651905
568029682626650112
568034012930936832
568064178478571520
568136946016522240
568150818572144640
568211739059326976
568279456780980226
568403649753448448
568409651466899457
568428971504889856
568434729684307970
568435290722975745
568527517910319104
568562728585064449
568573057184473089
568633802433507329
568643357108531200
568769786890424320
568778986567933952
568780675672907776
568788141236199424
568794248654426112
568875591308611584
568895842293309440
568905470502670336
568917936783491073
568940291530493952
568953095423705088
568971982554963969
569194348375613441
569202656486432768
569220243123544065
569249223897526272
569254216415481856
569258359670644736
569312734896136193
569317426975760384
569348775631675392
569362149400838144
569363263588339712
569460417954746368
569535962604310529
569538127016144896
569541336224927744
569542114234671104
569559370104639488
569572707299299328
569594402114392064
569608190410809344
569609396461936640
569611065820110848
569621238152368128
569625739231948800
569629537400696832
569639823734128640
569640141989552128
569660461601447936
569666042672369665
569666826352898048
569672501753724928
569679871707783168
569682149277900800
569683748901367808
569688201222160385
569698044175757312
569698788216049664
569707473973739520
569719964023853056
569726038932111360
567758296417718272
567774320170119168
567775613348376577
567907430069329920
567919849088770048
567931567881875457
567971610801664000
568027403462651905
568029682626650112
568034012930936832
568064178478571520
568136946016522240
568150818572144640
568211739059326976
568279456780980226
568403649753448448
568409651466899457
568428971504889856
568434729684307970
568435290722975745
568527517910319104
568562728585064449
568573057184473089
568633802433507329
568643357108531200
568769786890424320
568778986567933952
568780675672907776
568788141236199424
568794248654426112
568875591308611584
568895842293309440
568905470502670336
568917936783491073
568940291530493952
568953095423705088
568971982554963969
569194348375613441
569202656486432768
569220243123544065
569249223897526272
569254216415481856
569258359670644736
569312734896136193
569317426975760384
569348775631675392
569362149400838144
569363263588339712
569460417954746368
569535962604310529
569538127016144896
569541336224927744
569542114234671104
569559370104639488
569572707299299328
569594402114392064
569608190410809344
569609396461936640
569611065820110848
569621238152368128
569625739231948800
569629537400696832
569639823734128640
569640141989552128
569660461601447936
569666042672369665
569666826352898048
569672501753724928
569679871707783168
569682149277900800
569683748901367808
569688201222160385
569698044175757312
569698788216049664
569707473973739520
569719964023853056
569726038932111360
567758296417718272
567774320170119168
567775613348376577
567907430069329920
567919849088770048
567931567881875457
567971610801664000
568027403462651905
568029682626650112
568034012930936832
568064178478571520
568136946016522240
568150818572144640
568211739059326976
568279456780980226
568403649753448448
568409651466899457
568428971504889856
568434729684307970
568435290722975745
568527517910319104
568562728585064449
568573057184473089
568633802433507329
568643357108531200
568769786890424320
568778986567933952
568780675672907776
568788141236199424
568794248654426112
568875591308611584
568895842293309440
568905470502670336
568917936783491073
568940291530493952
568953095423705088
568971982554963969
569194348375613441
569202656486432768
569220243123544065
569249223897526272
569254216415481856
569258359670644736
569312734896136193
569317426975760384
569348775631675392
569362149400838144
569363263588339712
569460417954746368
569535962604310529
569538127016144896
569541336224927744
569542114234671104
569559370104639488
569572707299299328
569594402114392064
569608190410809344
569609396461936640
569611065820110848
569621238152368128
569625739231948800
569629537400696832
569639823734128640
569640141989552128
569660461601447936
569666042672369665
569666826352898048
569672501753724928
569679871707783168
569682149277900800
569683748901367808
569688201222160385
569698044175757312
569698788216049664
569707473973739520
569719964023853056
569726038932111360
569851299916869633
569874879794831360
569893554753040386
569928540004753409
569929653730840577
569930577643769856
569932216966516736
569957235033399297
569970117154484224
569974668406296577
570049623697461248
570057809037008896
570058190647271424
570072918094442496
570076113453518848
570082564502728704
570097527841693697
570193464467570688
570210145239592960
570213186139525120
570252965392592896
570258822297579520
570296516314845185
570302717085790209
570305063052283904
