569229091657936896
569229104286986240
569233861651144704
569238749802074113
569229091657936896
569229104286986240
569233861651144704
569238749802074113
569229091657936896
569229104286986240
569233861651144704
569238749802074113
569229091657936896
569229104286986240
569233861651144704
569238749802074113
569229091657936896
569229104286986240
569233861651144704
569238749802074113
569229091657936896
569229104286986240
569233861651144704
569238749802074113
569229091657936896
569229104286986240
569233861651144704
569238749802074113
569229091657936896
569229104286986240
569233861651144704
569238749802074113
