567754223362666496
567780426601996288
567790572833103872
567804951288901634
567841818357964800
567862940348579840
567879304593408001
567887646162161664
568004004183203840
568064339544051712
568110095646781440
568128665801900032
568168034394873857
568172170569887744
568208666035417088
568220625648672768
568249132323770368
568269180153274368
568447937929289729
568474423742738432
568486399663575040
568512284202438656
568548629432004609
568579880046227457
568604311598469121
568619178363478018
568636474637357056
568755688442191872
568784615877574656
568841068348878848
568855251123449856
568855505747095552
568880082606911488
568883124517494784
568906461461393408
568919673548337152
568921625715814401
568985010742693888
569034282485698560
569240866684071936
569244957698969602
569248875825008640
569259575800569857
569309777567875075
569311644934807552
569327949553520640
569351220097216512
569380081254027265
569419949007085568
569478901166055424
569491590105980929
569503165713948672
569574074936123392
569587140490866689
569605930146353152
569606248095576064
569611259357863936
569612804350717953
569612947833671680
569613272049012736
569623368711991296
569631575819710464
569632283046469634
569638013287862273
569649152696516608
569662132582621184
569693808914522113
569698504467021824
569698949474291713
569701377779183616
569744516715913216
569783738210525184
569804589437812736
567754223362666496
567780426601996288
567790572833103872
567804951288901634
567841818357964800
567862940348579840
567879304593408001
567887646162161664
568004004183203840
568064339544051712
568110095646781440
568128665801900032
568168034394873857
568172170569887744
568208666035417088
568220625648672768
568249132323770368
568269180153274368
568447937929289729
568474423742738432
568486399663575040
568512284202438656
568548629432004609
568579880046227457
568604311598469121
568619178363478018
568636474637357056
568755688442191872
568784615877574656
568841068348878848
568855251123449856
568855505747095552
568880082606911488
568883124517494784
568906461461393408
568919673548337152
568921625715814401
568985010742693888
569034282485698560
569240866684071936
569244957698969602
569248875825008640
569259575800569857
569309777567875075
569311644934807552
569327949553520640
569351220097216512
569380081254027265
569419949007085568
569478901166055424
569491590105980929
569503165713948672
569574074936123392
569587140490866689
569605930146353152
569606248095576064
569611259357863936
569612804350717953
569612947833671680
569613272049012736
569623368711991296
569631575819710464
569632283046469634
569638013287862273
569649152696516608
569662132582621184
569693808914522113
569698504467021824
569698949474291713
569701377779183616
569744516715913216
569783738210525184
569804589437812736
567754223362666496
567780426601996288
567790572833103872
567804951288901634
567841818357964800
567862940348579840
567879304593408001
567887646162161664
568004004183203840
568064339544051712
568110095646781440
568128665801900032
568168034394873857
568172170569887744
568208666035417088
568220625648672768
568249132323770368
568269180153274368
568447937929289729
568474423742738432
568486399663575040
568512284202438656
568548629432004609
568579880046227457
568604311598469121
568619178363478018
568636474637357056
568755688442191872
568784615877574656
568841068348878848
568855251123449856
568855505747095552
568880082606911488
568883124517494784
568906461461393408
568919673548337152
568921625715814401
568985010742693888
569034282485698560
569240866684071936
569244957698969602
569248875825008640
569259575800569857
569309777567875075
569311644934807552
569327949553520640
569351220097216512
569380081254027265
569419949007085568
569478901166055424
569491590105980929
569503165713948672
569574074936123392
569587140490866689
569605930146353152
569606248095576064
569611259357863936
569612804350717953
569612947833671680
569613272049012736
569623368711991296
569631575819710464
569632283046469634
569638013287862273
569649152696516608
569662132582621184
569693808914522113
569698504467021824
569698949474291713
569701377779183616
569744516715913216
569783738210525184
569804589437812736
569859036360908801
569867607341436928
569870924410970112
569897733466628097
569913796875161600
569926843853185024
569927739802652672
569935522497478656
569947414263701505
569956192111316992
569957000752140290
569966909019398144
569967897600139264
569971394701873153
569977974176378880
569982023667838979
569995536545091584
570010973047795713
570018892031991808
570030590466121728
570042981794729985
570054647689322496
570058565974675456
570090252544708608
570104913390206976
570136977074491392
570244910563110912
570256038206824448
570267535515324417
570272511050383360
570272778840104960
570291213007491076
