568794464749264896
569595791355981825
569658322413965312
568794464749264896
569595791355981825
569658322413965312
568794464749264896
569595791355981825
569658322413965312
569986782567071744
568794464749264896
569595791355981825
569658322413965312
569986782567071744
568794464749264896
569595791355981825
569658322413965312
569986782567071744
568794464749264896
569595791355981825
569658322413965312
569986782567071744
568794464749264896
569595791355981825
569658322413965312
569986782567071744
568794464749264896
569595791355981825
569658322413965312
569986782567071744
