567804663303798784
567812369902133248
567861975419457537
567882603405008896
567946616792952832
568237611208318976
568656888935481344
568668364144398336
568752875205238784
568821070767255552
569150031216779266
569174820308590592
569180231782801408
569428644432617473
569595309279440896
569597666025345024
569601275672829952
569601913832022016
569631377865515008
569635479383085056
569659620517662721
569708507961950209
569801344988680192
567804663303798784
567812369902133248
567861975419457537
567882603405008896
567946616792952832
568237611208318976
568656888935481344
568668364144398336
568752875205238784
568821070767255552
569150031216779266
569174820308590592
569180231782801408
569428644432617473
569595309279440896
569597666025345024
569601275672829952
569601913832022016
569631377865515008
569635479383085056
569659620517662721
569708507961950209
569801344988680192
567804663303798784
567812369902133248
567861975419457537
567882603405008896
567946616792952832
568237611208318976
568656888935481344
568668364144398336
568752875205238784
568821070767255552
569150031216779266
569174820308590592
569180231782801408
569428644432617473
569595309279440896
569597666025345024
569601275672829952
569601913832022016
569631377865515008
569635479383085056
569659620517662721
569708507961950209
569801344988680192
569847066555498496
569972039844438016
570006917927575552
570043574097555456
570066634976555008
570072153607049218
570083397873373184
570191763731841024
570192452486889473
570234996562112512
570271383005085696
