568356849189150721
568457663123746816
568482472880697345
568935917341286400
569718492108230657
568356849189150721
568457663123746816
568482472880697345
568935917341286400
569718492108230657
568356849189150721
568457663123746816
568482472880697345
568935917341286400
569718492108230657
570176104541122561
570239376283676672
568356849189150721
568457663123746816
568482472880697345
568935917341286400
569718492108230657
570176104541122561
570239376283676672
568356849189150721
568457663123746816
568482472880697345
568935917341286400
569718492108230657
570176104541122561
570239376283676672
568356849189150721
568457663123746816
568482472880697345
568935917341286400
569718492108230657
570176104541122561
570239376283676672
568356849189150721
568457663123746816
568482472880697345
568935917341286400
569718492108230657
570176104541122561
570239376283676672
568356849189150721
568457663123746816
568482472880697345
568935917341286400
569718492108230657
570176104541122561
570239376283676672
