567735766416392194
567819606904295424
567919391515348992
568004984937287680
568244094583107585
568574614110117888
568580515013398528
568652355346022400
568802225058926592
568887349481861120
569218789834821632
569312745306382336
569342220534288384
569407352299847680
569483390581383168
569529128585555968
569544955800264704
569661761449791488
569682194236641282
569682545375354880
569698217614544897
569759892803756032
569771270839013376
567735766416392194
567819606904295424
567919391515348992
568004984937287680
568244094583107585
568574614110117888
568580515013398528
568652355346022400
568802225058926592
568887349481861120
569218789834821632
569312745306382336
569342220534288384
569407352299847680
569483390581383168
569529128585555968
569544955800264704
569661761449791488
569682194236641282
569682545375354880
569698217614544897
569759892803756032
569771270839013376
567735766416392194
567819606904295424
567919391515348992
568004984937287680
568244094583107585
568574614110117888
568580515013398528
568652355346022400
568802225058926592
568887349481861120
569218789834821632
569312745306382336
569342220534288384
569407352299847680
569483390581383168
569529128585555968
569544955800264704
569661761449791488
569682194236641282
569682545375354880
569698217614544897
569759892803756032
569771270839013376
569865637666930688
569869506560069633
569947414263701505
570223944260849664
567735766416392194
567819606904295424
567919391515348992
568004984937287680
568244094583107585
568574614110117888
568580515013398528
568652355346022400
568802225058926592
568887349481861120
569218789834821632
569312745306382336
569342220534288384
569407352299847680
569483390581383168
569529128585555968
569544955800264704
569661761449791488
569682194236641282
569682545375354880
569698217614544897
569759892803756032
569771270839013376
569865637666930688
569869506560069633
569947414263701505
570223944260849664
567735766416392194
567819606904295424
567919391515348992
568004984937287680
568244094583107585
568574614110117888
568580515013398528
568652355346022400
568802225058926592
568887349481861120
569218789834821632
569312745306382336
569342220534288384
569407352299847680
569483390581383168
569529128585555968
569544955800264704
569661761449791488
569682194236641282
569682545375354880
569698217614544897
569759892803756032
569771270839013376
569865637666930688
569869506560069633
569947414263701505
570223944260849664
567735766416392194
567819606904295424
567919391515348992
568004984937287680
568244094583107585
568574614110117888
568580515013398528
568652355346022400
568802225058926592
568887349481861120
569218789834821632
569312745306382336
569342220534288384
569407352299847680
569483390581383168
569529128585555968
569544955800264704
569661761449791488
569682194236641282
569682545375354880
569698217614544897
569759892803756032
569771270839013376
569865637666930688
569869506560069633
569947414263701505
570223944260849664
567735766416392194
567819606904295424
567919391515348992
568004984937287680
568244094583107585
568574614110117888
568580515013398528
568652355346022400
568802225058926592
568887349481861120
569218789834821632
569312745306382336
569342220534288384
569407352299847680
569483390581383168
569529128585555968
569544955800264704
569661761449791488
569682194236641282
569682545375354880
569698217614544897
569759892803756032
569771270839013376
569865637666930688
569869506560069633
569947414263701505
570223944260849664
567735766416392194
567819606904295424
567919391515348992
568004984937287680
568244094583107585
568574614110117888
568580515013398528
568652355346022400
568802225058926592
568887349481861120
569218789834821632
569312745306382336
569342220534288384
569407352299847680
569483390581383168
569529128585555968
569544955800264704
569661761449791488
569682194236641282
569682545375354880
569698217614544897
569759892803756032
569771270839013376
569865637666930688
569869506560069633
569947414263701505
570223944260849664
