567732265888006145
567745009890623488
567753815634370560
567823045215313920
568862914154770432
568893623099654144
569017631602139137
569168955786600448
569480594419281920
569595643087486976
569611735696580611
569617807916322817
569645502729457666
569649222963871744
569661852235509762
569662132582621184
569690347183480832
569704597922557952
569710305707601920
569715860241129472
569717739113320448
569719242427396096
569721039158173697
567732265888006145
567745009890623488
567753815634370560
567823045215313920
568862914154770432
568893623099654144
569017631602139137
569168955786600448
569480594419281920
569595643087486976
569611735696580611
569617807916322817
569645502729457666
569649222963871744
569661852235509762
569662132582621184
569690347183480832
569704597922557952
569710305707601920
569715860241129472
569717739113320448
569719242427396096
569721039158173697
567732265888006145
567745009890623488
567753815634370560
567823045215313920
568862914154770432
568893623099654144
569017631602139137
569168955786600448
569480594419281920
569595643087486976
569611735696580611
569617807916322817
569645502729457666
569649222963871744
569661852235509762
569662132582621184
569690347183480832
569704597922557952
569710305707601920
569715860241129472
569717739113320448
569719242427396096
569721039158173697
569874944282234880
569883376041250816
569897733466628097
569908067762094080
569923525508665344
569940685757014016
569959601011068928
570004771496714241
570036327825195008
570042155634450433
570102866754592768
570142665246965760
570159741441335296
570191286667513856
570282469121007616
570307434113310720
