567765379653849091
567829349727211521
568077930783485952
568089179520954368
568094199586938880
568094319766147072
568102228587884545
568105570215055360
568118177537744897
568122440934658048
568179392293281792
568183785558310914
568189481590886400
568212521657737216
568453988758233089
568464487931613185
568521303956656128
568524186185961473
568586894776406017
568587875702476800
568588797182648320
568716027577696256
568789117426921472
568806985505726464
568807083270762497
568823817679847425
568863640721477632
568900016636452864
568922138348019712
568996205910466560
569220438397751299
569267891721375745
569297324285022209
569312396097003520
569354882370572289
569364610572259328
569527721916796929
569551994949648385
569552426698723330
569553741222952960
569600137296633856
569601850820976640
569603641767792641
569604330229092352
569606374591746050
569621367806664705
569629305023569922
569659364530728961
569668448718073856
569669786810114048
569673622505328640
569686237478572032
569702495926267905
569715074505420802
569716449704587265
569721575492194304
569721721944735744
569736870927556608
569737397350461440
569739154600300544
569776946365620224
569780060523261952
569786457998680064
569798946740166656
567765379653849091
567829349727211521
568077930783485952
568089179520954368
568094199586938880
568094319766147072
568102228587884545
568105570215055360
568118177537744897
568122440934658048
568179392293281792
568183785558310914
568189481590886400
568212521657737216
568453988758233089
568464487931613185
568521303956656128
568524186185961473
568586894776406017
568587875702476800
568588797182648320
568716027577696256
568789117426921472
568806985505726464
568807083270762497
568823817679847425
568863640721477632
568900016636452864
568922138348019712
568996205910466560
569220438397751299
569267891721375745
569297324285022209
569312396097003520
569354882370572289
569364610572259328
569527721916796929
569551994949648385
569552426698723330
569553741222952960
569600137296633856
569601850820976640
569603641767792641
569604330229092352
569606374591746050
569621367806664705
569629305023569922
569659364530728961
569668448718073856
569669786810114048
569673622505328640
569686237478572032
569702495926267905
569715074505420802
569716449704587265
569721575492194304
569721721944735744
569736870927556608
569737397350461440
569739154600300544
569776946365620224
569780060523261952
569786457998680064
569798946740166656
569824422279950336
569835766416867328
569843745157451776
569844028365275136
567765379653849091
567829349727211521
568077930783485952
568089179520954368
568094199586938880
568094319766147072
568102228587884545
568105570215055360
568118177537744897
568122440934658048
568179392293281792
568183785558310914
568189481590886400
568212521657737216
568453988758233089
568464487931613185
568521303956656128
568524186185961473
568586894776406017
568587875702476800
568588797182648320
568716027577696256
568789117426921472
568806985505726464
568807083270762497
568823817679847425
568863640721477632
568900016636452864
568922138348019712
568996205910466560
569220438397751299
569267891721375745
569297324285022209
569312396097003520
569354882370572289
569364610572259328
569527721916796929
569551994949648385
569552426698723330
569553741222952960
569600137296633856
569601850820976640
569603641767792641
569604330229092352
569606374591746050
569621367806664705
569629305023569922
569659364530728961
569668448718073856
569669786810114048
569673622505328640
569686237478572032
569702495926267905
569715074505420802
569716449704587265
569721575492194304
569721721944735744
569736870927556608
569737397350461440
569739154600300544
569776946365620224
569780060523261952
569786457998680064
569798946740166656
569824422279950336
569835766416867328
569843745157451776
569844028365275136
569850083140882432
569852657327738880
569862827227402241
569863836615864320
569874944282234880
569889391633518592
569910971222892545
569927042931814400
569930805688053761
569942287318458369
569963767066271744
569964286954618880
569972558218440704
569972777593262080
569983967467868161
569984162377003008
569985299448795137
569990330227007488
569991295776595968
569993393767460864
569997215453855744
570007830083854338
570013116857237505
570017905879986176
570036327825195008
570038564110467074
570041376005443585
570042096242917377
570050603927392257
570057809037008896
570058070224728064
570062369096908801
570069642976239616
570191286667513856
570195668850995200
570195799256072193
570201740496257024
570213946348560388
570237238631669763
570248991704788992
570249871107723264
570252044528959488
570252431113760768
570252802611679232
570267562623152128
570270039737274369
570285610176532480
570291492545298432
570306529947193344
567765379653849091
567829349727211521
568077930783485952
568089179520954368
568094199586938880
568094319766147072
568102228587884545
568105570215055360
568118177537744897
568122440934658048
568179392293281792
568183785558310914
568189481590886400
568212521657737216
568453988758233089
568464487931613185
568521303956656128
568524186185961473
568586894776406017
568587875702476800
568588797182648320
568716027577696256
568789117426921472
568806985505726464
568807083270762497
568823817679847425
568863640721477632
568900016636452864
568922138348019712
568996205910466560
569220438397751299
569267891721375745
569297324285022209
569312396097003520
569354882370572289
569364610572259328
569527721916796929
569551994949648385
569552426698723330
569553741222952960
569600137296633856
569601850820976640
569603641767792641
569604330229092352
569606374591746050
569621367806664705
569629305023569922
569659364530728961
569668448718073856
569669786810114048
569673622505328640
569686237478572032
569702495926267905
569715074505420802
569716449704587265
569721575492194304
569721721944735744
569736870927556608
569737397350461440
569739154600300544
569776946365620224
569780060523261952
569786457998680064
569798946740166656
569824422279950336
569835766416867328
569843745157451776
569844028365275136
569850083140882432
569852657327738880
569862827227402241
569863836615864320
569874944282234880
569889391633518592
569910971222892545
569927042931814400
569930805688053761
569942287318458369
569963767066271744
569964286954618880
569972558218440704
569972777593262080
569983967467868161
569984162377003008
569985299448795137
569990330227007488
569991295776595968
569993393767460864
569997215453855744
570007830083854338
570013116857237505
570017905879986176
570036327825195008
570038564110467074
570041376005443585
570042096242917377
570050603927392257
570057809037008896
570058070224728064
570062369096908801
570069642976239616
570191286667513856
570195668850995200
570195799256072193
570201740496257024
570213946348560388
570237238631669763
570248991704788992
570249871107723264
570252044528959488
570252431113760768
570252802611679232
570267562623152128
570270039737274369
570285610176532480
570291492545298432
570306529947193344
567765379653849091
567829349727211521
568077930783485952
568089179520954368
568094199586938880
568094319766147072
568102228587884545
568105570215055360
568118177537744897
568122440934658048
568179392293281792
568183785558310914
568189481590886400
568212521657737216
568453988758233089
568464487931613185
568521303956656128
568524186185961473
568586894776406017
568587875702476800
568588797182648320
568716027577696256
568789117426921472
568806985505726464
568807083270762497
568823817679847425
568863640721477632
568900016636452864
568922138348019712
568996205910466560
569220438397751299
569267891721375745
569297324285022209
569312396097003520
569354882370572289
569364610572259328
569527721916796929
569551994949648385
569552426698723330
569553741222952960
569600137296633856
569601850820976640
569603641767792641
569604330229092352
569606374591746050
569621367806664705
569629305023569922
569659364530728961
569668448718073856
569669786810114048
569673622505328640
569686237478572032
569702495926267905
569715074505420802
569716449704587265
569721575492194304
569721721944735744
569736870927556608
569737397350461440
569739154600300544
569776946365620224
569780060523261952
569786457998680064
569798946740166656
569824422279950336
569835766416867328
569843745157451776
569844028365275136
569850083140882432
569852657327738880
569862827227402241
569863836615864320
569874944282234880
569889391633518592
569910971222892545
569927042931814400
569930805688053761
569942287318458369
569963767066271744
569964286954618880
569972558218440704
569972777593262080
569983967467868161
569984162377003008
569985299448795137
569990330227007488
569991295776595968
569993393767460864
569997215453855744
570007830083854338
570013116857237505
570017905879986176
570036327825195008
570038564110467074
570041376005443585
570042096242917377
570050603927392257
570057809037008896
570058070224728064
570062369096908801
570069642976239616
570191286667513856
570195668850995200
570195799256072193
570201740496257024
570213946348560388
570237238631669763
570248991704788992
570249871107723264
570252044528959488
570252431113760768
570252802611679232
570267562623152128
570270039737274369
570285610176532480
570291492545298432
570306529947193344
567765379653849091
567829349727211521
568077930783485952
568089179520954368
568094199586938880
568094319766147072
568102228587884545
568105570215055360
568118177537744897
568122440934658048
568179392293281792
568183785558310914
568189481590886400
568212521657737216
568453988758233089
568464487931613185
568521303956656128
568524186185961473
568586894776406017
568587875702476800
568588797182648320
568716027577696256
568789117426921472
568806985505726464
568807083270762497
568823817679847425
568863640721477632
568900016636452864
568922138348019712
568996205910466560
569220438397751299
569267891721375745
569297324285022209
569312396097003520
569354882370572289
569364610572259328
569527721916796929
569551994949648385
569552426698723330
569553741222952960
569600137296633856
569601850820976640
569603641767792641
569604330229092352
569606374591746050
569621367806664705
569629305023569922
569659364530728961
569668448718073856
569669786810114048
569673622505328640
569686237478572032
569702495926267905
569715074505420802
569716449704587265
569721575492194304
569721721944735744
569736870927556608
569737397350461440
569739154600300544
569776946365620224
569780060523261952
569786457998680064
569798946740166656
569824422279950336
569835766416867328
569843745157451776
569844028365275136
569850083140882432
569852657327738880
569862827227402241
569863836615864320
569874944282234880
569889391633518592
569910971222892545
569927042931814400
569930805688053761
569942287318458369
569963767066271744
569964286954618880
569972558218440704
569972777593262080
569983967467868161
569984162377003008
569985299448795137
569990330227007488
569991295776595968
569993393767460864
569997215453855744
570007830083854338
570013116857237505
570017905879986176
570036327825195008
570038564110467074
570041376005443585
570042096242917377
570050603927392257
570057809037008896
570058070224728064
570062369096908801
570069642976239616
570191286667513856
570195668850995200
570195799256072193
570201740496257024
570213946348560388
570237238631669763
570248991704788992
570249871107723264
570252044528959488
570252431113760768
570252802611679232
570267562623152128
570270039737274369
570285610176532480
570291492545298432
570306529947193344
567765379653849091
567829349727211521
568077930783485952
568089179520954368
568094199586938880
568094319766147072
568102228587884545
568105570215055360
568118177537744897
568122440934658048
568179392293281792
568183785558310914
568189481590886400
568212521657737216
568453988758233089
568464487931613185
568521303956656128
568524186185961473
568586894776406017
568587875702476800
568588797182648320
568716027577696256
568789117426921472
568806985505726464
568807083270762497
568823817679847425
568863640721477632
568900016636452864
568922138348019712
568996205910466560
569220438397751299
569267891721375745
569297324285022209
569312396097003520
569354882370572289
569364610572259328
569527721916796929
569551994949648385
569552426698723330
569553741222952960
569600137296633856
569601850820976640
569603641767792641
569604330229092352
569606374591746050
569621367806664705
569629305023569922
569659364530728961
569668448718073856
569669786810114048
569673622505328640
569686237478572032
569702495926267905
569715074505420802
569716449704587265
569721575492194304
569721721944735744
569736870927556608
569737397350461440
569739154600300544
569776946365620224
569780060523261952
569786457998680064
569798946740166656
569824422279950336
569835766416867328
569843745157451776
569844028365275136
569850083140882432
569852657327738880
569862827227402241
569863836615864320
569874944282234880
569889391633518592
569910971222892545
569927042931814400
569930805688053761
569942287318458369
569963767066271744
569964286954618880
569972558218440704
569972777593262080
569983967467868161
569984162377003008
569985299448795137
569990330227007488
569991295776595968
569993393767460864
569997215453855744
570007830083854338
570013116857237505
570017905879986176
570036327825195008
570038564110467074
570041376005443585
570042096242917377
570050603927392257
570057809037008896
570058070224728064
570062369096908801
570069642976239616
570191286667513856
570195668850995200
570195799256072193
570201740496257024
570213946348560388
570237238631669763
570248991704788992
570249871107723264
570252044528959488
570252431113760768
570252802611679232
570267562623152128
570270039737274369
570285610176532480
570291492545298432
570306529947193344
567765379653849091
567829349727211521
568077930783485952
568089179520954368
568094199586938880
568094319766147072
568102228587884545
568105570215055360
568118177537744897
568122440934658048
568179392293281792
568183785558310914
568189481590886400
568212521657737216
568453988758233089
568464487931613185
568521303956656128
568524186185961473
568586894776406017
568587875702476800
568588797182648320
568716027577696256
568789117426921472
568806985505726464
568807083270762497
568823817679847425
568863640721477632
568900016636452864
568922138348019712
568996205910466560
569220438397751299
569267891721375745
569297324285022209
569312396097003520
569354882370572289
569364610572259328
569527721916796929
569551994949648385
569552426698723330
569553741222952960
569600137296633856
569601850820976640
569603641767792641
569604330229092352
569606374591746050
569621367806664705
569629305023569922
569659364530728961
569668448718073856
569669786810114048
569673622505328640
569686237478572032
569702495926267905
569715074505420802
569716449704587265
569721575492194304
569721721944735744
569736870927556608
569737397350461440
569739154600300544
569776946365620224
569780060523261952
569786457998680064
569798946740166656
569824422279950336
569835766416867328
569843745157451776
569844028365275136
569850083140882432
569852657327738880
569862827227402241
569863836615864320
569874944282234880
569889391633518592
569910971222892545
569927042931814400
569930805688053761
569942287318458369
569963767066271744
569964286954618880
569972558218440704
569972777593262080
569983967467868161
569984162377003008
569985299448795137
569990330227007488
569991295776595968
569993393767460864
569997215453855744
570007830083854338
570013116857237505
570017905879986176
570036327825195008
570038564110467074
570041376005443585
570042096242917377
570050603927392257
570057809037008896
570058070224728064
570062369096908801
570069642976239616
570191286667513856
570195668850995200
570195799256072193
570201740496257024
570213946348560388
570237238631669763
570248991704788992
570249871107723264
570252044528959488
570252431113760768
570252802611679232
570267562623152128
570270039737274369
570285610176532480
570291492545298432
570306529947193344
