568077199162658816
568115075266973696
568115928044404736
568116088631791616
568118442454355968
568262694123339776
568263079789608961
568077199162658816
568115075266973696
568115928044404736
568116088631791616
568118442454355968
568262694123339776
568263079789608961
568077199162658816
568115075266973696
568115928044404736
568116088631791616
568118442454355968
568262694123339776
568263079789608961
570302023968694272
568077199162658816
568115075266973696
568115928044404736
568116088631791616
568118442454355968
568262694123339776
568263079789608961
570302023968694272
568077199162658816
568115075266973696
568115928044404736
568116088631791616
568118442454355968
568262694123339776
568263079789608961
570302023968694272
568077199162658816
568115075266973696
568115928044404736
568116088631791616
568118442454355968
568262694123339776
568263079789608961
570302023968694272
568077199162658816
568115075266973696
568115928044404736
568116088631791616
568118442454355968
568262694123339776
568263079789608961
570302023968694272
568077199162658816
568115075266973696
568115928044404736
568116088631791616
568118442454355968
568262694123339776
568263079789608961
570302023968694272
