567729135733465088
567773611591626752
567821292797186048
567875758053400576
567887103465496576
568128069845848064
568177321724620800
568423886762569728
568780030538420225
568798426810355712
568801442770743296
568828543423123456
568843464361713664
568872291427160065
568983296018751491
569196231546830848
569270187725160449
569490688569679872
569644492040613888
569666513352806400
569667246026416130
569668792265019392
569669174731153408
567729135733465088
567773611591626752
567821292797186048
567875758053400576
567887103465496576
568128069845848064
568177321724620800
568423886762569728
568780030538420225
568798426810355712
568801442770743296
568828543423123456
568843464361713664
568872291427160065
568983296018751491
569196231546830848
569270187725160449
569490688569679872
569644492040613888
569666513352806400
569667246026416130
569668792265019392
569669174731153408
567729135733465088
567773611591626752
567821292797186048
567875758053400576
567887103465496576
568128069845848064
568177321724620800
568423886762569728
568780030538420225
568798426810355712
568801442770743296
568828543423123456
568843464361713664
568872291427160065
568983296018751491
569196231546830848
569270187725160449
569490688569679872
569644492040613888
569666513352806400
569667246026416130
569668792265019392
569669174731153408
569921267601580032
569970225443172353
570083380265689088
570133607223840768
570235387009839104
570237629775675392
570265300685488129
567729135733465088
567773611591626752
567821292797186048
567875758053400576
567887103465496576
568128069845848064
568177321724620800
568423886762569728
568780030538420225
568798426810355712
568801442770743296
568828543423123456
568843464361713664
568872291427160065
568983296018751491
569196231546830848
569270187725160449
569490688569679872
569644492040613888
569666513352806400
569667246026416130
569668792265019392
569669174731153408
569921267601580032
569970225443172353
570083380265689088
570133607223840768
570235387009839104
570237629775675392
570265300685488129
567729135733465088
567773611591626752
567821292797186048
567875758053400576
567887103465496576
568128069845848064
568177321724620800
568423886762569728
568780030538420225
568798426810355712
568801442770743296
568828543423123456
568843464361713664
568872291427160065
568983296018751491
569196231546830848
569270187725160449
569490688569679872
569644492040613888
569666513352806400
569667246026416130
569668792265019392
569669174731153408
569921267601580032
569970225443172353
570083380265689088
570133607223840768
570235387009839104
570237629775675392
570265300685488129
567729135733465088
567773611591626752
567821292797186048
567875758053400576
567887103465496576
568128069845848064
568177321724620800
568423886762569728
568780030538420225
568798426810355712
568801442770743296
568828543423123456
568843464361713664
568872291427160065
568983296018751491
569196231546830848
569270187725160449
569490688569679872
569644492040613888
569666513352806400
569667246026416130
569668792265019392
569669174731153408
569921267601580032
569970225443172353
570083380265689088
570133607223840768
570235387009839104
570237629775675392
570265300685488129
567729135733465088
567773611591626752
567821292797186048
567875758053400576
567887103465496576
568128069845848064
568177321724620800
568423886762569728
568780030538420225
568798426810355712
568801442770743296
568828543423123456
568843464361713664
568872291427160065
568983296018751491
569196231546830848
569270187725160449
569490688569679872
569644492040613888
569666513352806400
569667246026416130
569668792265019392
569669174731153408
569921267601580032
569970225443172353
570083380265689088
570133607223840768
570235387009839104
570237629775675392
570265300685488129
567729135733465088
567773611591626752
567821292797186048
567875758053400576
567887103465496576
568128069845848064
568177321724620800
568423886762569728
568780030538420225
568798426810355712
568801442770743296
568828543423123456
568843464361713664
568872291427160065
568983296018751491
569196231546830848
569270187725160449
569490688569679872
569644492040613888
569666513352806400
569667246026416130
569668792265019392
569669174731153408
569921267601580032
569970225443172353
570083380265689088
570133607223840768
570235387009839104
570237629775675392
570265300685488129
