567741202884075520
567845203014377472
568072822955896832
568144357230026752
568162409837400064
568432260912959488
568457802059902976
568460395544862720
568731988082999296
568840701850419200
568947922731028480
569359055937908736
569393239700013056
569627574336421888
569710964712411136
567741202884075520
567845203014377472
568072822955896832
568144357230026752
568162409837400064
568432260912959488
568457802059902976
568460395544862720
568731988082999296
568840701850419200
568947922731028480
569359055937908736
569393239700013056
569627574336421888
569710964712411136
567741202884075520
567845203014377472
568072822955896832
568144357230026752
568162409837400064
568432260912959488
568457802059902976
568460395544862720
568731988082999296
568840701850419200
568947922731028480
569359055937908736
569393239700013056
569627574336421888
569710964712411136
569871364603031553
570195827341312000
570208349339262976
570210502955155456
570211577087041536
570213389005414400
570214968622239744
570250989305004033
570257107737571329
567741202884075520
567845203014377472
568072822955896832
568144357230026752
568162409837400064
568432260912959488
568457802059902976
568460395544862720
568731988082999296
568840701850419200
568947922731028480
569359055937908736
569393239700013056
569627574336421888
569710964712411136
569871364603031553
570195827341312000
570208349339262976
570210502955155456
570211577087041536
570213389005414400
570214968622239744
570250989305004033
570257107737571329
567741202884075520
567845203014377472
568072822955896832
568144357230026752
568162409837400064
568432260912959488
568457802059902976
568460395544862720
568731988082999296
568840701850419200
568947922731028480
569359055937908736
569393239700013056
569627574336421888
569710964712411136
569871364603031553
570195827341312000
570208349339262976
570210502955155456
570211577087041536
570213389005414400
570214968622239744
570250989305004033
570257107737571329
567741202884075520
567845203014377472
568072822955896832
568144357230026752
568162409837400064
568432260912959488
568457802059902976
568460395544862720
568731988082999296
568840701850419200
568947922731028480
569359055937908736
569393239700013056
569627574336421888
569710964712411136
569871364603031553
570195827341312000
570208349339262976
570210502955155456
570211577087041536
570213389005414400
570214968622239744
570250989305004033
570257107737571329
567741202884075520
567845203014377472
568072822955896832
568144357230026752
568162409837400064
568432260912959488
568457802059902976
568460395544862720
568731988082999296
568840701850419200
568947922731028480
569359055937908736
569393239700013056
569627574336421888
569710964712411136
569871364603031553
570195827341312000
570208349339262976
570210502955155456
570211577087041536
570213389005414400
570214968622239744
570250989305004033
570257107737571329
567741202884075520
567845203014377472
568072822955896832
568144357230026752
568162409837400064
568432260912959488
568457802059902976
568460395544862720
568731988082999296
568840701850419200
568947922731028480
569359055937908736
569393239700013056
569627574336421888
569710964712411136
569871364603031553
570195827341312000
570208349339262976
570210502955155456
570211577087041536
570213389005414400
570214968622239744
570250989305004033
570257107737571329
