567796276100886528
567860775752208385
567923361256460288
568002085888897025
568126722903814144
568216703055876096
568237684277141504
568446993548206081
568456334581981184
568516063001853952
568558728263254017
568573570114134016
568636973964898305
568760866088337409
568894341243998208
568935494375108608
569159333499576320
569162600237236224
569178210325430272
569190933297807360
569202656486432768
569298251418959872
569339467615506435
569366968446246912
569418351295926273
569418497694035969
569418652128296960
569538857328353280
569555929798217730
569558114447560706
569572942381649920
569590965880532993
569591310589431808
569601332040089600
569605942318231553
569608322925473792
569621991852019713
569644213224148993
569646538814824449
569675861160386560
569678154152828928
569684138304741377
569695695868817410
569702870423117825
569734821091487744
569795913788428288
567796276100886528
567860775752208385
567923361256460288
568002085888897025
568126722903814144
568216703055876096
568237684277141504
568446993548206081
568456334581981184
568516063001853952
568558728263254017
568573570114134016
568636973964898305
568760866088337409
568894341243998208
568935494375108608
569159333499576320
569162600237236224
569178210325430272
569190933297807360
569202656486432768
569298251418959872
569339467615506435
569366968446246912
569418351295926273
569418497694035969
569418652128296960
569538857328353280
569555929798217730
569558114447560706
569572942381649920
569590965880532993
569591310589431808
569601332040089600
569605942318231553
569608322925473792
569621991852019713
569644213224148993
569646538814824449
569675861160386560
569678154152828928
569684138304741377
569695695868817410
569702870423117825
569734821091487744
569795913788428288
567796276100886528
567860775752208385
567923361256460288
568002085888897025
568126722903814144
568216703055876096
568237684277141504
568446993548206081
568456334581981184
568516063001853952
568558728263254017
568573570114134016
568636973964898305
568760866088337409
568894341243998208
568935494375108608
569159333499576320
569162600237236224
569178210325430272
569190933297807360
569202656486432768
569298251418959872
569339467615506435
569366968446246912
569418351295926273
569418497694035969
569418652128296960
569538857328353280
569555929798217730
569558114447560706
569572942381649920
569590965880532993
569591310589431808
569601332040089600
569605942318231553
569608322925473792
569621991852019713
569644213224148993
569646538814824449
569675861160386560
569678154152828928
569684138304741377
569695695868817410
569702870423117825
569734821091487744
569795913788428288
569883285989531649
569912963273879552
569971394701873153
569974287286845441
570000805626949633
570016770708283392
570237453229019137
570264481772777472
