567745016702181376
567801642633162753
567871783107452930
568203709802532864
568751647809273856
569264118219214848
569282249717194754
569373258010660864
569532394455359488
569632200913604608
569756967935148032
567745016702181376
567801642633162753
567871783107452930
568203709802532864
568751647809273856
569264118219214848
569282249717194754
569373258010660864
569532394455359488
569632200913604608
569756967935148032
569837686367744000
567745016702181376
567801642633162753
567871783107452930
568203709802532864
568751647809273856
569264118219214848
569282249717194754
569373258010660864
569532394455359488
569632200913604608
569756967935148032
569837686367744000
569897748859744257
569948225278480384
569954824265076737
570087510941962241
