567766329352921088
567870045981929473
568880036234682370
568895842293309440
569296356143050754
569342220534288384
567766329352921088
567870045981929473
568880036234682370
568895842293309440
569296356143050754
569342220534288384
567766329352921088
567870045981929473
568880036234682370
568895842293309440
569296356143050754
569342220534288384
567766329352921088
567870045981929473
568880036234682370
568895842293309440
569296356143050754
569342220534288384
567766329352921088
567870045981929473
568880036234682370
568895842293309440
569296356143050754
569342220534288384
567766329352921088
567870045981929473
568880036234682370
568895842293309440
569296356143050754
569342220534288384
567766329352921088
567870045981929473
568880036234682370
568895842293309440
569296356143050754
569342220534288384
567766329352921088
567870045981929473
568880036234682370
568895842293309440
569296356143050754
569342220534288384
