568479680229208064
568480476803035137
568481179646758913
568481836290220033
568483559532568576
568491035564879872
568496664677363712
568499384704479233
568500854082420737
568505918540750848
568522744356212738
568479680229208064
568480476803035137
568481179646758913
568481836290220033
568483559532568576
568491035564879872
568496664677363712
568499384704479233
568500854082420737
568505918540750848
568522744356212738
568479680229208064
568480476803035137
568481179646758913
568481836290220033
568483559532568576
568491035564879872
568496664677363712
568499384704479233
568500854082420737
568505918540750848
568522744356212738
568479680229208064
568480476803035137
568481179646758913
568481836290220033
568483559532568576
568491035564879872
568496664677363712
568499384704479233
568500854082420737
568505918540750848
568522744356212738
568479680229208064
568480476803035137
568481179646758913
568481836290220033
568483559532568576
568491035564879872
568496664677363712
568499384704479233
568500854082420737
568505918540750848
568522744356212738
568479680229208064
568480476803035137
568481179646758913
568481836290220033
568483559532568576
568491035564879872
568496664677363712
568499384704479233
568500854082420737
568505918540750848
568522744356212738
568479680229208064
568480476803035137
568481179646758913
568481836290220033
568483559532568576
568491035564879872
568496664677363712
568499384704479233
568500854082420737
568505918540750848
568522744356212738
568479680229208064
568480476803035137
568481179646758913
568481836290220033
568483559532568576
568491035564879872
568496664677363712
568499384704479233
568500854082420737
568505918540750848
568522744356212738
