567781694183186432
568079633998086144
568160511264571392
568169732895051777
568564623156211712
568720333634609153
568840215089041409
569622656770646016
569690131235340288
567781694183186432
568079633998086144
568160511264571392
568169732895051777
568564623156211712
568720333634609153
568840215089041409
569622656770646016
569690131235340288
567781694183186432
568079633998086144
568160511264571392
568169732895051777
568564623156211712
568720333634609153
568840215089041409
569622656770646016
569690131235340288
569857331284078592
569888244856455168
569975175321653248
570277054635057153
567781694183186432
568079633998086144
568160511264571392
568169732895051777
568564623156211712
568720333634609153
568840215089041409
569622656770646016
569690131235340288
569857331284078592
569888244856455168
569975175321653248
570277054635057153
567781694183186432
568079633998086144
568160511264571392
568169732895051777
568564623156211712
568720333634609153
568840215089041409
569622656770646016
569690131235340288
569857331284078592
569888244856455168
569975175321653248
570277054635057153
567781694183186432
568079633998086144
568160511264571392
568169732895051777
568564623156211712
568720333634609153
568840215089041409
569622656770646016
569690131235340288
569857331284078592
569888244856455168
569975175321653248
570277054635057153
567781694183186432
568079633998086144
568160511264571392
568169732895051777
568564623156211712
568720333634609153
568840215089041409
569622656770646016
569690131235340288
569857331284078592
569888244856455168
569975175321653248
570277054635057153
567781694183186432
568079633998086144
568160511264571392
568169732895051777
568564623156211712
568720333634609153
568840215089041409
569622656770646016
569690131235340288
569857331284078592
569888244856455168
569975175321653248
570277054635057153
