567723431513575424
567734769312882688
567804718886711296
567822865844928512
567841308452249600
567895533664120832
568104985935753216
568145575452876800
568284092707401728
568396913726382080
568458999798108160
568474442210283520
568526136017342464
568538242380742656
568542896539873281
568852246462631936
568854243097976832
568885004610240512
568904127834558464
569164183473762304
569164614921019392
569252439548952576
569269594386526209
569276854458310658
569571448412438528
569587787680256001
569591456190504961
569671231001092096
569710365770182656
567723431513575424
567734769312882688
567804718886711296
567822865844928512
567841308452249600
567895533664120832
568104985935753216
568145575452876800
568284092707401728
568396913726382080
568458999798108160
568474442210283520
568526136017342464
568538242380742656
568542896539873281
568852246462631936
568854243097976832
568885004610240512
568904127834558464
569164183473762304
569164614921019392
569252439548952576
569269594386526209
569276854458310658
569571448412438528
569587787680256001
569591456190504961
569671231001092096
569710365770182656
569821862873726976
567723431513575424
567734769312882688
567804718886711296
567822865844928512
567841308452249600
567895533664120832
568104985935753216
568145575452876800
568284092707401728
568396913726382080
568458999798108160
568474442210283520
568526136017342464
568538242380742656
568542896539873281
568852246462631936
568854243097976832
568885004610240512
568904127834558464
569164183473762304
569164614921019392
569252439548952576
569269594386526209
569276854458310658
569571448412438528
569587787680256001
569591456190504961
569671231001092096
569710365770182656
569821862873726976
569892199690678272
569952639116447745
569955602782236672
569996897009717248
570018254271463424
570244762785210368
570301083672813571
