567764858817773570
567769131663884290
567796792847499265
567837023014273024
567951376480907264
568319110779514880
568373807414714369
568489700232695808
568611700674584576
568620103895367680
568829891220803584
568883988338581504
568884252110159873
569127429702348800
569206925046493184
569247351392616448
569317747101982720
569341791482220545
569353454914662400
569355923396780032
569357810867138560
569366383458275329
569370553963786241
569374522157207552
569377543687700480
569555930028748800
569558153202774016
569585355319599104
569587048811761664
569596156927303681
569623948767268864
569631375487139841
569634729324122112
569652266006941698
569680920162258945
569700397884928000
569713244320837633
567764858817773570
567769131663884290
567796792847499265
567837023014273024
567951376480907264
568319110779514880
568373807414714369
568489700232695808
568611700674584576
568620103895367680
568829891220803584
568883988338581504
568884252110159873
569127429702348800
569206925046493184
569247351392616448
569317747101982720
569341791482220545
569353454914662400
569355923396780032
569357810867138560
569366383458275329
569370553963786241
569374522157207552
569377543687700480
569555930028748800
569558153202774016
569585355319599104
569587048811761664
569596156927303681
569623948767268864
569631375487139841
569634729324122112
569652266006941698
569680920162258945
569700397884928000
569713244320837633
567764858817773570
567769131663884290
567796792847499265
567837023014273024
567951376480907264
568319110779514880
568373807414714369
568489700232695808
568611700674584576
568620103895367680
568829891220803584
568883988338581504
568884252110159873
569127429702348800
569206925046493184
569247351392616448
569317747101982720
569341791482220545
569353454914662400
569355923396780032
569357810867138560
569366383458275329
569370553963786241
569374522157207552
569377543687700480
569555930028748800
569558153202774016
569585355319599104
569587048811761664
569596156927303681
569623948767268864
569631375487139841
569634729324122112
569652266006941698
569680920162258945
569700397884928000
569713244320837633
569868818975219712
569910441423417345
569919996568215552
569948991569264640
569971542538346496
569984229393637377
569985288992264192
570031379456643072
570060997907447810
570109867031191552
570110706588262400
570232659282145280
570239998383038464
570259131879309312
