568269180153274368
568505037833396224
568596065882017792
568945639834267648
568946502615179264
568946686896132096
568947313676148737
569127429702348800
569132950006185985
569151206028931072
569716065741045760
568269180153274368
568505037833396224
568596065882017792
568945639834267648
568946502615179264
568946686896132096
568947313676148737
569127429702348800
569132950006185985
569151206028931072
569716065741045760
568269180153274368
568505037833396224
568596065882017792
568945639834267648
568946502615179264
568946686896132096
568947313676148737
569127429702348800
569132950006185985
569151206028931072
569716065741045760
569878685723049985
569937987619803136
569950510981083136
569951438329085952
570035207316885505
