567748162178125825
567774437673603073
567781477761314816
567843309349036032
567861727833894913
567967872263331840
568024213753364480
568036157482602497
568046298080923649
568672436977168385
568672781979619328
568751082547089408
568781213651087361
568811022049349633
568853290513010688
568853687130390528
568949970080018433
569125697530101760
569143996422995968
569285184605986816
569286897404669953
569353501123280896
569487167191425024
569551241967067136
569604198033170432
569604904689340416
569612280989495296
569622053214507008
569648492190179328
569671624921915392
569672292919173120
569695695868817410
569711253490409473
569727223990775808
567748162178125825
567774437673603073
567781477761314816
567843309349036032
567861727833894913
567967872263331840
568024213753364480
568036157482602497
568046298080923649
568672436977168385
568672781979619328
568751082547089408
568781213651087361
568811022049349633
568853290513010688
568853687130390528
568949970080018433
569125697530101760
569143996422995968
569285184605986816
569286897404669953
569353501123280896
569487167191425024
569551241967067136
569604198033170432
569604904689340416
569612280989495296
569622053214507008
569648492190179328
569671624921915392
569672292919173120
569695695868817410
569711253490409473
569727223990775808
569821947049218048
567748162178125825
567774437673603073
567781477761314816
567843309349036032
567861727833894913
567967872263331840
568024213753364480
568036157482602497
568046298080923649
568672436977168385
568672781979619328
568751082547089408
568781213651087361
568811022049349633
568853290513010688
568853687130390528
568949970080018433
569125697530101760
569143996422995968
569285184605986816
569286897404669953
569353501123280896
569487167191425024
569551241967067136
569604198033170432
569604904689340416
569612280989495296
569622053214507008
569648492190179328
569671624921915392
569672292919173120
569695695868817410
569711253490409473
569727223990775808
569821947049218048
569847788986462209
569860355746213893
569908123550375936
569914808339836928
569933357515026432
569950913554620416
569970865607090176
569998668775862272
570022372901847042
570081568733192192
570179813845147648
570191664628699136
570197868813918208
570300325917270018
567748162178125825
567774437673603073
567781477761314816
567843309349036032
567861727833894913
567967872263331840
568024213753364480
568036157482602497
568046298080923649
568672436977168385
568672781979619328
568751082547089408
568781213651087361
568811022049349633
568853290513010688
568853687130390528
568949970080018433
569125697530101760
569143996422995968
569285184605986816
569286897404669953
569353501123280896
569487167191425024
569551241967067136
569604198033170432
569604904689340416
569612280989495296
569622053214507008
569648492190179328
569671624921915392
569672292919173120
569695695868817410
569711253490409473
569727223990775808
569821947049218048
569847788986462209
569860355746213893
569908123550375936
569914808339836928
569933357515026432
569950913554620416
569970865607090176
569998668775862272
570022372901847042
570081568733192192
570179813845147648
570191664628699136
570197868813918208
570300325917270018
567748162178125825
567774437673603073
567781477761314816
567843309349036032
567861727833894913
567967872263331840
568024213753364480
568036157482602497
568046298080923649
568672436977168385
568672781979619328
568751082547089408
568781213651087361
568811022049349633
568853290513010688
568853687130390528
568949970080018433
569125697530101760
569143996422995968
569285184605986816
569286897404669953
569353501123280896
569487167191425024
569551241967067136
569604198033170432
569604904689340416
569612280989495296
569622053214507008
569648492190179328
569671624921915392
569672292919173120
569695695868817410
569711253490409473
569727223990775808
569821947049218048
569847788986462209
569860355746213893
569908123550375936
569914808339836928
569933357515026432
569950913554620416
569970865607090176
569998668775862272
570022372901847042
570081568733192192
570179813845147648
570191664628699136
570197868813918208
570300325917270018
567748162178125825
567774437673603073
567781477761314816
567843309349036032
567861727833894913
567967872263331840
568024213753364480
568036157482602497
568046298080923649
568672436977168385
568672781979619328
568751082547089408
568781213651087361
568811022049349633
568853290513010688
568853687130390528
568949970080018433
569125697530101760
569143996422995968
569285184605986816
569286897404669953
569353501123280896
569487167191425024
569551241967067136
569604198033170432
569604904689340416
569612280989495296
569622053214507008
569648492190179328
569671624921915392
569672292919173120
569695695868817410
569711253490409473
569727223990775808
569821947049218048
569847788986462209
569860355746213893
569908123550375936
569914808339836928
569933357515026432
569950913554620416
569970865607090176
569998668775862272
570022372901847042
570081568733192192
570179813845147648
570191664628699136
570197868813918208
570300325917270018
567748162178125825
567774437673603073
567781477761314816
567843309349036032
567861727833894913
567967872263331840
568024213753364480
568036157482602497
568046298080923649
568672436977168385
568672781979619328
568751082547089408
568781213651087361
568811022049349633
568853290513010688
568853687130390528
568949970080018433
569125697530101760
569143996422995968
569285184605986816
569286897404669953
569353501123280896
569487167191425024
569551241967067136
569604198033170432
569604904689340416
569612280989495296
569622053214507008
569648492190179328
569671624921915392
569672292919173120
569695695868817410
569711253490409473
569727223990775808
569821947049218048
569847788986462209
569860355746213893
569908123550375936
569914808339836928
569933357515026432
569950913554620416
569970865607090176
569998668775862272
570022372901847042
570081568733192192
570179813845147648
570191664628699136
570197868813918208
570300325917270018
567748162178125825
567774437673603073
567781477761314816
567843309349036032
567861727833894913
567967872263331840
568024213753364480
568036157482602497
568046298080923649
568672436977168385
568672781979619328
568751082547089408
568781213651087361
568811022049349633
568853290513010688
568853687130390528
568949970080018433
569125697530101760
569143996422995968
569285184605986816
569286897404669953
569353501123280896
569487167191425024
569551241967067136
569604198033170432
569604904689340416
569612280989495296
569622053214507008
569648492190179328
569671624921915392
569672292919173120
569695695868817410
569711253490409473
569727223990775808
569821947049218048
569847788986462209
569860355746213893
569908123550375936
569914808339836928
569933357515026432
569950913554620416
569970865607090176
569998668775862272
570022372901847042
570081568733192192
570179813845147648
570191664628699136
570197868813918208
570300325917270018
