567802570912305152
567803306928775168
567804923782627330
567842439911858176
567842647739654144
567802570912305152
567803306928775168
567804923782627330
567842439911858176
567842647739654144
567802570912305152
567803306928775168
567804923782627330
567842439911858176
567842647739654144
567802570912305152
567803306928775168
567804923782627330
567842439911858176
567842647739654144
567802570912305152
567803306928775168
567804923782627330
567842439911858176
567842647739654144
567802570912305152
567803306928775168
567804923782627330
567842439911858176
567842647739654144
567802570912305152
567803306928775168
567804923782627330
567842439911858176
567842647739654144
567802570912305152
567803306928775168
567804923782627330
567842439911858176
567842647739654144
