567857402340450305
568111779705958400
569621365634015232
569626787875053568
567857402340450305
568111779705958400
569621365634015232
569626787875053568
567857402340450305
568111779705958400
569621365634015232
569626787875053568
569851605358669824
569874944282234880
569893988846546945
567857402340450305
568111779705958400
569621365634015232
569626787875053568
569851605358669824
569874944282234880
569893988846546945
567857402340450305
568111779705958400
569621365634015232
569626787875053568
569851605358669824
569874944282234880
569893988846546945
567857402340450305
568111779705958400
569621365634015232
569626787875053568
569851605358669824
569874944282234880
569893988846546945
567857402340450305
568111779705958400
569621365634015232
569626787875053568
569851605358669824
569874944282234880
569893988846546945
567857402340450305
568111779705958400
569621365634015232
569626787875053568
569851605358669824
569874944282234880
569893988846546945
