568891084107087872
569318043702177793
569630148468670464
569668818253053952
568891084107087872
569318043702177793
569630148468670464
569668818253053952
568891084107087872
569318043702177793
569630148468670464
569668818253053952
569978537953902592
570025186000539648
568891084107087872
569318043702177793
569630148468670464
569668818253053952
569978537953902592
570025186000539648
568891084107087872
569318043702177793
569630148468670464
569668818253053952
569978537953902592
570025186000539648
568891084107087872
569318043702177793
569630148468670464
569668818253053952
569978537953902592
570025186000539648
568891084107087872
569318043702177793
569630148468670464
569668818253053952
569978537953902592
570025186000539648
568891084107087872
569318043702177793
569630148468670464
569668818253053952
569978537953902592
570025186000539648
