569584561312681984
569658243871608832
569675178227081216
569584561312681984
569658243871608832
569675178227081216
569584561312681984
569658243871608832
569675178227081216
570044497330987008
569584561312681984
569658243871608832
569675178227081216
570044497330987008
569584561312681984
569658243871608832
569675178227081216
570044497330987008
569584561312681984
569658243871608832
569675178227081216
570044497330987008
569584561312681984
569658243871608832
569675178227081216
570044497330987008
569584561312681984
569658243871608832
569675178227081216
570044497330987008
