570151672070205440
570169567374401536
570175202807586816
570175669096882176
570175761468030977
570151672070205440
570169567374401536
570175202807586816
570175669096882176
570175761468030977
570151672070205440
570169567374401536
570175202807586816
570175669096882176
570175761468030977
570151672070205440
570169567374401536
570175202807586816
570175669096882176
570175761468030977
570151672070205440
570169567374401536
570175202807586816
570175669096882176
570175761468030977
570151672070205440
570169567374401536
570175202807586816
570175669096882176
570175761468030977
