567802649526976512
568212796422406144
568571758627790849
568897013997289472
569318991224803328
567802649526976512
568212796422406144
568571758627790849
568897013997289472
569318991224803328
567802649526976512
568212796422406144
568571758627790849
568897013997289472
569318991224803328
569953847797530624
567802649526976512
568212796422406144
568571758627790849
568897013997289472
569318991224803328
569953847797530624
567802649526976512
568212796422406144
568571758627790849
568897013997289472
569318991224803328
569953847797530624
567802649526976512
568212796422406144
568571758627790849
568897013997289472
569318991224803328
569953847797530624
567802649526976512
568212796422406144
568571758627790849
568897013997289472
569318991224803328
569953847797530624
567802649526976512
568212796422406144
568571758627790849
568897013997289472
569318991224803328
569953847797530624
