567710245053407232
567719005713334276
567721738155622401
567721806040031232
567722301471199232
567726186038837248
567727599627943936
567728057700876288
567728229340172288
567728679426326528
567728800864010242
567728890206904320
567729203894702082
567732510692347904
567733682879086592
567733978363621376
567735337246806016
567735943424397312
567738154128769028
567748162178125825
567748208844365825
567748330734641152
567750529620697088
567750589040181248
567752826353225728
567754165904887810
567758009607421952
567759874403344384
567760115579621376
567765558393700352
567765893355417601
567766410169954304
567767251383808000
567767744356294656
567770722882580480
567773933928476672
567775776582672384
567776143273512961
567776258621464577
567776714303238144
567778009013178368
567778236026077185
567782645975625729
567785191901376512
567786475262345216
567786652991770629
567790177063608320
567790572833103872
567796570197086208
567799259224940544
567799518448848897
567799932897210368
567800315093979138
567802752677457920
567811776025468929
567811913586876417
567814641918832640
567821133245067264
567822065471860736
567823459276877824
567827091409092608
567831392526036992
567831549539966976
567836660899057664
567838174816395264
567838896731615234
567840815331991552
567841828411551744
567842370533867520
567842466851905536
567843811990376449
567845492849287169
567847966989508608
567851561474383873
567855566590255105
567858317831249920
567860325179072512
567863082346627072
567864523585118208
567864832235405313
567865044580638720
567870608152793088
567870895383015424
567871911960645632
567872361304821760
567874892634304512
567887103465496576
567887301021413376
567887437826908160
567893822585327616
567894187900710912
567896040982069249
567902218059264000
567904438834167809
567905540761870336
567908702088376320
567915852260978688
567951109677027328
567960564023967745
567972416846217216
567982055503622144
567984939221852160
568016802191683586
568017128286261248
568022411783888896
568022599843893248
568029222574407680
568030057769410560
568036804542275584
568046797475553280
568047159746174976
568048515932426241
568058610296565760
568064005048152065
568067878546755584
568075679008468992
568075934609346560
568076919146557440
568077930783485952
568079278505463808
568081678272307201
568088470712950784
568090175122907136
568090417641746432
568091794304401409
568092350355865600
568094172508336128
568094311159476224
568094342302322688
568095863731433473
568098115988918273
568100090390425600
568100935769006080
568100987887427584
568101606585020416
568104590387884032
568106054283882496
568106916897034241
568107363195973633
568111178708336640
568112578989137920
568115946738597888
568116602186502144
568126722903814144
568134243177463815
568136806224379904
568139007617597440
568140628959358976
568143658089717761
568144831496593408
568145575452876800
568157491927896064
568158670489387008
568161901089132544
568161997935607808
568162091175182336
568170493544673280
568172839758630912
568175282919739392
568176925845237760
568181761114546176
568182544124014592
568188203397574656
568189481590886400
568192942088843264
568194770524221440
568195292803129345
568200385849995264
568202255205335041
568203709802532864
568203839242764288
568204964742496256
568208027775569920
568209603332214784
568211021497638912
568211517398786048
568215000306724864
568216602866376704
568226026209341441
568230767714799616
568231913040814080
568232723170484224
568238725626355712
568239330168315905
568241989453393920
568249132323770368
568250000028925952
568250159689113600
568254094739148800
568269372151734273
568353091407495168
568354818344923136
568356849189150721
568372335012679680
568374502582816768
568382196081229824
568387362239205376
568396209091702784
568399913358221312
568403649753448448
568408789512105985
568411114448523264
568414872578465792
568416305101070336
568425343452721152
568426489055719425
568427853265571840
568428263762214913
568429191546277888
568431007654924288
568432638823772160
568433610765815808
568434065067491328
568440431454736384
568442989258911745
568444203883204608
568447062976524288
568447131431931904
568451916319096832
568453351479721986
568454321219596289
568456567835619328
568457722909368320
568466642193104897
568467366780264448
568470715009277952
568473361388572672
568475305675001857
568481179646758913
568481836290220033
568482472880697345
568486436355346432
568487509958774784
568490726419517441
568491593512198144
568495595440234496
568496664677363712
568509134276050945
568521376245501956
568521960088449025
568522028627533824
568523003778084864
568528082841112576
568533099908182016
568545534056787968
568547227527819264
568549214696935424
568550060461408257
568552050797068290
568552347812524032
568558050635747328
568562849447948288
568564757172764672
568568197147799552
568571642265227264
568574059652489217
568574188086296576
568574614110117888
568574960035360768
568580515013398528
568581984055906304
568584104641368064
568584434376577024
568585421518544897
568587429830983680
568587821264609280
568588936852799488
568589019925368833
568591158777122818
568594180014014464
568594726317887488
568606238428270594
568611300609118208
568611482780508161
568611700674584576
568615445596471296
568622478081306624
568627373027020800
568632724078125056
568634515884789761
568635531900243968
568644260129419264
568644286306242561
568672467889176577
568673970251116544
568677157569826816
568677317590937600
568716027577696256
568755032138469376
568757166674460672
568757775205056512
568757933502148608
568760152129720320
568773342053969920
568773869512761345
568775413192921088
568781450146787328
568783455338819584
568784295759777797
568785393358905345
568789500727570432
568795018816675841
568796340714639360
568796449863028736
568800805475782656
568806899275018241
568807894264578048
568807908374286336
568807947423375360
568809620019527680
568810180269494272
568810874204327936
568811069575204864
568812675175591936
568813356296982528
568813570709782529
568813649336381440
568814123540221952
568816016622354432
568823136600371200
568828064152424448
568829196962828289
568830255282040832
568833608460283904
568836365309190145
568839036007260162
568845545986400256
568846061307084800
568846499431337984
568848068977799168
568853290513010688
568853440794730496
568870394708545536
568872365146251264
568877748967444480
568880036234682370
568884379600224258
568887349481861120
568889146179072000
568890203923980288
568894073345437697
568894423507058688
568898792755470336
568899587424931840
568900980080709632
568909605499215872
568913623327703040
568917054004334592
568920607347384321
568926999680569344
568927281747505152
568927631103696896
568928163058724865
568931215149039617
568937741037088768
568938647795314688
568940291530493952
568940548301549568
568947860424642560
568948848263081986
568949828518084608
568951922734055424
568954934084788224
568958697856040961
568959665360384000
568962468766212097
568963398781808640
568964974611193858
568966274887389185
568966330315091968
568966873880137728
568969274410168321
568969600559226880
568977086922297345
568977167410802688
568981931599237120
568984515298922496
568993159419535360
568994507074772992
568995256525398016
568995644276383744
568996575617409026
569003165984534528
569003484701282304
569007629868998656
569011048843313153
569012492598251520
569015379021795328
569016065600008193
569020707113476096
569024126641311744
569033988855037952
569040346262282241
569086048388538368
569087906851135488
569098396914421763
569102942088900608
569107706302357504
569114030268424192
569114772211437568
569115621213884417
569119503516246016
569138202424025088
569139808804605953
569143186439991296
569143454434926592
569146504004415489
569150828952444928
569153793058672641
569153841083625473
569158546404864001
569159165626716160
569162211748245504
569162600237236224
569169887689641984
569171651381702657
569177080014901248
569180531742486528
569181243385909249
569183494259273728
569188782492266496
569191875271372801
569192778468626432
569206387483525120
569207235953307648
569208219072991233
569211825218318336
569213197485514752
569213503954915329
569220920218296320
569224824066842624
569226157901684736
569226460281610241
569230193220554753
569232738655412225
569234806543929344
569235155061227520
569235727558447105
569238877178716161
569244201021362176
569246373020717057
569249223897526272
569250085516681216
569250469178175488
569253190551498752
569254020457635840
569260955953176578
569261053927919616
569264951401054208
569267194028298241
569269761240010752
569275000232013825
569275249725870080
569275430311751682
569283845985427457
569294070129930240
569296356143050754
569296585697464320
569296792426295297
569299401643917313
569300431412850688
569306302964506624
569308168364425216
569312688272052224
569313126342123520
569313734566547456
569318589817364481
569321800359927808
569322419036356608
569325511635308544
569329401122426880
569333461401481216
569335998083174400
569337645878390784
569342220534288384
569342650068934657
569343781092401152
569347252550017026
569347934866636800
569348268154609664
569348678911021056
569349932131487746
569350924633812992
569351147930169344
569353454914662400
569353669738688512
569356553977012225
569358646892748801
569359793800024064
569364328857640961
569364610572259328
569365604832047104
569365692618661888
569366383458275329
569366960871333889
569372422509453313
569373336922230784
569373631999926272
569382407847211008
569387453418762241
569387570364198913
569415076400242688
569420237189181440
569421367243878400
569429468781150208
569437674257276930
569438126806052864
569443675194966016
569456828511326208
569459543236874240
569461666695524352
569465622301552641
569468659648872448
569472029717610496
569473998519578624
569475245708419072
569478023839416320
569478901166055424
569483987564961792
569492838448300032
569495331399995392
569498738856755200
569502353797173248
569504176306331649
569504813915832321
569506137013420032
569512408420622336
569512447717085185
569514168576974848
569518608797323265
569519156502106112
569522767868989440
569523440547291136
569523831460761601
569525116725567491
569527176350969856
569527721916796929
569528923769298945
569529020892651521
569532310716080129
569533098402009088
569533355248766976
569533394025099265
569533663211356161
569533875308916736
569535203888271361
569538992980566017
569540405676654592
569540460810620928
569541106112827393
569541291467522048
569543665221136384
569545323657494528
569546412121202689
569547782039728129
569548316700254208
569551374867939328
569552947903754240
569558286216929280
569560154619965440
569568010555432960
569569120951390209
569571731649667072
569572536834498560
569573704902049793
569575176322424832
569576214047760385
569578016843669504
569581400850096128
569582862472577024
569585343084650496
569585747503611905
569587048811761664
569587663692554242
569588348593025024
569589319846854658
569589460226183168
569589493138731009
569591285150908416
569591393540288512
569591533617307648
569594026732740609
569595399557685248
569596034059358208
569598588378087426
569598985737867265
569601275672829952
569603273033945090
569604425238454273
569606005618638848
569606089316167680
569606248095576064
569607757784952832
569608570066436096
569608733321498627
569608866138173440
569611259357863936
569611341394264064
569613265631780865
569613272049012736
569613523648532480
569614436660432896
569615410720432128
569615444300185600
569616283706077184
569616362223628289
569616839761743872
569617704644165632
569618014141751298
569618538924789760
569619001820590081
569620944160886784
569621349095702528
569622618195652608
569623364337168384
569624798860587008
569626585365671938
569626703959494656
569632420468625408
569632584424153088
569633643821441024
569634891857600514
569636013443719169
569636447956930561
569637147067551746
569638063825154049
569638751598563328
569638919131627522
569639607639285761
569640847119163394
569641259826061312
569641805073031168
569641915114659840
569642200595898368
569642899828133888
569643354557796353
569644171331538945
569644350906310657
569644637343711232
569646886610702337
569647146712113152
569647318535786496
569648713980715010
569649125525983233
569649297731399682
569650813070483457
569650936911683586
569651357491326976
569651459152859137
569654319391354880
569654332246904832
569656727995600896
569658153115250689
569658243871608832
569659668412407808
569660501526859776
569660691256188929
569662113989439488
569662789377064960
569663371353546752
569663725172436992
569665225940709376
569665295381614594
569665600403808256
569665738165891073
569665976062644224
569666011147821057
569666513352806400
569666679963312129
569667782910058496
569668179758350336
569668310637404163
569669129130647552
569670802867556352
569671173136637953
569672095753502720
569672510565969920
569674356915347456
569675530792013824
569676450552537088
569677513539981313
569678065422311424
569678620878376960
569678787383857152
569678975049588737
569679871707783168
569680398185312256
569682422981218304
569682545375354880
569683041578192896
569683334311366656
569683748901367808
569683866908286976
569685692038557696
569685890349404160
569687244031852544
569688201222160385
569688669100994561
569688822180503552
569691648579338240
569692664720797696
569692936880791552
569694483769659392
569695553644322816
569699171868938241
569699471954587648
569700068476866560
569701607144693760
569701794567163905
569703802783145984
569704597922557952
569705220088795136
569706041673322498
569713556935077888
569715539821654017
569715656632999936
569716065741045760
569716101027745792
569716449704587265
569718205524127745
569720084484083712
569721379823554562
569721410542645248
569723932355358720
569729732952109056
569730123210948608
569736870927556608
569738487269756928
569739141635817472
569739521291452416
569740152966238208
569741221783957504
569742876793372672
569746612433629184
569746687805095936
569749896095358977
569750540302680064
569753797704024065
569758349354340352
569762067097501697
569762365572558848
569768294648905728
569769606761439232
569769624780165120
569769633995104256
569769708569767936
569771270839013376
569772113378217984
569774078233419776
569774273851568128
569787479324299265
569794658479394817
569795913788428288
569799181394538496
569804373859020801
569805215605456896
569805235255783424
569817817522044928
567710245053407232
567719005713334276
567721738155622401
567721806040031232
567722301471199232
567726186038837248
567727599627943936
567728057700876288
567728229340172288
567728679426326528
567728800864010242
567728890206904320
567729203894702082
567732510692347904
567733682879086592
567733978363621376
567735337246806016
567735943424397312
567738154128769028
567748162178125825
567748208844365825
567748330734641152
567750529620697088
567750589040181248
567752826353225728
567754165904887810
567758009607421952
567759874403344384
567760115579621376
567765558393700352
567765893355417601
567766410169954304
567767251383808000
567767744356294656
567770722882580480
567773933928476672
567775776582672384
567776143273512961
567776258621464577
567776714303238144
567778009013178368
567778236026077185
567782645975625729
567785191901376512
567786475262345216
567786652991770629
567790177063608320
567790572833103872
567796570197086208
567799259224940544
567799518448848897
567799932897210368
567800315093979138
567802752677457920
567811776025468929
567811913586876417
567814641918832640
567821133245067264
567822065471860736
567823459276877824
567827091409092608
567831392526036992
567831549539966976
567836660899057664
567838174816395264
567838896731615234
567840815331991552
567841828411551744
567842370533867520
567842466851905536
567843811990376449
567845492849287169
567847966989508608
567851561474383873
567855566590255105
567858317831249920
567860325179072512
567863082346627072
567864523585118208
567864832235405313
567865044580638720
567870608152793088
567870895383015424
567871911960645632
567872361304821760
567874892634304512
567887103465496576
567887301021413376
567887437826908160
567893822585327616
567894187900710912
567896040982069249
567902218059264000
567904438834167809
567905540761870336
567908702088376320
567915852260978688
567951109677027328
567960564023967745
567972416846217216
567982055503622144
567984939221852160
568016802191683586
568017128286261248
568022411783888896
568022599843893248
568029222574407680
568030057769410560
568036804542275584
568046797475553280
568047159746174976
568048515932426241
568058610296565760
568064005048152065
568067878546755584
568075679008468992
568075934609346560
568076919146557440
568077930783485952
568079278505463808
568081678272307201
568088470712950784
568090175122907136
568090417641746432
568091794304401409
568092350355865600
568094172508336128
568094311159476224
568094342302322688
568095863731433473
568098115988918273
568100090390425600
568100935769006080
568100987887427584
568101606585020416
568104590387884032
568106054283882496
568106916897034241
568107363195973633
568111178708336640
568112578989137920
568115946738597888
568116602186502144
568126722903814144
568134243177463815
568136806224379904
568139007617597440
568140628959358976
568143658089717761
568144831496593408
568145575452876800
568157491927896064
568158670489387008
568161901089132544
568161997935607808
568162091175182336
568170493544673280
568172839758630912
568175282919739392
568176925845237760
568181761114546176
568182544124014592
568188203397574656
568189481590886400
568192942088843264
568194770524221440
568195292803129345
568200385849995264
568202255205335041
568203709802532864
568203839242764288
568204964742496256
568208027775569920
568209603332214784
568211021497638912
568211517398786048
568215000306724864
568216602866376704
568226026209341441
568230767714799616
568231913040814080
568232723170484224
568238725626355712
568239330168315905
568241989453393920
568249132323770368
568250000028925952
568250159689113600
568254094739148800
568269372151734273
568353091407495168
568354818344923136
568356849189150721
568372335012679680
568374502582816768
568382196081229824
568387362239205376
568396209091702784
568399913358221312
568403649753448448
568408789512105985
568411114448523264
568414872578465792
568416305101070336
568425343452721152
568426489055719425
568427853265571840
568428263762214913
568429191546277888
568431007654924288
568432638823772160
568433610765815808
568434065067491328
568440431454736384
568442989258911745
568444203883204608
568447062976524288
568447131431931904
568451916319096832
568453351479721986
568454321219596289
568456567835619328
568457722909368320
568466642193104897
568467366780264448
568470715009277952
568473361388572672
568475305675001857
568481179646758913
568481836290220033
568482472880697345
568486436355346432
568487509958774784
568490726419517441
568491593512198144
568495595440234496
568496664677363712
568509134276050945
568521376245501956
568521960088449025
568522028627533824
568523003778084864
568528082841112576
568533099908182016
568545534056787968
568547227527819264
568549214696935424
568550060461408257
568552050797068290
568552347812524032
568558050635747328
568562849447948288
568564757172764672
568568197147799552
568571642265227264
568574059652489217
568574188086296576
568574614110117888
568574960035360768
568580515013398528
568581984055906304
568584104641368064
568584434376577024
568585421518544897
568587429830983680
568587821264609280
568588936852799488
568589019925368833
568591158777122818
568594180014014464
568594726317887488
568606238428270594
568611300609118208
568611482780508161
568611700674584576
568615445596471296
568622478081306624
568627373027020800
568632724078125056
568634515884789761
568635531900243968
568644260129419264
568644286306242561
568672467889176577
568673970251116544
568677157569826816
568677317590937600
568716027577696256
568755032138469376
568757166674460672
568757775205056512
568757933502148608
568760152129720320
568773342053969920
568773869512761345
568775413192921088
568781450146787328
568783455338819584
568784295759777797
568785393358905345
568789500727570432
568795018816675841
568796340714639360
568796449863028736
568800805475782656
568806899275018241
568807894264578048
568807908374286336
568807947423375360
568809620019527680
568810180269494272
568810874204327936
568811069575204864
568812675175591936
568813356296982528
568813570709782529
568813649336381440
568814123540221952
568816016622354432
568823136600371200
568828064152424448
568829196962828289
568830255282040832
568833608460283904
568836365309190145
568839036007260162
568845545986400256
568846061307084800
568846499431337984
568848068977799168
568853290513010688
568853440794730496
568870394708545536
568872365146251264
568877748967444480
568880036234682370
568884379600224258
568887349481861120
568889146179072000
568890203923980288
568894073345437697
568894423507058688
568898792755470336
568899587424931840
568900980080709632
568909605499215872
568913623327703040
568917054004334592
568920607347384321
568926999680569344
568927281747505152
568927631103696896
568928163058724865
568931215149039617
568937741037088768
568938647795314688
568940291530493952
568940548301549568
568947860424642560
568948848263081986
568949828518084608
568951922734055424
568954934084788224
568958697856040961
568959665360384000
568962468766212097
568963398781808640
568964974611193858
568966274887389185
568966330315091968
568966873880137728
568969274410168321
568969600559226880
568977086922297345
568977167410802688
568981931599237120
568984515298922496
568993159419535360
568994507074772992
568995256525398016
568995644276383744
568996575617409026
569003165984534528
569003484701282304
569007629868998656
569011048843313153
569012492598251520
569015379021795328
569016065600008193
569020707113476096
569024126641311744
569033988855037952
569040346262282241
569086048388538368
569087906851135488
569098396914421763
569102942088900608
569107706302357504
569114030268424192
569114772211437568
569115621213884417
569119503516246016
569138202424025088
569139808804605953
569143186439991296
569143454434926592
569146504004415489
569150828952444928
569153793058672641
569153841083625473
569158546404864001
569159165626716160
569162211748245504
569162600237236224
569169887689641984
569171651381702657
569177080014901248
569180531742486528
569181243385909249
569183494259273728
569188782492266496
569191875271372801
569192778468626432
569206387483525120
569207235953307648
569208219072991233
569211825218318336
569213197485514752
569213503954915329
569220920218296320
569224824066842624
569226157901684736
569226460281610241
569230193220554753
569232738655412225
569234806543929344
569235155061227520
569235727558447105
569238877178716161
569244201021362176
569246373020717057
569249223897526272
569250085516681216
569250469178175488
569253190551498752
569254020457635840
569260955953176578
569261053927919616
569264951401054208
569267194028298241
569269761240010752
569275000232013825
569275249725870080
569275430311751682
569283845985427457
569294070129930240
569296356143050754
569296585697464320
569296792426295297
569299401643917313
569300431412850688
569306302964506624
569308168364425216
569312688272052224
569313126342123520
569313734566547456
569318589817364481
569321800359927808
569322419036356608
569325511635308544
569329401122426880
569333461401481216
569335998083174400
569337645878390784
569342220534288384
569342650068934657
569343781092401152
569347252550017026
569347934866636800
569348268154609664
569348678911021056
569349932131487746
569350924633812992
569351147930169344
569353454914662400
569353669738688512
569356553977012225
569358646892748801
569359793800024064
569364328857640961
569364610572259328
569365604832047104
569365692618661888
569366383458275329
569366960871333889
569372422509453313
569373336922230784
569373631999926272
569382407847211008
569387453418762241
569387570364198913
569415076400242688
569420237189181440
569421367243878400
569429468781150208
569437674257276930
569438126806052864
569443675194966016
569456828511326208
569459543236874240
569461666695524352
569465622301552641
569468659648872448
569472029717610496
569473998519578624
569475245708419072
569478023839416320
569478901166055424
569483987564961792
569492838448300032
569495331399995392
569498738856755200
569502353797173248
569504176306331649
569504813915832321
569506137013420032
569512408420622336
569512447717085185
569514168576974848
569518608797323265
569519156502106112
569522767868989440
569523440547291136
569523831460761601
569525116725567491
569527176350969856
569527721916796929
569528923769298945
569529020892651521
569532310716080129
569533098402009088
569533355248766976
569533394025099265
569533663211356161
569533875308916736
569535203888271361
569538992980566017
569540405676654592
569540460810620928
569541106112827393
569541291467522048
569543665221136384
569545323657494528
569546412121202689
569547782039728129
569548316700254208
569551374867939328
569552947903754240
569558286216929280
569560154619965440
569568010555432960
569569120951390209
569571731649667072
569572536834498560
569573704902049793
569575176322424832
569576214047760385
569578016843669504
569581400850096128
569582862472577024
569585343084650496
569585747503611905
569587048811761664
569587663692554242
569588348593025024
569589319846854658
569589460226183168
569589493138731009
569591285150908416
569591393540288512
569591533617307648
569594026732740609
569595399557685248
569596034059358208
569598588378087426
569598985737867265
569601275672829952
569603273033945090
569604425238454273
569606005618638848
569606089316167680
569606248095576064
569607757784952832
569608570066436096
569608733321498627
569608866138173440
569611259357863936
569611341394264064
569613265631780865
569613272049012736
569613523648532480
569614436660432896
569615410720432128
569615444300185600
569616283706077184
569616362223628289
569616839761743872
569617704644165632
569618014141751298
569618538924789760
569619001820590081
569620944160886784
569621349095702528
569622618195652608
569623364337168384
569624798860587008
569626585365671938
569626703959494656
569632420468625408
569632584424153088
569633643821441024
569634891857600514
569636013443719169
569636447956930561
569637147067551746
569638063825154049
569638751598563328
569638919131627522
569639607639285761
569640847119163394
569641259826061312
569641805073031168
569641915114659840
569642200595898368
569642899828133888
569643354557796353
569644171331538945
569644350906310657
569644637343711232
569646886610702337
569647146712113152
569647318535786496
569648713980715010
569649125525983233
569649297731399682
569650813070483457
569650936911683586
569651357491326976
569651459152859137
569654319391354880
569654332246904832
569656727995600896
569658153115250689
569658243871608832
569659668412407808
569660501526859776
569660691256188929
569662113989439488
569662789377064960
569663371353546752
569663725172436992
569665225940709376
569665295381614594
569665600403808256
569665738165891073
569665976062644224
569666011147821057
569666513352806400
569666679963312129
569667782910058496
569668179758350336
569668310637404163
569669129130647552
569670802867556352
569671173136637953
569672095753502720
569672510565969920
569674356915347456
569675530792013824
569676450552537088
569677513539981313
569678065422311424
569678620878376960
569678787383857152
569678975049588737
569679871707783168
569680398185312256
569682422981218304
569682545375354880
569683041578192896
569683334311366656
569683748901367808
569683866908286976
569685692038557696
569685890349404160
569687244031852544
569688201222160385
569688669100994561
569688822180503552
569691648579338240
569692664720797696
569692936880791552
569694483769659392
569695553644322816
569699171868938241
569699471954587648
569700068476866560
569701607144693760
569701794567163905
569703802783145984
569704597922557952
569705220088795136
569706041673322498
569713556935077888
569715539821654017
569715656632999936
569716065741045760
569716101027745792
569716449704587265
569718205524127745
569720084484083712
569721379823554562
569721410542645248
569723932355358720
569729732952109056
569730123210948608
569736870927556608
569738487269756928
569739141635817472
569739521291452416
569740152966238208
569741221783957504
569742876793372672
569746612433629184
569746687805095936
569749896095358977
569750540302680064
569753797704024065
569758349354340352
569762067097501697
569762365572558848
569768294648905728
569769606761439232
569769624780165120
569769633995104256
569769708569767936
569771270839013376
569772113378217984
569774078233419776
569774273851568128
569787479324299265
569794658479394817
569795913788428288
569799181394538496
569804373859020801
569805215605456896
569805235255783424
569817817522044928
569820790905970688
569826633152110592
569827602589835265
569827699243544576
569835312106618880
569835766416867328
569837152332333056
569838466697175040
569840341899026432
569842095483199488
569843331930263552
567710245053407232
567719005713334276
567721738155622401
567721806040031232
567722301471199232
567726186038837248
567727599627943936
567728057700876288
567728229340172288
567728679426326528
567728800864010242
567728890206904320
567729203894702082
567732510692347904
567733682879086592
567733978363621376
567735337246806016
567735943424397312
567738154128769028
567748162178125825
567748208844365825
567748330734641152
567750529620697088
567750589040181248
567752826353225728
567754165904887810
567758009607421952
567759874403344384
567760115579621376
567765558393700352
567765893355417601
567766410169954304
567767251383808000
567767744356294656
567770722882580480
567773933928476672
567775776582672384
567776143273512961
567776258621464577
567776714303238144
567778009013178368
567778236026077185
567782645975625729
567785191901376512
567786475262345216
567786652991770629
567790177063608320
567790572833103872
567796570197086208
567799259224940544
567799518448848897
567799932897210368
567800315093979138
567802752677457920
567811776025468929
567811913586876417
567814641918832640
567821133245067264
567822065471860736
567823459276877824
567827091409092608
567831392526036992
567831549539966976
567836660899057664
567838174816395264
567838896731615234
567840815331991552
567841828411551744
567842370533867520
567842466851905536
567843811990376449
567845492849287169
567847966989508608
567851561474383873
567855566590255105
567858317831249920
567860325179072512
567863082346627072
567864523585118208
567864832235405313
567865044580638720
567870608152793088
567870895383015424
567871911960645632
567872361304821760
567874892634304512
567887103465496576
567887301021413376
567887437826908160
567893822585327616
567894187900710912
567896040982069249
567902218059264000
567904438834167809
567905540761870336
567908702088376320
567915852260978688
567951109677027328
567960564023967745
567972416846217216
567982055503622144
567984939221852160
568016802191683586
568017128286261248
568022411783888896
568022599843893248
568029222574407680
568030057769410560
568036804542275584
568046797475553280
568047159746174976
568048515932426241
568058610296565760
568064005048152065
568067878546755584
568075679008468992
568075934609346560
568076919146557440
568077930783485952
568079278505463808
568081678272307201
568088470712950784
568090175122907136
568090417641746432
568091794304401409
568092350355865600
568094172508336128
568094311159476224
568094342302322688
568095863731433473
568098115988918273
568100090390425600
568100935769006080
568100987887427584
568101606585020416
568104590387884032
568106054283882496
568106916897034241
568107363195973633
568111178708336640
568112578989137920
568115946738597888
568116602186502144
568126722903814144
568134243177463815
568136806224379904
568139007617597440
568140628959358976
568143658089717761
568144831496593408
568145575452876800
568157491927896064
568158670489387008
568161901089132544
568161997935607808
568162091175182336
568170493544673280
568172839758630912
568175282919739392
568176925845237760
568181761114546176
568182544124014592
568188203397574656
568189481590886400
568192942088843264
568194770524221440
568195292803129345
568200385849995264
568202255205335041
568203709802532864
568203839242764288
568204964742496256
568208027775569920
568209603332214784
568211021497638912
568211517398786048
568215000306724864
568216602866376704
568226026209341441
568230767714799616
568231913040814080
568232723170484224
568238725626355712
568239330168315905
568241989453393920
568249132323770368
568250000028925952
568250159689113600
568254094739148800
568269372151734273
568353091407495168
568354818344923136
568356849189150721
568372335012679680
568374502582816768
568382196081229824
568387362239205376
568396209091702784
568399913358221312
568403649753448448
568408789512105985
568411114448523264
568414872578465792
568416305101070336
568425343452721152
568426489055719425
568427853265571840
568428263762214913
568429191546277888
568431007654924288
568432638823772160
568433610765815808
568434065067491328
568440431454736384
568442989258911745
568444203883204608
568447062976524288
568447131431931904
568451916319096832
568453351479721986
568454321219596289
568456567835619328
568457722909368320
568466642193104897
568467366780264448
568470715009277952
568473361388572672
568475305675001857
568481179646758913
568481836290220033
568482472880697345
568486436355346432
568487509958774784
568490726419517441
568491593512198144
568495595440234496
568496664677363712
568509134276050945
568521376245501956
568521960088449025
568522028627533824
568523003778084864
568528082841112576
568533099908182016
568545534056787968
568547227527819264
568549214696935424
568550060461408257
568552050797068290
568552347812524032
568558050635747328
568562849447948288
568564757172764672
568568197147799552
568571642265227264
568574059652489217
568574188086296576
568574614110117888
568574960035360768
568580515013398528
568581984055906304
568584104641368064
568584434376577024
568585421518544897
568587429830983680
568587821264609280
568588936852799488
568589019925368833
568591158777122818
568594180014014464
568594726317887488
568606238428270594
568611300609118208
568611482780508161
568611700674584576
568615445596471296
568622478081306624
568627373027020800
568632724078125056
568634515884789761
568635531900243968
568644260129419264
568644286306242561
568672467889176577
568673970251116544
568677157569826816
568677317590937600
568716027577696256
568755032138469376
568757166674460672
568757775205056512
568757933502148608
568760152129720320
568773342053969920
568773869512761345
568775413192921088
568781450146787328
568783455338819584
568784295759777797
568785393358905345
568789500727570432
568795018816675841
568796340714639360
568796449863028736
568800805475782656
568806899275018241
568807894264578048
568807908374286336
568807947423375360
568809620019527680
568810180269494272
568810874204327936
568811069575204864
568812675175591936
568813356296982528
568813570709782529
568813649336381440
568814123540221952
568816016622354432
568823136600371200
568828064152424448
568829196962828289
568830255282040832
568833608460283904
568836365309190145
568839036007260162
568845545986400256
568846061307084800
568846499431337984
568848068977799168
568853290513010688
568853440794730496
568870394708545536
568872365146251264
568877748967444480
568880036234682370
568884379600224258
568887349481861120
568889146179072000
568890203923980288
568894073345437697
568894423507058688
568898792755470336
568899587424931840
568900980080709632
568909605499215872
568913623327703040
568917054004334592
568920607347384321
568926999680569344
568927281747505152
568927631103696896
568928163058724865
568931215149039617
568937741037088768
568938647795314688
568940291530493952
568940548301549568
568947860424642560
568948848263081986
568949828518084608
568951922734055424
568954934084788224
568958697856040961
568959665360384000
568962468766212097
568963398781808640
568964974611193858
568966274887389185
568966330315091968
568966873880137728
568969274410168321
568969600559226880
568977086922297345
568977167410802688
568981931599237120
568984515298922496
568993159419535360
568994507074772992
568995256525398016
568995644276383744
568996575617409026
569003165984534528
569003484701282304
569007629868998656
569011048843313153
569012492598251520
569015379021795328
569016065600008193
569020707113476096
569024126641311744
569033988855037952
569040346262282241
569086048388538368
569087906851135488
569098396914421763
569102942088900608
569107706302357504
569114030268424192
569114772211437568
569115621213884417
569119503516246016
569138202424025088
569139808804605953
569143186439991296
569143454434926592
569146504004415489
569150828952444928
569153793058672641
569153841083625473
569158546404864001
569159165626716160
569162211748245504
569162600237236224
569169887689641984
569171651381702657
569177080014901248
569180531742486528
569181243385909249
569183494259273728
569188782492266496
569191875271372801
569192778468626432
569206387483525120
569207235953307648
569208219072991233
569211825218318336
569213197485514752
569213503954915329
569220920218296320
569224824066842624
569226157901684736
569226460281610241
569230193220554753
569232738655412225
569234806543929344
569235155061227520
569235727558447105
569238877178716161
569244201021362176
569246373020717057
569249223897526272
569250085516681216
569250469178175488
569253190551498752
569254020457635840
569260955953176578
569261053927919616
569264951401054208
569267194028298241
569269761240010752
569275000232013825
569275249725870080
569275430311751682
569283845985427457
569294070129930240
569296356143050754
569296585697464320
569296792426295297
569299401643917313
569300431412850688
569306302964506624
569308168364425216
569312688272052224
569313126342123520
569313734566547456
569318589817364481
569321800359927808
569322419036356608
569325511635308544
569329401122426880
569333461401481216
569335998083174400
569337645878390784
569342220534288384
569342650068934657
569343781092401152
569347252550017026
569347934866636800
569348268154609664
569348678911021056
569349932131487746
569350924633812992
569351147930169344
569353454914662400
569353669738688512
569356553977012225
569358646892748801
569359793800024064
569364328857640961
569364610572259328
569365604832047104
569365692618661888
569366383458275329
569366960871333889
569372422509453313
569373336922230784
569373631999926272
569382407847211008
569387453418762241
569387570364198913
569415076400242688
569420237189181440
569421367243878400
569429468781150208
569437674257276930
569438126806052864
569443675194966016
569456828511326208
569459543236874240
569461666695524352
569465622301552641
569468659648872448
569472029717610496
569473998519578624
569475245708419072
569478023839416320
569478901166055424
569483987564961792
569492838448300032
569495331399995392
569498738856755200
569502353797173248
569504176306331649
569504813915832321
569506137013420032
569512408420622336
569512447717085185
569514168576974848
569518608797323265
569519156502106112
569522767868989440
569523440547291136
569523831460761601
569525116725567491
569527176350969856
569527721916796929
569528923769298945
569529020892651521
569532310716080129
569533098402009088
569533355248766976
569533394025099265
569533663211356161
569533875308916736
569535203888271361
569538992980566017
569540405676654592
569540460810620928
569541106112827393
569541291467522048
569543665221136384
569545323657494528
569546412121202689
569547782039728129
569548316700254208
569551374867939328
569552947903754240
569558286216929280
569560154619965440
569568010555432960
569569120951390209
569571731649667072
569572536834498560
569573704902049793
569575176322424832
569576214047760385
569578016843669504
569581400850096128
569582862472577024
569585343084650496
569585747503611905
569587048811761664
569587663692554242
569588348593025024
569589319846854658
569589460226183168
569589493138731009
569591285150908416
569591393540288512
569591533617307648
569594026732740609
569595399557685248
569596034059358208
569598588378087426
569598985737867265
569601275672829952
569603273033945090
569604425238454273
569606005618638848
569606089316167680
569606248095576064
569607757784952832
569608570066436096
569608733321498627
569608866138173440
569611259357863936
569611341394264064
569613265631780865
569613272049012736
569613523648532480
569614436660432896
569615410720432128
569615444300185600
569616283706077184
569616362223628289
569616839761743872
569617704644165632
569618014141751298
569618538924789760
569619001820590081
569620944160886784
569621349095702528
569622618195652608
569623364337168384
569624798860587008
569626585365671938
569626703959494656
569632420468625408
569632584424153088
569633643821441024
569634891857600514
569636013443719169
569636447956930561
569637147067551746
569638063825154049
569638751598563328
569638919131627522
569639607639285761
569640847119163394
569641259826061312
569641805073031168
569641915114659840
569642200595898368
569642899828133888
569643354557796353
569644171331538945
569644350906310657
569644637343711232
569646886610702337
569647146712113152
569647318535786496
569648713980715010
569649125525983233
569649297731399682
569650813070483457
569650936911683586
569651357491326976
569651459152859137
569654319391354880
569654332246904832
569656727995600896
569658153115250689
569658243871608832
569659668412407808
569660501526859776
569660691256188929
569662113989439488
569662789377064960
569663371353546752
569663725172436992
569665225940709376
569665295381614594
569665600403808256
569665738165891073
569665976062644224
569666011147821057
569666513352806400
569666679963312129
569667782910058496
569668179758350336
569668310637404163
569669129130647552
569670802867556352
569671173136637953
569672095753502720
569672510565969920
569674356915347456
569675530792013824
569676450552537088
569677513539981313
569678065422311424
569678620878376960
569678787383857152
569678975049588737
569679871707783168
569680398185312256
569682422981218304
569682545375354880
569683041578192896
569683334311366656
569683748901367808
569683866908286976
569685692038557696
569685890349404160
569687244031852544
569688201222160385
569688669100994561
569688822180503552
569691648579338240
569692664720797696
569692936880791552
569694483769659392
569695553644322816
569699171868938241
569699471954587648
569700068476866560
569701607144693760
569701794567163905
569703802783145984
569704597922557952
569705220088795136
569706041673322498
569713556935077888
569715539821654017
569715656632999936
569716065741045760
569716101027745792
569716449704587265
569718205524127745
569720084484083712
569721379823554562
569721410542645248
569723932355358720
569729732952109056
569730123210948608
569736870927556608
569738487269756928
569739141635817472
569739521291452416
569740152966238208
569741221783957504
569742876793372672
569746612433629184
569746687805095936
569749896095358977
569750540302680064
569753797704024065
569758349354340352
569762067097501697
569762365572558848
569768294648905728
569769606761439232
569769624780165120
569769633995104256
569769708569767936
569771270839013376
569772113378217984
569774078233419776
569774273851568128
569787479324299265
569794658479394817
569795913788428288
569799181394538496
569804373859020801
569805215605456896
569805235255783424
569817817522044928
569820790905970688
569826633152110592
569827602589835265
569827699243544576
569835312106618880
569835766416867328
569837152332333056
569838466697175040
569840341899026432
569842095483199488
569843331930263552
569844812783996928
569848398129565696
569849517077622786
569852334324518912
569853714149867521
569853969469734912
569856109613166593
569860677650636801
569863229356310528
569865637666930688
569867607341436928
569867786572341252
569870007368331264
569870248779902976
569873091763032065
569876171875328000
569879234572718080
569880251767123968
569881004262989824
569881123741937664
569883152493240320
569884071758835712
569884438504427520
569885003020181504
569886612538023936
569887584861749250
569889139593646080
569891350302367745
569893516609847297
569895210777501696
569895266670612480
569898033128693760
569901094945611776
569903058299199488
569903253183455233
569904824793362433
569905534020820992
569907773309214721
569908759125991424
569910299983130625
569910441423417345
569911064105754624
569911255399596032
569912710848057344
569912776199704578
569913667476549632
569914468404035584
569915248620150786
569916061891633153
569916606064828416
569917363891499008
569920406737432577
569920618843521024
569920723038416897
569920760522764288
569920773105840128
569921267601580032
569921842204565504
569922214255919105
569923825179054081
569924418320740352
569924793232785408
569925091095646209
569925511394119680
569925709025509376
569926460036657152
569930805688053761
569932287380467712
569932669288652800
569933724743274496
569934076641030146
569935818783125504
569936348217352194
569936861398994945
569936893166489600
569937119411462144
569937638674829313
569940462678749186
569941082420568064
569941344053018625
569941647884029952
569942226224050176
569943857418399746
569944061848760320
569944514137362432
569945237025648640
569945501166133248
569945910546989057
569948241116016641
569950766485540864
569950785859145728
569951384390344704
569951958552805376
569958485913243648
569960080734490624
569961070519050240
569961398890991617
569964582606934016
569966073304522752
569966076047437824
569967974284713984
569969267589947394
569969374875881472
569970186431959040
569970829322260481
569972804822704128
569972935227674624
569973204263034880
569973683466272768
569976030708047872
569976848786034688
569977806320476160
569978876861902848
569980415919853569
569982327654383616
569982742198251520
569983149028962304
569983373378252800
569983469930967040
569983511609757696
569984785860464640
569987348772950016
569991184120193025
569997215453855744
569998289447354371
569998668775862272
569999640516370432
570000158454353920
570001283907768320
570002269577441280
570002454839820288
570002971678756865
570008661885526016
570010703391825920
570012706704662528
570014299625787392
570014685166219264
570019785788022785
570020023630057472
570020255793352704
570028125024706561
570030173300658176
570035338925592577
570035525761011713
570038882294607873
570038962561134594
570042533679656960
570045153295011841
570047733236695040
570049704618299392
570050402294636544
570055285500469248
570055898367799296
570061827100422144
570062369096908801
570066554848743424
570075101326024704
570076113453518848
570078280591781888
570078718028222464
570081552891125760
570081695342309377
570082431304392704
570082819025838080
570083380265689088
570086014980648960
570089091276128258
570091216013955073
570093652120178689
570097189617143808
570097432383651840
570097596913623040
570103908607135744
570104913390206976
570108987284197376
570115452568891392
570121673099190272
570122868039634944
570122982863060992
570129828969459712
570146395593666560
570151698489954304
570186514178519041
570186533258416133
570187686213918721
570192452486889473
570197779290697728
570199267668676609
570204309041893376
570204435663581184
570208115205021696
570208909522182146
570210970330669056
570212047692161025
570215793511825408
570217760430493698
570220968435716097
570224727047872514
570226164146397184
570227149682155520
570237238631669763
570238126611963905
570239165675249666
570241070577139713
570242829294960640
570245513720647680
570246963901427713
570247180734353408
570249159179145216
570249520736374785
570250252382416896
570252231624265729
570261193685749760
570264481772777472
570267608773054464
570268646544510976
570271367519604737
570271574462369793
570272387985514497
570274371685777409
570277008216870912
570277221916647425
570277612389412864
570278902959988736
570280737951375360
570284725740285952
570284855163883520
570287622343540736
570288799860846592
570289080090689536
570289521113366531
570292174044200963
570294451261874177
570295174385016832
570295981985681409
570296212336865283
570296996445204480
570297414848000000
570299331707854848
570299953286942721
570300915418320897
570301670892146688
570303797605617665
570304633048047616
570305603056349184
570306217001799680
570307026263384064
