567729696662511616
567737617031380992
567789433010016256
567803306928775168
567807269707206657
567883674462588929
568153578453524480
568191336764948480
568194770524221440
568251373189349376
568448282239713280
568587181264146432
568622422309482496
568631243228762112
568764059732058112
568828335922356224
568874741249007616
568904684561408000
568976619089620992
568986491608834048
569199524629110784
569213892980641792
569235954789015552
569377149045444608
569416236171456513
569492208203776000
569533202835984385
569596778426855426
569600989055086592
569611735696580611
569621808963395585
569639288649883648
569640139288412160
569640847119163394
569652631938985984
569654562031685632
569665295381614594
569667955727818752
569670286418841603
569689076439392257
569691100090273792
567729696662511616
567737617031380992
567789433010016256
567803306928775168
567807269707206657
567883674462588929
568153578453524480
568191336764948480
568194770524221440
568251373189349376
568448282239713280
568587181264146432
568622422309482496
568631243228762112
568764059732058112
568828335922356224
568874741249007616
568904684561408000
568976619089620992
568986491608834048
569199524629110784
569213892980641792
569235954789015552
569377149045444608
569416236171456513
569492208203776000
569533202835984385
569596778426855426
569600989055086592
569611735696580611
569621808963395585
569639288649883648
569640139288412160
569640847119163394
569652631938985984
569654562031685632
569665295381614594
569667955727818752
569670286418841603
569689076439392257
569691100090273792
569824906638073856
569827608193585152
567729696662511616
567737617031380992
567789433010016256
567803306928775168
567807269707206657
567883674462588929
568153578453524480
568191336764948480
568194770524221440
568251373189349376
568448282239713280
568587181264146432
568622422309482496
568631243228762112
568764059732058112
568828335922356224
568874741249007616
568904684561408000
568976619089620992
568986491608834048
569199524629110784
569213892980641792
569235954789015552
569377149045444608
569416236171456513
569492208203776000
569533202835984385
569596778426855426
569600989055086592
569611735696580611
569621808963395585
569639288649883648
569640139288412160
569640847119163394
569652631938985984
569654562031685632
569665295381614594
569667955727818752
569670286418841603
569689076439392257
569691100090273792
569824906638073856
569827608193585152
569856784086777856
569866461172387841
569895082402295810
569906035269324800
569910528279228416
569914468404035584
569935135132426240
569939368598753280
569976628220182529
569983854464921601
569999790328541184
570036463729020928
570037961020080129
570226695724244992
570262460395098112
570302375510056960
