567676400933416960
567802999880552448
567851763136491520
568215213620637696
568536634058084352
568926268772581377
569153669867945984
569252529596297217
569273769652576256
569633166031511552
569633393673150464
567676400933416960
567802999880552448
567851763136491520
568215213620637696
568536634058084352
568926268772581377
569153669867945984
569252529596297217
569273769652576256
569633166031511552
569633393673150464
567676400933416960
567802999880552448
567851763136491520
568215213620637696
568536634058084352
568926268772581377
569153669867945984
569252529596297217
569273769652576256
569633166031511552
569633393673150464
569846237865885697
570064017022181376
570289521113366531
