567727403964055552
567733847132229632
567758165287002112
567804951288901634
567873229055991808
567949332395249664
568068509613178880
568091623986319360
568114056034324480
568134058242400256
568134211493695488
568166268546748416
568187334111289344
568212521657737216
568216602866376704
568257389402710016
568272715519561728
568302985802956800
568398620686467072
568468959663489025
568478510538493952
568494910405517312
568503887113498625
568514213921947648
568520126095441920
568528656584146944
568533371602608128
568535948042104832
568541016472432641
568544738032242688
568547227527819264
568679098920206337
568715107892641792
568812654346653697
568873199250706433
568903082765000704
568961016782036992
568985010742693888
569027718626480128
569036254253346818
569101653573570560
569108027644645376
569119050682339329
569176969872605184
569177868221202432
569197579956842496
569211553930743809
569247029446119424
569250438882705410
569276518305820672
569313006406012928
569356085359996929
569368352868556800
569393942296432640
569406451980091392
569467550100267008
569469169927720960
569483493236969473
569497791623512065
569497959932530689
569522690261950464
569532566610571265
569598155999674368
569598457809276928
569598985737867265
569647169084526593
569654047151562752
569655141890170880
569659473804947456
569669921258409985
569670634718023680
569676138253049859
569682422981218304
569691533101780992
569692110619877376
569705380282019841
569707583646375936
569717037464838144
569734821091487744
569805521638662144
569815690531758082
567727403964055552
567733847132229632
567758165287002112
567804951288901634
567873229055991808
567949332395249664
568068509613178880
568091623986319360
568114056034324480
568134058242400256
568134211493695488
568166268546748416
568187334111289344
568212521657737216
568216602866376704
568257389402710016
568272715519561728
568302985802956800
568398620686467072
568468959663489025
568478510538493952
568494910405517312
568503887113498625
568514213921947648
568520126095441920
568528656584146944
568533371602608128
568535948042104832
568541016472432641
568544738032242688
568547227527819264
568679098920206337
568715107892641792
568812654346653697
568873199250706433
568903082765000704
568961016782036992
568985010742693888
569027718626480128
569036254253346818
569101653573570560
569108027644645376
569119050682339329
569176969872605184
569177868221202432
569197579956842496
569211553930743809
569247029446119424
569250438882705410
569276518305820672
569313006406012928
569356085359996929
569368352868556800
569393942296432640
569406451980091392
569467550100267008
569469169927720960
569483493236969473
569497791623512065
569497959932530689
569522690261950464
569532566610571265
569598155999674368
569598457809276928
569598985737867265
569647169084526593
569654047151562752
569655141890170880
569659473804947456
569669921258409985
569670634718023680
569676138253049859
569682422981218304
569691533101780992
569692110619877376
569705380282019841
569707583646375936
569717037464838144
569734821091487744
569805521638662144
569815690531758082
567727403964055552
567733847132229632
567758165287002112
567804951288901634
567873229055991808
567949332395249664
568068509613178880
568091623986319360
568114056034324480
568134058242400256
568134211493695488
568166268546748416
568187334111289344
568212521657737216
568216602866376704
568257389402710016
568272715519561728
568302985802956800
568398620686467072
568468959663489025
568478510538493952
568494910405517312
568503887113498625
568514213921947648
568520126095441920
568528656584146944
568533371602608128
568535948042104832
568541016472432641
568544738032242688
568547227527819264
568679098920206337
568715107892641792
568812654346653697
568873199250706433
568903082765000704
568961016782036992
568985010742693888
569027718626480128
569036254253346818
569101653573570560
569108027644645376
569119050682339329
569176969872605184
569177868221202432
569197579956842496
569211553930743809
569247029446119424
569250438882705410
569276518305820672
569313006406012928
569356085359996929
569368352868556800
569393942296432640
569406451980091392
569467550100267008
569469169927720960
569483493236969473
569497791623512065
569497959932530689
569522690261950464
569532566610571265
569598155999674368
569598457809276928
569598985737867265
569647169084526593
569654047151562752
569655141890170880
569659473804947456
569669921258409985
569670634718023680
569676138253049859
569682422981218304
569691533101780992
569692110619877376
569705380282019841
569707583646375936
569717037464838144
569734821091487744
569805521638662144
569815690531758082
569848857498161154
569866669243265024
569883672679215104
569892297329913856
569903056403505152
569910996824780801
569911528368926720
569935689292259328
569943345000280064
569952718707687424
569954824265076737
569958247412723712
569962873209937920
569973337050341376
569980631548973057
569984178764308480
570009897846374400
570017458742030336
570027259999821824
570030761539182592
570036187815149570
570037998773018624
570060726523584512
570114451120074752
570116329694310400
570116595193810945
570123136542224384
570185687569469440
570224927602839552
570232671353376769
570246695595999232
570246963901427713
570264306350227456
570272387985514497
570287747643998208
570290034009636865
570293669628157952
570304445336178688
567727403964055552
567733847132229632
567758165287002112
567804951288901634
567873229055991808
567949332395249664
568068509613178880
568091623986319360
568114056034324480
568134058242400256
568134211493695488
568166268546748416
568187334111289344
568212521657737216
568216602866376704
568257389402710016
568272715519561728
568302985802956800
568398620686467072
568468959663489025
568478510538493952
568494910405517312
568503887113498625
568514213921947648
568520126095441920
568528656584146944
568533371602608128
568535948042104832
568541016472432641
568544738032242688
568547227527819264
568679098920206337
568715107892641792
568812654346653697
568873199250706433
568903082765000704
568961016782036992
568985010742693888
569027718626480128
569036254253346818
569101653573570560
569108027644645376
569119050682339329
569176969872605184
569177868221202432
569197579956842496
569211553930743809
569247029446119424
569250438882705410
569276518305820672
569313006406012928
569356085359996929
569368352868556800
569393942296432640
569406451980091392
569467550100267008
569469169927720960
569483493236969473
569497791623512065
569497959932530689
569522690261950464
569532566610571265
569598155999674368
569598457809276928
569598985737867265
569647169084526593
569654047151562752
569655141890170880
569659473804947456
569669921258409985
569670634718023680
569676138253049859
569682422981218304
569691533101780992
569692110619877376
569705380282019841
569707583646375936
569717037464838144
569734821091487744
569805521638662144
569815690531758082
569848857498161154
569866669243265024
569883672679215104
569892297329913856
569903056403505152
569910996824780801
569911528368926720
569935689292259328
569943345000280064
569952718707687424
569954824265076737
569958247412723712
569962873209937920
569973337050341376
569980631548973057
569984178764308480
570009897846374400
570017458742030336
570027259999821824
570030761539182592
570036187815149570
570037998773018624
570060726523584512
570114451120074752
570116329694310400
570116595193810945
570123136542224384
570185687569469440
570224927602839552
570232671353376769
570246695595999232
570246963901427713
570264306350227456
570272387985514497
570287747643998208
570290034009636865
570293669628157952
570304445336178688
567727403964055552
567733847132229632
567758165287002112
567804951288901634
567873229055991808
567949332395249664
568068509613178880
568091623986319360
568114056034324480
568134058242400256
568134211493695488
568166268546748416
568187334111289344
568212521657737216
568216602866376704
568257389402710016
568272715519561728
568302985802956800
568398620686467072
568468959663489025
568478510538493952
568494910405517312
568503887113498625
568514213921947648
568520126095441920
568528656584146944
568533371602608128
568535948042104832
568541016472432641
568544738032242688
568547227527819264
568679098920206337
568715107892641792
568812654346653697
568873199250706433
568903082765000704
568961016782036992
568985010742693888
569027718626480128
569036254253346818
569101653573570560
569108027644645376
569119050682339329
569176969872605184
569177868221202432
569197579956842496
569211553930743809
569247029446119424
569250438882705410
569276518305820672
569313006406012928
569356085359996929
569368352868556800
569393942296432640
569406451980091392
569467550100267008
569469169927720960
569483493236969473
569497791623512065
569497959932530689
569522690261950464
569532566610571265
569598155999674368
569598457809276928
569598985737867265
569647169084526593
569654047151562752
569655141890170880
569659473804947456
569669921258409985
569670634718023680
569676138253049859
569682422981218304
569691533101780992
569692110619877376
569705380282019841
569707583646375936
569717037464838144
569734821091487744
569805521638662144
569815690531758082
569848857498161154
569866669243265024
569883672679215104
569892297329913856
569903056403505152
569910996824780801
569911528368926720
569935689292259328
569943345000280064
569952718707687424
569954824265076737
569958247412723712
569962873209937920
569973337050341376
569980631548973057
569984178764308480
570009897846374400
570017458742030336
570027259999821824
570030761539182592
570036187815149570
570037998773018624
570060726523584512
570114451120074752
570116329694310400
570116595193810945
570123136542224384
570185687569469440
570224927602839552
570232671353376769
570246695595999232
570246963901427713
570264306350227456
570272387985514497
570287747643998208
570290034009636865
570293669628157952
570304445336178688
567727403964055552
567733847132229632
567758165287002112
567804951288901634
567873229055991808
567949332395249664
568068509613178880
568091623986319360
568114056034324480
568134058242400256
568134211493695488
568166268546748416
568187334111289344
568212521657737216
568216602866376704
568257389402710016
568272715519561728
568302985802956800
568398620686467072
568468959663489025
568478510538493952
568494910405517312
568503887113498625
568514213921947648
568520126095441920
568528656584146944
568533371602608128
568535948042104832
568541016472432641
568544738032242688
568547227527819264
568679098920206337
568715107892641792
568812654346653697
568873199250706433
568903082765000704
568961016782036992
568985010742693888
569027718626480128
569036254253346818
569101653573570560
569108027644645376
569119050682339329
569176969872605184
569177868221202432
569197579956842496
569211553930743809
569247029446119424
569250438882705410
569276518305820672
569313006406012928
569356085359996929
569368352868556800
569393942296432640
569406451980091392
569467550100267008
569469169927720960
569483493236969473
569497791623512065
569497959932530689
569522690261950464
569532566610571265
569598155999674368
569598457809276928
569598985737867265
569647169084526593
569654047151562752
569655141890170880
569659473804947456
569669921258409985
569670634718023680
569676138253049859
569682422981218304
569691533101780992
569692110619877376
569705380282019841
569707583646375936
569717037464838144
569734821091487744
569805521638662144
569815690531758082
569848857498161154
569866669243265024
569883672679215104
569892297329913856
569903056403505152
569910996824780801
569911528368926720
569935689292259328
569943345000280064
569952718707687424
569954824265076737
569958247412723712
569962873209937920
569973337050341376
569980631548973057
569984178764308480
570009897846374400
570017458742030336
570027259999821824
570030761539182592
570036187815149570
570037998773018624
570060726523584512
570114451120074752
570116329694310400
570116595193810945
570123136542224384
570185687569469440
570224927602839552
570232671353376769
570246695595999232
570246963901427713
570264306350227456
570272387985514497
570287747643998208
570290034009636865
570293669628157952
570304445336178688
567727403964055552
567733847132229632
567758165287002112
567804951288901634
567873229055991808
567949332395249664
568068509613178880
568091623986319360
568114056034324480
568134058242400256
568134211493695488
568166268546748416
568187334111289344
568212521657737216
568216602866376704
568257389402710016
568272715519561728
568302985802956800
568398620686467072
568468959663489025
568478510538493952
568494910405517312
568503887113498625
568514213921947648
568520126095441920
568528656584146944
568533371602608128
568535948042104832
568541016472432641
568544738032242688
568547227527819264
568679098920206337
568715107892641792
568812654346653697
568873199250706433
568903082765000704
568961016782036992
568985010742693888
569027718626480128
569036254253346818
569101653573570560
569108027644645376
569119050682339329
569176969872605184
569177868221202432
569197579956842496
569211553930743809
569247029446119424
569250438882705410
569276518305820672
569313006406012928
569356085359996929
569368352868556800
569393942296432640
569406451980091392
569467550100267008
569469169927720960
569483493236969473
569497791623512065
569497959932530689
569522690261950464
569532566610571265
569598155999674368
569598457809276928
569598985737867265
569647169084526593
569654047151562752
569655141890170880
569659473804947456
569669921258409985
569670634718023680
569676138253049859
569682422981218304
569691533101780992
569692110619877376
569705380282019841
569707583646375936
569717037464838144
569734821091487744
569805521638662144
569815690531758082
569848857498161154
569866669243265024
569883672679215104
569892297329913856
569903056403505152
569910996824780801
569911528368926720
569935689292259328
569943345000280064
569952718707687424
569954824265076737
569958247412723712
569962873209937920
569973337050341376
569980631548973057
569984178764308480
570009897846374400
570017458742030336
570027259999821824
570030761539182592
570036187815149570
570037998773018624
570060726523584512
570114451120074752
570116329694310400
570116595193810945
570123136542224384
570185687569469440
570224927602839552
570232671353376769
570246695595999232
570246963901427713
570264306350227456
570272387985514497
570287747643998208
570290034009636865
570293669628157952
570304445336178688
567727403964055552
567733847132229632
567758165287002112
567804951288901634
567873229055991808
567949332395249664
568068509613178880
568091623986319360
568114056034324480
568134058242400256
568134211493695488
568166268546748416
568187334111289344
568212521657737216
568216602866376704
568257389402710016
568272715519561728
568302985802956800
568398620686467072
568468959663489025
568478510538493952
568494910405517312
568503887113498625
568514213921947648
568520126095441920
568528656584146944
568533371602608128
568535948042104832
568541016472432641
568544738032242688
568547227527819264
568679098920206337
568715107892641792
568812654346653697
568873199250706433
568903082765000704
568961016782036992
568985010742693888
569027718626480128
569036254253346818
569101653573570560
569108027644645376
569119050682339329
569176969872605184
569177868221202432
569197579956842496
569211553930743809
569247029446119424
569250438882705410
569276518305820672
569313006406012928
569356085359996929
569368352868556800
569393942296432640
569406451980091392
569467550100267008
569469169927720960
569483493236969473
569497791623512065
569497959932530689
569522690261950464
569532566610571265
569598155999674368
569598457809276928
569598985737867265
569647169084526593
569654047151562752
569655141890170880
569659473804947456
569669921258409985
569670634718023680
569676138253049859
569682422981218304
569691533101780992
569692110619877376
569705380282019841
569707583646375936
569717037464838144
569734821091487744
569805521638662144
569815690531758082
569848857498161154
569866669243265024
569883672679215104
569892297329913856
569903056403505152
569910996824780801
569911528368926720
569935689292259328
569943345000280064
569952718707687424
569954824265076737
569958247412723712
569962873209937920
569973337050341376
569980631548973057
569984178764308480
570009897846374400
570017458742030336
570027259999821824
570030761539182592
570036187815149570
570037998773018624
570060726523584512
570114451120074752
570116329694310400
570116595193810945
570123136542224384
570185687569469440
570224927602839552
570232671353376769
570246695595999232
570246963901427713
570264306350227456
570272387985514497
570287747643998208
570290034009636865
570293669628157952
570304445336178688
