567902121992921088
568020304510869504
568155933832044544
568159336104636417
568233965800304640
568239444500865025
568265091226800130
568281631443841024
568404564375969792
568425693828132864
568526809387544576
568858239372103680
568891974687830016
568911873438920705
569066946433581056
569126026938335232
569212457706782720
569264118219214848
569462004332646400
569476281974132736
569610889214754816
569621351650209792
569626613664653312
569659637575917568
569679274535362561
569683696422244352
569799734774272002
567902121992921088
568020304510869504
568155933832044544
568159336104636417
568233965800304640
568239444500865025
568265091226800130
568281631443841024
568404564375969792
568425693828132864
568526809387544576
568858239372103680
568891974687830016
568911873438920705
569066946433581056
569126026938335232
569212457706782720
569264118219214848
569462004332646400
569476281974132736
569610889214754816
569621351650209792
569626613664653312
569659637575917568
569679274535362561
569683696422244352
569799734774272002
569821947049218048
567902121992921088
568020304510869504
568155933832044544
568159336104636417
568233965800304640
568239444500865025
568265091226800130
568281631443841024
568404564375969792
568425693828132864
568526809387544576
568858239372103680
568891974687830016
568911873438920705
569066946433581056
569126026938335232
569212457706782720
569264118219214848
569462004332646400
569476281974132736
569610889214754816
569621351650209792
569626613664653312
569659637575917568
569679274535362561
569683696422244352
569799734774272002
569821947049218048
569914369905201153
569922365322338304
569926909515034624
569928501966450689
569943785905332225
569958916668305408
569968609440563201
570035287679590400
570106717490393088
570122868039634944
570164810144481280
567902121992921088
568020304510869504
568155933832044544
568159336104636417
568233965800304640
568239444500865025
568265091226800130
568281631443841024
568404564375969792
568425693828132864
568526809387544576
568858239372103680
568891974687830016
568911873438920705
569066946433581056
569126026938335232
569212457706782720
569264118219214848
569462004332646400
569476281974132736
569610889214754816
569621351650209792
569626613664653312
569659637575917568
569679274535362561
569683696422244352
569799734774272002
569821947049218048
569914369905201153
569922365322338304
569926909515034624
569928501966450689
569943785905332225
569958916668305408
569968609440563201
570035287679590400
570106717490393088
570122868039634944
570164810144481280
567902121992921088
568020304510869504
568155933832044544
568159336104636417
568233965800304640
568239444500865025
568265091226800130
568281631443841024
568404564375969792
568425693828132864
568526809387544576
568858239372103680
568891974687830016
568911873438920705
569066946433581056
569126026938335232
569212457706782720
569264118219214848
569462004332646400
569476281974132736
569610889214754816
569621351650209792
569626613664653312
569659637575917568
569679274535362561
569683696422244352
569799734774272002
569821947049218048
569914369905201153
569922365322338304
569926909515034624
569928501966450689
569943785905332225
569958916668305408
569968609440563201
570035287679590400
570106717490393088
570122868039634944
570164810144481280
567902121992921088
568020304510869504
568155933832044544
568159336104636417
568233965800304640
568239444500865025
568265091226800130
568281631443841024
568404564375969792
568425693828132864
568526809387544576
568858239372103680
568891974687830016
568911873438920705
569066946433581056
569126026938335232
569212457706782720
569264118219214848
569462004332646400
569476281974132736
569610889214754816
569621351650209792
569626613664653312
569659637575917568
569679274535362561
569683696422244352
569799734774272002
569821947049218048
569914369905201153
569922365322338304
569926909515034624
569928501966450689
569943785905332225
569958916668305408
569968609440563201
570035287679590400
570106717490393088
570122868039634944
570164810144481280
567902121992921088
568020304510869504
568155933832044544
568159336104636417
568233965800304640
568239444500865025
568265091226800130
568281631443841024
568404564375969792
568425693828132864
568526809387544576
568858239372103680
568891974687830016
568911873438920705
569066946433581056
569126026938335232
569212457706782720
569264118219214848
569462004332646400
569476281974132736
569610889214754816
569621351650209792
569626613664653312
569659637575917568
569679274535362561
569683696422244352
569799734774272002
569821947049218048
569914369905201153
569922365322338304
569926909515034624
569928501966450689
569943785905332225
569958916668305408
569968609440563201
570035287679590400
570106717490393088
570122868039634944
570164810144481280
567902121992921088
568020304510869504
568155933832044544
568159336104636417
568233965800304640
568239444500865025
568265091226800130
568281631443841024
568404564375969792
568425693828132864
568526809387544576
568858239372103680
568891974687830016
568911873438920705
569066946433581056
569126026938335232
569212457706782720
569264118219214848
569462004332646400
569476281974132736
569610889214754816
569621351650209792
569626613664653312
569659637575917568
569679274535362561
569683696422244352
569799734774272002
569821947049218048
569914369905201153
569922365322338304
569926909515034624
569928501966450689
569943785905332225
569958916668305408
569968609440563201
570035287679590400
570106717490393088
570122868039634944
570164810144481280
