567730696656273408
568085366441246720
568085962049216514
568093957080551424
568226940139782144
568274752864948224
568290894992039936
568303606710956032
568807451249627136
568919211357048832
569326818697871360
569664828911919104
567730696656273408
568085366441246720
568085962049216514
568093957080551424
568226940139782144
568274752864948224
568290894992039936
568303606710956032
568807451249627136
568919211357048832
569326818697871360
569664828911919104
567730696656273408
568085366441246720
568085962049216514
568093957080551424
568226940139782144
568274752864948224
568290894992039936
568303606710956032
568807451249627136
568919211357048832
569326818697871360
569664828911919104
570263732099649537
567730696656273408
568085366441246720
568085962049216514
568093957080551424
568226940139782144
568274752864948224
568290894992039936
568303606710956032
568807451249627136
568919211357048832
569326818697871360
569664828911919104
570263732099649537
567730696656273408
568085366441246720
568085962049216514
568093957080551424
568226940139782144
568274752864948224
568290894992039936
568303606710956032
568807451249627136
568919211357048832
569326818697871360
569664828911919104
570263732099649537
567730696656273408
568085366441246720
568085962049216514
568093957080551424
568226940139782144
568274752864948224
568290894992039936
568303606710956032
568807451249627136
568919211357048832
569326818697871360
569664828911919104
570263732099649537
567730696656273408
568085366441246720
568085962049216514
568093957080551424
568226940139782144
568274752864948224
568290894992039936
568303606710956032
568807451249627136
568919211357048832
569326818697871360
569664828911919104
570263732099649537
567730696656273408
568085366441246720
568085962049216514
568093957080551424
568226940139782144
568274752864948224
568290894992039936
568303606710956032
568807451249627136
568919211357048832
569326818697871360
569664828911919104
570263732099649537
