567595670463205376
567663504102940672
567718653735731200
567731794498174978
567733978363621376
567734506434854912
567735239456194560
567738154128769028
567739785406873601
567754223362666496
567754392682901504
567756963329867776
567759608643452929
567766755797389312
567770722882580480
567773706707021824
567777187265515521
567778703959408641
567782686077747200
567783687980367872
567788423352950784
567791059393335297
567796863467839488
567811142924656640
567812370690605056
567813437003411456
567823244549480448
567823930985091072
567829543723102208
567837314782765056
567853001534210049
567853054348754944
567855926486667265
567861901603901440
567866162865971201
567868808586620928
567871168214106113
567873801653997569
567876860647833600
567880317345771520
567880416201293824
567886894761005056
567887103465496576
567887437998997504
567900433542488064
567912190788771840
567916937679884288
567917894144770049
567936625453318144
567950122245623808
567972416846217216
568006084360863745
568016802191683586
568018287302447104
568053728944791552
568054702635483136
568054866045747200
568068942771695616
568073191068794880
568076081665679360
568076399166140416
568087284483928064
568092044964421632
568094342302322688
568101393111891968
568101606585020416
568118981170606080
568123356899250176
568126461477068800
568129909408841728
568139253194067968
568149912665198592
568157491927896064
568159685238329344
568163524314144768
568170405552205824
568170840174538752
568175505314336768
568176862159110144
568176902801735680
568177098038349825
568177321724620800
568179570651709441
568181167054196736
568187725834289152
568188639412400128
568189520992198656
568196150718824448
568202940839800832
568208413286477825
568237654606680064
568261238444167170
568269127992913920
568399913358221312
568421605132484608
568428224813916160
568437324587012096
568441679503495169
568444042851323904
568446993548206081
568448242804871168
568456844429160448
568464798926524417
568466370205237248
568474866753667072
568479680229208064
568481836290220033
568484677868265473
568484777336172546
568489124098924546
568490310524936192
568491224946098176
568491484401557504
568498114300153856
568509763048357888
568513003307429888
568514293441757184
568516267440631808
568521376245501956
568554107952177152
568571642265227264
568572666178883584
568573057184473089
568581984055906304
568584434376577024
568593538520231936
568594180014014464
568611474416906240
568611819864117248
568626368373780481
568629791869394945
568633098474299392
568633738567012352
568635531900243968
568639824145584128
568650724399321088
568651726858747904
568654569976123392
568662343170674688
568699390962958336
568754053083222016
568760785113120768
568763876377907200
568775146703589376
568779480019251201
568781642946490368
568787022472740864
568795451341856768
568795875612463104
568796551394549760
568801442770743296
568801535662166016
568805448696115200
568808975828955136
568809369678315521
568810874204327936
568811022049349633
568818669024907264
568824537338417154
568825791644966912
568826070897717250
568836728716333056
568841528455659520
568841635049533440
568842695864504320
568843696105496577
568844772191940608
568848259008962560
568855505747095552
568857956470517760
568861309384728577
568861568609456128
568865640569806848
568870144891600896
568874175693242369
568875674552807425
568881291766034432
568881442438176769
568882601261273089
568882789082222592
568883464923000832
568884344221081600
568884473040752641
568888623787089920
568889677094232064
568894224738856961
568895050601508865
568900980080709632
568918313239064576
568930588868141056
568946758404808704
568947250325561344
568948008160661504
568951819969232896
568965309505380352
568967313598386176
568967902520590337
568970614238617600
568997237176569856
569001941533003776
569007852607680512
569011727532032001
569021768788090881
569076249487925248
569078346660900864
569093984640995328
569099306147454976
569114239996076032
569132950006185985
569172570932690947
569174847374233600
569176746735632384
569179721549914112
569184255399620608
569188782492266496
569223788639821824
569225085330071554
569225573773369344
569226128168062976
569229785500680192
569230997650214913
569233260108124160
569234806543929344
569238014418944000
569239087493857281
569239939776274433
569242689348071425
569245342421491712
569246786440830977
569248250424918021
569250623427780608
569253270356664322
569257932908470273
569259333197930498
569260276626956288
569264118219214848
569274088289660928
569275000232013825
569280157678071808
569282844155125761
569283532167757826
569293499968950272
569303932691984384
569307978798645248
569308224551309313
569314535103983617
569314734752854017
569321654842564609
569323015550296064
569323273172832256
569339467615506435
569341769114128386
569342220534288384
569352324700708864
569358956549681152
569361898581467136
569361961487478785
569366138963959808
569371693602476032
569372837854756864
569379756673597444
569408340616351744
569418351295926273
569437674257276930
569456923663151104
569460591644925952
569471541554978817
569474230854660097
569484671672651776
569487156399378434
569491456173477889
569499262855331840
569502353797173248
569502869243736065
569504786879528962
569508469088387072
569514031695962112
569522767868989440
569529412196167682
569539560910282752
569540963091259392
569541106112827393
569541848877957120
569543771181981697
569549401364029440
569552552297041920
569556399585402880
569568357030232066
569579478168547328
569588464896876545
569590013278756865
569599713499963394
569601913832022016
569604286369431552
569604400479649792
569604453462110208
569606248095576064
569606374591746050
569608322925473792
569608570066436096
569613661045690368
569616554922418177
569617083194933248
569617808885096448
569618371148443649
569618659917893632
569621365634015232
569622366768078848
569624948190261249
569625606536732672
569625953602834433
569626673034850304
569627123150778368
569627273407569920
569627744021184513
569630183747153920
569633689665216512
569635382834421761
569639587842281473
569641343254970368
569641810571763712
569641916855402496
569642145977479169
569642267385798657
569642899828133888
569643388611330048
569646309159927808
569650294746820609
569651504753332225
569652510794887168
569652510950100992
569656322154565632
569656727995600896
569657895522054145
569658686999818241
569659556869120000
569661852235509762
569663577226915840
569667019693359104
569668015047839744
569668644529147904
569671712830308352
569671871634935809
569678813602418688
569682097125896192
569685890349404160
569686478046887937
569689743061069824
569689826221363201
569691079471050752
569691767953436674
569693808914522113
569694483769659392
569696313824161792
569701794567163905
569702495926267905
569708173831094272
569711253490409473
569713890138963968
569717188468334593
569720565319102464
569724245963444224
569733572606763008
569740962760499200
569743079491547137
569745303794024448
569745801121009664
569746288499138560
569748289945362435
569748884164988929
569757977785184256
569760267485122560
569768294648905728
569784114309693440
569786720562110464
569788202174713856
569795913788428288
569801344988680192
569813808987787264
567595670463205376
567663504102940672
567718653735731200
567731794498174978
567733978363621376
567734506434854912
567735239456194560
567738154128769028
567739785406873601
567754223362666496
567754392682901504
567756963329867776
567759608643452929
567766755797389312
567770722882580480
567773706707021824
567777187265515521
567778703959408641
567782686077747200
567783687980367872
567788423352950784
567791059393335297
567796863467839488
567811142924656640
567812370690605056
567813437003411456
567823244549480448
567823930985091072
567829543723102208
567837314782765056
567853001534210049
567853054348754944
567855926486667265
567861901603901440
567866162865971201
567868808586620928
567871168214106113
567873801653997569
567876860647833600
567880317345771520
567880416201293824
567886894761005056
567887103465496576
567887437998997504
567900433542488064
567912190788771840
567916937679884288
567917894144770049
567936625453318144
567950122245623808
567972416846217216
568006084360863745
568016802191683586
568018287302447104
568053728944791552
568054702635483136
568054866045747200
568068942771695616
568073191068794880
568076081665679360
568076399166140416
568087284483928064
568092044964421632
568094342302322688
568101393111891968
568101606585020416
568118981170606080
568123356899250176
568126461477068800
568129909408841728
568139253194067968
568149912665198592
568157491927896064
568159685238329344
568163524314144768
568170405552205824
568170840174538752
568175505314336768
568176862159110144
568176902801735680
568177098038349825
568177321724620800
568179570651709441
568181167054196736
568187725834289152
568188639412400128
568189520992198656
568196150718824448
568202940839800832
568208413286477825
568237654606680064
568261238444167170
568269127992913920
568399913358221312
568421605132484608
568428224813916160
568437324587012096
568441679503495169
568444042851323904
568446993548206081
568448242804871168
568456844429160448
568464798926524417
568466370205237248
568474866753667072
568479680229208064
568481836290220033
568484677868265473
568484777336172546
568489124098924546
568490310524936192
568491224946098176
568491484401557504
568498114300153856
568509763048357888
568513003307429888
568514293441757184
568516267440631808
568521376245501956
568554107952177152
568571642265227264
568572666178883584
568573057184473089
568581984055906304
568584434376577024
568593538520231936
568594180014014464
568611474416906240
568611819864117248
568626368373780481
568629791869394945
568633098474299392
568633738567012352
568635531900243968
568639824145584128
568650724399321088
568651726858747904
568654569976123392
568662343170674688
568699390962958336
568754053083222016
568760785113120768
568763876377907200
568775146703589376
568779480019251201
568781642946490368
568787022472740864
568795451341856768
568795875612463104
568796551394549760
568801442770743296
568801535662166016
568805448696115200
568808975828955136
568809369678315521
568810874204327936
568811022049349633
568818669024907264
568824537338417154
568825791644966912
568826070897717250
568836728716333056
568841528455659520
568841635049533440
568842695864504320
568843696105496577
568844772191940608
568848259008962560
568855505747095552
568857956470517760
568861309384728577
568861568609456128
568865640569806848
568870144891600896
568874175693242369
568875674552807425
568881291766034432
568881442438176769
568882601261273089
568882789082222592
568883464923000832
568884344221081600
568884473040752641
568888623787089920
568889677094232064
568894224738856961
568895050601508865
568900980080709632
568918313239064576
568930588868141056
568946758404808704
568947250325561344
568948008160661504
568951819969232896
568965309505380352
568967313598386176
568967902520590337
568970614238617600
568997237176569856
569001941533003776
569007852607680512
569011727532032001
569021768788090881
569076249487925248
569078346660900864
569093984640995328
569099306147454976
569114239996076032
569132950006185985
569172570932690947
569174847374233600
569176746735632384
569179721549914112
569184255399620608
569188782492266496
569223788639821824
569225085330071554
569225573773369344
569226128168062976
569229785500680192
569230997650214913
569233260108124160
569234806543929344
569238014418944000
569239087493857281
569239939776274433
569242689348071425
569245342421491712
569246786440830977
569248250424918021
569250623427780608
569253270356664322
569257932908470273
569259333197930498
569260276626956288
569264118219214848
569274088289660928
569275000232013825
569280157678071808
569282844155125761
569283532167757826
569293499968950272
569303932691984384
569307978798645248
569308224551309313
569314535103983617
569314734752854017
569321654842564609
569323015550296064
569323273172832256
569339467615506435
569341769114128386
569342220534288384
569352324700708864
569358956549681152
569361898581467136
569361961487478785
569366138963959808
569371693602476032
569372837854756864
569379756673597444
569408340616351744
569418351295926273
569437674257276930
569456923663151104
569460591644925952
569471541554978817
569474230854660097
569484671672651776
569487156399378434
569491456173477889
569499262855331840
569502353797173248
569502869243736065
569504786879528962
569508469088387072
569514031695962112
569522767868989440
569529412196167682
569539560910282752
569540963091259392
569541106112827393
569541848877957120
569543771181981697
569549401364029440
569552552297041920
569556399585402880
569568357030232066
569579478168547328
569588464896876545
569590013278756865
569599713499963394
569601913832022016
569604286369431552
569604400479649792
569604453462110208
569606248095576064
569606374591746050
569608322925473792
569608570066436096
569613661045690368
569616554922418177
569617083194933248
569617808885096448
569618371148443649
569618659917893632
569621365634015232
569622366768078848
569624948190261249
569625606536732672
569625953602834433
569626673034850304
569627123150778368
569627273407569920
569627744021184513
569630183747153920
569633689665216512
569635382834421761
569639587842281473
569641343254970368
569641810571763712
569641916855402496
569642145977479169
569642267385798657
569642899828133888
569643388611330048
569646309159927808
569650294746820609
569651504753332225
569652510794887168
569652510950100992
569656322154565632
569656727995600896
569657895522054145
569658686999818241
569659556869120000
569661852235509762
569663577226915840
569667019693359104
569668015047839744
569668644529147904
569671712830308352
569671871634935809
569678813602418688
569682097125896192
569685890349404160
569686478046887937
569689743061069824
569689826221363201
569691079471050752
569691767953436674
569693808914522113
569694483769659392
569696313824161792
569701794567163905
569702495926267905
569708173831094272
569711253490409473
569713890138963968
569717188468334593
569720565319102464
569724245963444224
569733572606763008
569740962760499200
569743079491547137
569745303794024448
569745801121009664
569746288499138560
569748289945362435
569748884164988929
569757977785184256
569760267485122560
569768294648905728
569784114309693440
569786720562110464
569788202174713856
569795913788428288
569801344988680192
569813808987787264
569830322357084160
569834720424361985
569839807787958273
569842295387791361
569842929860263936
569843082994315264
567595670463205376
567663504102940672
567718653735731200
567731794498174978
567733978363621376
567734506434854912
567735239456194560
567738154128769028
567739785406873601
567754223362666496
567754392682901504
567756963329867776
567759608643452929
567766755797389312
567770722882580480
567773706707021824
567777187265515521
567778703959408641
567782686077747200
567783687980367872
567788423352950784
567791059393335297
567796863467839488
567811142924656640
567812370690605056
567813437003411456
567823244549480448
567823930985091072
567829543723102208
567837314782765056
567853001534210049
567853054348754944
567855926486667265
567861901603901440
567866162865971201
567868808586620928
567871168214106113
567873801653997569
567876860647833600
567880317345771520
567880416201293824
567886894761005056
567887103465496576
567887437998997504
567900433542488064
567912190788771840
567916937679884288
567917894144770049
567936625453318144
567950122245623808
567972416846217216
568006084360863745
568016802191683586
568018287302447104
568053728944791552
568054702635483136
568054866045747200
568068942771695616
568073191068794880
568076081665679360
568076399166140416
568087284483928064
568092044964421632
568094342302322688
568101393111891968
568101606585020416
568118981170606080
568123356899250176
568126461477068800
568129909408841728
568139253194067968
568149912665198592
568157491927896064
568159685238329344
568163524314144768
568170405552205824
568170840174538752
568175505314336768
568176862159110144
568176902801735680
568177098038349825
568177321724620800
568179570651709441
568181167054196736
568187725834289152
568188639412400128
568189520992198656
568196150718824448
568202940839800832
568208413286477825
568237654606680064
568261238444167170
568269127992913920
568399913358221312
568421605132484608
568428224813916160
568437324587012096
568441679503495169
568444042851323904
568446993548206081
568448242804871168
568456844429160448
568464798926524417
568466370205237248
568474866753667072
568479680229208064
568481836290220033
568484677868265473
568484777336172546
568489124098924546
568490310524936192
568491224946098176
568491484401557504
568498114300153856
568509763048357888
568513003307429888
568514293441757184
568516267440631808
568521376245501956
568554107952177152
568571642265227264
568572666178883584
568573057184473089
568581984055906304
568584434376577024
568593538520231936
568594180014014464
568611474416906240
568611819864117248
568626368373780481
568629791869394945
568633098474299392
568633738567012352
568635531900243968
568639824145584128
568650724399321088
568651726858747904
568654569976123392
568662343170674688
568699390962958336
568754053083222016
568760785113120768
568763876377907200
568775146703589376
568779480019251201
568781642946490368
568787022472740864
568795451341856768
568795875612463104
568796551394549760
568801442770743296
568801535662166016
568805448696115200
568808975828955136
568809369678315521
568810874204327936
568811022049349633
568818669024907264
568824537338417154
568825791644966912
568826070897717250
568836728716333056
568841528455659520
568841635049533440
568842695864504320
568843696105496577
568844772191940608
568848259008962560
568855505747095552
568857956470517760
568861309384728577
568861568609456128
568865640569806848
568870144891600896
568874175693242369
568875674552807425
568881291766034432
568881442438176769
568882601261273089
568882789082222592
568883464923000832
568884344221081600
568884473040752641
568888623787089920
568889677094232064
568894224738856961
568895050601508865
568900980080709632
568918313239064576
568930588868141056
568946758404808704
568947250325561344
568948008160661504
568951819969232896
568965309505380352
568967313598386176
568967902520590337
568970614238617600
568997237176569856
569001941533003776
569007852607680512
569011727532032001
569021768788090881
569076249487925248
569078346660900864
569093984640995328
569099306147454976
569114239996076032
569132950006185985
569172570932690947
569174847374233600
569176746735632384
569179721549914112
569184255399620608
569188782492266496
569223788639821824
569225085330071554
569225573773369344
569226128168062976
569229785500680192
569230997650214913
569233260108124160
569234806543929344
569238014418944000
569239087493857281
569239939776274433
569242689348071425
569245342421491712
569246786440830977
569248250424918021
569250623427780608
569253270356664322
569257932908470273
569259333197930498
569260276626956288
569264118219214848
569274088289660928
569275000232013825
569280157678071808
569282844155125761
569283532167757826
569293499968950272
569303932691984384
569307978798645248
569308224551309313
569314535103983617
569314734752854017
569321654842564609
569323015550296064
569323273172832256
569339467615506435
569341769114128386
569342220534288384
569352324700708864
569358956549681152
569361898581467136
569361961487478785
569366138963959808
569371693602476032
569372837854756864
569379756673597444
569408340616351744
569418351295926273
569437674257276930
569456923663151104
569460591644925952
569471541554978817
569474230854660097
569484671672651776
569487156399378434
569491456173477889
569499262855331840
569502353797173248
569502869243736065
569504786879528962
569508469088387072
569514031695962112
569522767868989440
569529412196167682
569539560910282752
569540963091259392
569541106112827393
569541848877957120
569543771181981697
569549401364029440
569552552297041920
569556399585402880
569568357030232066
569579478168547328
569588464896876545
569590013278756865
569599713499963394
569601913832022016
569604286369431552
569604400479649792
569604453462110208
569606248095576064
569606374591746050
569608322925473792
569608570066436096
569613661045690368
569616554922418177
569617083194933248
569617808885096448
569618371148443649
569618659917893632
569621365634015232
569622366768078848
569624948190261249
569625606536732672
569625953602834433
569626673034850304
569627123150778368
569627273407569920
569627744021184513
569630183747153920
569633689665216512
569635382834421761
569639587842281473
569641343254970368
569641810571763712
569641916855402496
569642145977479169
569642267385798657
569642899828133888
569643388611330048
569646309159927808
569650294746820609
569651504753332225
569652510794887168
569652510950100992
569656322154565632
569656727995600896
569657895522054145
569658686999818241
569659556869120000
569661852235509762
569663577226915840
569667019693359104
569668015047839744
569668644529147904
569671712830308352
569671871634935809
569678813602418688
569682097125896192
569685890349404160
569686478046887937
569689743061069824
569689826221363201
569691079471050752
569691767953436674
569693808914522113
569694483769659392
569696313824161792
569701794567163905
569702495926267905
569708173831094272
569711253490409473
569713890138963968
569717188468334593
569720565319102464
569724245963444224
569733572606763008
569740962760499200
569743079491547137
569745303794024448
569745801121009664
569746288499138560
569748289945362435
569748884164988929
569757977785184256
569760267485122560
569768294648905728
569784114309693440
569786720562110464
569788202174713856
569795913788428288
569801344988680192
569813808987787264
569830322357084160
569834720424361985
569839807787958273
569842295387791361
569842929860263936
569843082994315264
569844044693577728
569844102239531008
569848398129565696
569849765711769600
569852657327738880
569853568200503296
569854151531859968
569863714704220160
569864689452077058
569868115481395201
569869808092749824
569873664612704256
569873665640292353
569873668131717120
569873669700358144
569877540698894336
569879497891303424
569887584861749250
569889833297915904
569890099917246464
569891790343569408
569894449620369408
569894449922252800
569899646509666304
569903056403505152
569904613069103104
569905052447592448
569908067762094080
569908175953993728
569910528279228416
569913667476549632
569916586682945536
569917824078090242
569919414948237312
569919970446053377
569924772349538304
569928989231353857
569929944291127296
569931677868273664
569934354241212417
569940980809342976
569941616649244673
569942011916259330
569943434536091649
569943857418399746
569946008840491008
569946472751476737
569946740855582722
569948411966976000
569950355330506752
569951021398683650
569953575226310656
569954275016765440
569957000752140290
569957675548721152
569958524270342144
569960024455454721
569960248548593665
569960303514923009
569967808446009345
569967897600139264
569972558218440704
569972777593262080
569974833418600449
569977857755234304
569980269379358720
569981026598043648
569981722470834176
569981947612676096
569982678558048256
569994090147909632
569995536545091584
569998120999759872
570006301968867328
570006830405046272
570008443626647552
570009576273154048
570009743160254464
570010976608780288
570011505237716993
570012849067720704
570018254271463424
570019234505474049
570021075355963392
570024174162485251
570025428095770624
570033341250056193
570038580967383042
570043569605648385
570049295040307200
570050323017920512
570050603851710464
570053734639792129
570056726793359360
570057178687475712
570064025918115840
570070483338731520
570073705507725313
570078280591781888
570082431304392704
570083548364992512
570084406204997632
570085229576265728
570086399627685888
570086475989061632
570088404156698625
570092196247969796
570095043169529857
570105441688158208
570109851709218816
570115286289899520
570115339515592704
570116329694310400
570130792443039744
570146395593666560
570146467542933505
570172921102143488
570177331358076929
570177593250582528
570179158594220032
570187432815013888
570192546367975424
570195799256072193
570196530566701056
570198775203016704
570201440704028672
570202978650603520
570206560439308289
570212129313316864
570214732067700736
570218829546024960
570220208037584896
570221955976187904
570224927602839552
570232477618442241
570233306664591361
570235244999270400
570235698608869376
570236014238699521
570241830757007360
570242474750423040
570243296741752832
570244910563110912
570247763704868864
570250371110539264
570253313368698883
570254368538173440
570261977332731904
570270728051765248
570272778840104960
570278869133107201
570280653389996034
570280800244994048
570284862122233856
570285320085880832
570286100637466624
570286290203070465
570287638084763648
570287651137445888
570290993339244547
570292371340062720
570295745921880064
570298018685165568
570307390752608257
570308799950692353
570309156290367488
570310144459972608
