567623209026334720
567679487383699456
567724091809878016
567725163077070848
567728285174743041
567732811772080129
567733978363621376
567742500366872576
567752542491516928
567761113631449089
567762333779628032
567763748559937536
567766755797389312
567778721474822145
567782895306412032
567787873778278400
567794573495250944
567796863467839488
567811142924656640
567811360404336641
567811428779868160
567812160253865984
567812349895245824
567812370690605056
567817476144242688
567822548545859587
567823996852428801
567827039790571520
567829543723102208
567832862130577408
567842726861021184
567846268090740737
567851275599110144
567860175740092416
567861727833894913
567866673325285376
567875699056467968
567881459161260032
567885401714589696
567887623953457152
567895211575111680
567900433542488064
567904438834167809
567913659650805760
567917894144770049
567987284613545984
568035703768154112
568054702635483136
568055766130827264
568061470933540864
568064123621093377
568075679008468992
568088650430468096
568092350355865600
568096554638159872
568098677618683904
568111588546375680
568113981866446848
568132101729443841
568135839814807552
568139479237525505
568142526110019584
568155289146363904
568157451729526784
568162061278011392
568167917004718080
568168505998229505
568188639412400128
568189949415170048
568193817943257088
568199678896037890
568209028188233728
568228124263124992
568252805036638209
568252997886545920
568262694123339776
568266994069295105
568275746516385793
568288672627318784
568308464985903104
568372767810125825
568417260668379136
568426489055719425
568431753272168448
568433145437138944
568433610765815808
568439171028791297
568456844429160448
568466370205237248
568481989776564224
568484777336172546
568491224946098176
568495231877967872
568496820604821505
568502112457510912
568516490405679104
568528082841112576
568568900767653889
568571642265227264
568578381320597504
568593538520231936
568594708177555457
568606485716078592
568611276026351618
568611300609118208
568612911222026241
568621210986090497
568623603496792064
568626969983750145
568656507480481792
568706272788262912
568742080715104256
568768864793681921
568779311261622272
568779480019251201
568804253151731712
568824537338417154
568841068348878848
568844772191940608
568848259008962560
568854243097976832
568855251123449856
568875674552807425
568882601261273089
568883464923000832
568891233386561537
568892540889509888
568893275907575808
568895188338380801
568902192364548097
568931762518110208
568951819969232896
568961160357285889
568964010101514240
568966330315091968
568996855566245889
568997237176569856
569005006902468608
569007890029129728
569007993897013249
569016065600008193
569110766235877376
569129049861304323
569143946930196483
569155039983497216
569157073906176000
569168028014743552
569172065724428288
569180231782801408
569181501830656000
569188782492266496
569202691185909760
569225573773369344
569226044118581248
569238749802074113
569242143748964353
569242715759779840
569258945254191104
569262702301876224
569277895224516608
569296784922578944
569298712247312384
569311498301870080
569316358845911040
569338724787593216
569339717990400000
569342888615620609
569357691715493888
569364383652044800
569366138963959808
569368621077692417
569373258010660864
569386581938860032
569388156031799297
569419949007085568
569436958281183233
569438531686424577
569459716906229760
569478023679905792
569500787849728001
569504176306331649
569526325255364609
569543012914565126
569562202405019650
569571448412438528
569576074050473984
569576099018985472
569576395778748416
569581828258078721
569585355319599104
569588138273865728
569599116403036160
569600462661554177
569605359406485504
569607852236640256
569608570066436096
569615100006440960
569616019708182529
569616573905936384
569619545893306369
569620123096494080
569624009354170369
569627744021184513
569629822789365761
569630229636853761
569630712233627648
569632024434057216
569634918973751297
569638063825154049
569642063005753344
569644168584105984
569653752279531521
569654709964836865
569655614432915456
569658168097292288
569659364530728961
569664007864492032
569664250521763840
569666011147821057
569666226974294016
569668704524308480
569669795559432192
569670407709544448
569671454419079169
569672763536842752
569674725623926784
569678931785228288
569679210454724609
569684565838553088
569685890349404160
569687874288914432
569691049116839936
569691100090273792
569696521425281024
569700635152494592
569715552702345216
569717632993263616
569718807939428354
569720247948861440
569744378354401280
569747170741465088
569757977785184256
569758956941234176
569760231846072321
569780773194113025
569817817522044928
567623209026334720
567679487383699456
567724091809878016
567725163077070848
567728285174743041
567732811772080129
567733978363621376
567742500366872576
567752542491516928
567761113631449089
567762333779628032
567763748559937536
567766755797389312
567778721474822145
567782895306412032
567787873778278400
567794573495250944
567796863467839488
567811142924656640
567811360404336641
567811428779868160
567812160253865984
567812349895245824
567812370690605056
567817476144242688
567822548545859587
567823996852428801
567827039790571520
567829543723102208
567832862130577408
567842726861021184
567846268090740737
567851275599110144
567860175740092416
567861727833894913
567866673325285376
567875699056467968
567881459161260032
567885401714589696
567887623953457152
567895211575111680
567900433542488064
567904438834167809
567913659650805760
567917894144770049
567987284613545984
568035703768154112
568054702635483136
568055766130827264
568061470933540864
568064123621093377
568075679008468992
568088650430468096
568092350355865600
568096554638159872
568098677618683904
568111588546375680
568113981866446848
568132101729443841
568135839814807552
568139479237525505
568142526110019584
568155289146363904
568157451729526784
568162061278011392
568167917004718080
568168505998229505
568188639412400128
568189949415170048
568193817943257088
568199678896037890
568209028188233728
568228124263124992
568252805036638209
568252997886545920
568262694123339776
568266994069295105
568275746516385793
568288672627318784
568308464985903104
568372767810125825
568417260668379136
568426489055719425
568431753272168448
568433145437138944
568433610765815808
568439171028791297
568456844429160448
568466370205237248
568481989776564224
568484777336172546
568491224946098176
568495231877967872
568496820604821505
568502112457510912
568516490405679104
568528082841112576
568568900767653889
568571642265227264
568578381320597504
568593538520231936
568594708177555457
568606485716078592
568611276026351618
568611300609118208
568612911222026241
568621210986090497
568623603496792064
568626969983750145
568656507480481792
568706272788262912
568742080715104256
568768864793681921
568779311261622272
568779480019251201
568804253151731712
568824537338417154
568841068348878848
568844772191940608
568848259008962560
568854243097976832
568855251123449856
568875674552807425
568882601261273089
568883464923000832
568891233386561537
568892540889509888
568893275907575808
568895188338380801
568902192364548097
568931762518110208
568951819969232896
568961160357285889
568964010101514240
568966330315091968
568996855566245889
568997237176569856
569005006902468608
569007890029129728
569007993897013249
569016065600008193
569110766235877376
569129049861304323
569143946930196483
569155039983497216
569157073906176000
569168028014743552
569172065724428288
569180231782801408
569181501830656000
569188782492266496
569202691185909760
569225573773369344
569226044118581248
569238749802074113
569242143748964353
569242715759779840
569258945254191104
569262702301876224
569277895224516608
569296784922578944
569298712247312384
569311498301870080
569316358845911040
569338724787593216
569339717990400000
569342888615620609
569357691715493888
569364383652044800
569366138963959808
569368621077692417
569373258010660864
569386581938860032
569388156031799297
569419949007085568
569436958281183233
569438531686424577
569459716906229760
569478023679905792
569500787849728001
569504176306331649
569526325255364609
569543012914565126
569562202405019650
569571448412438528
569576074050473984
569576099018985472
569576395778748416
569581828258078721
569585355319599104
569588138273865728
569599116403036160
569600462661554177
569605359406485504
569607852236640256
569608570066436096
569615100006440960
569616019708182529
569616573905936384
569619545893306369
569620123096494080
569624009354170369
569627744021184513
569629822789365761
569630229636853761
569630712233627648
569632024434057216
569634918973751297
569638063825154049
569642063005753344
569644168584105984
569653752279531521
569654709964836865
569655614432915456
569658168097292288
569659364530728961
569664007864492032
569664250521763840
569666011147821057
569666226974294016
569668704524308480
569669795559432192
569670407709544448
569671454419079169
569672763536842752
569674725623926784
569678931785228288
569679210454724609
569684565838553088
569685890349404160
569687874288914432
569691049116839936
569691100090273792
569696521425281024
569700635152494592
569715552702345216
569717632993263616
569718807939428354
569720247948861440
569744378354401280
569747170741465088
569757977785184256
569758956941234176
569760231846072321
569780773194113025
569817817522044928
569825133705216001
569835751275433984
569839807787958273
567623209026334720
567679487383699456
567724091809878016
567725163077070848
567728285174743041
567732811772080129
567733978363621376
567742500366872576
567752542491516928
567761113631449089
567762333779628032
567763748559937536
567766755797389312
567778721474822145
567782895306412032
567787873778278400
567794573495250944
567796863467839488
567811142924656640
567811360404336641
567811428779868160
567812160253865984
567812349895245824
567812370690605056
567817476144242688
567822548545859587
567823996852428801
567827039790571520
567829543723102208
567832862130577408
567842726861021184
567846268090740737
567851275599110144
567860175740092416
567861727833894913
567866673325285376
567875699056467968
567881459161260032
567885401714589696
567887623953457152
567895211575111680
567900433542488064
567904438834167809
567913659650805760
567917894144770049
567987284613545984
568035703768154112
568054702635483136
568055766130827264
568061470933540864
568064123621093377
568075679008468992
568088650430468096
568092350355865600
568096554638159872
568098677618683904
568111588546375680
568113981866446848
568132101729443841
568135839814807552
568139479237525505
568142526110019584
568155289146363904
568157451729526784
568162061278011392
568167917004718080
568168505998229505
568188639412400128
568189949415170048
568193817943257088
568199678896037890
568209028188233728
568228124263124992
568252805036638209
568252997886545920
568262694123339776
568266994069295105
568275746516385793
568288672627318784
568308464985903104
568372767810125825
568417260668379136
568426489055719425
568431753272168448
568433145437138944
568433610765815808
568439171028791297
568456844429160448
568466370205237248
568481989776564224
568484777336172546
568491224946098176
568495231877967872
568496820604821505
568502112457510912
568516490405679104
568528082841112576
568568900767653889
568571642265227264
568578381320597504
568593538520231936
568594708177555457
568606485716078592
568611276026351618
568611300609118208
568612911222026241
568621210986090497
568623603496792064
568626969983750145
568656507480481792
568706272788262912
568742080715104256
568768864793681921
568779311261622272
568779480019251201
568804253151731712
568824537338417154
568841068348878848
568844772191940608
568848259008962560
568854243097976832
568855251123449856
568875674552807425
568882601261273089
568883464923000832
568891233386561537
568892540889509888
568893275907575808
568895188338380801
568902192364548097
568931762518110208
568951819969232896
568961160357285889
568964010101514240
568966330315091968
568996855566245889
568997237176569856
569005006902468608
569007890029129728
569007993897013249
569016065600008193
569110766235877376
569129049861304323
569143946930196483
569155039983497216
569157073906176000
569168028014743552
569172065724428288
569180231782801408
569181501830656000
569188782492266496
569202691185909760
569225573773369344
569226044118581248
569238749802074113
569242143748964353
569242715759779840
569258945254191104
569262702301876224
569277895224516608
569296784922578944
569298712247312384
569311498301870080
569316358845911040
569338724787593216
569339717990400000
569342888615620609
569357691715493888
569364383652044800
569366138963959808
569368621077692417
569373258010660864
569386581938860032
569388156031799297
569419949007085568
569436958281183233
569438531686424577
569459716906229760
569478023679905792
569500787849728001
569504176306331649
569526325255364609
569543012914565126
569562202405019650
569571448412438528
569576074050473984
569576099018985472
569576395778748416
569581828258078721
569585355319599104
569588138273865728
569599116403036160
569600462661554177
569605359406485504
569607852236640256
569608570066436096
569615100006440960
569616019708182529
569616573905936384
569619545893306369
569620123096494080
569624009354170369
569627744021184513
569629822789365761
569630229636853761
569630712233627648
569632024434057216
569634918973751297
569638063825154049
569642063005753344
569644168584105984
569653752279531521
569654709964836865
569655614432915456
569658168097292288
569659364530728961
569664007864492032
569664250521763840
569666011147821057
569666226974294016
569668704524308480
569669795559432192
569670407709544448
569671454419079169
569672763536842752
569674725623926784
569678931785228288
569679210454724609
569684565838553088
569685890349404160
569687874288914432
569691049116839936
569691100090273792
569696521425281024
569700635152494592
569715552702345216
569717632993263616
569718807939428354
569720247948861440
569744378354401280
569747170741465088
569757977785184256
569758956941234176
569760231846072321
569780773194113025
569817817522044928
569825133705216001
569835751275433984
569839807787958273
569854151531859968
569856109613166593
569872009380941825
569880251767123968
569880599764140033
569893716711747584
569897733466628097
569905773276307457
569907019081228288
569915576862183425
569917692758630400
569917824078090242
569919092540510208
569919610025152512
569921309439709184
569924355011932162
569929944291127296
569935135895883776
569935592651411456
569944514137362432
569945018527428608
569946372901707776
569947048574758912
569947823615012864
569951958552805376
569952945028108288
569957958634770432
569959182729785344
569961481455976449
569965494519734272
569967974284713984
569968010431066112
569970729237782528
569970865607090176
569972250385862656
569973945270546432
569975349750079488
569976124278640640
569983373378252800
569993218730934273
570006301968867328
570010703391825920
570014637397295104
570017357747380224
570018254271463424
570026514923675648
570048275367079937
570051381534396416
570053838499143680
570054495943720960
570064285860171776
570079237350100993
570084632999428096
570084707548958720
570092530236149761
570105616515145728
570112074249928704
570119444451745792
570177331358076929
570197589280366592
570200237622611968
570218829546024960
570220208037584896
570222660300378112
570227814575804416
570240524592017408
570246839225745408
570253313368698883
570253932880007168
570257918798516224
570264481772777472
570265626146512896
570267608773054464
570267956648792064
570268875872473088
570271205300703232
570271904508092416
570272714205863936
570287638084763648
570288841447366658
570295745921880064
570296212336865283
570299252141903873
570300767074181121
570306217001799680
570307434113310720
570307948171423745
