567717985092395008
567720839408533504
567773609939058688
567804350040416256
567804488687345665
567805001050890240
567811236231954433
568464940367007744
568564623156211712
568985883589906432
569170372018499584
569185842876571648
569186762947493888
569197579956842496
569322175175352322
569478901166055424
569543457452064768
569569639543541762
569605690471288832
569654047151562752
567717985092395008
567720839408533504
567773609939058688
567804350040416256
567804488687345665
567805001050890240
567811236231954433
568464940367007744
568564623156211712
568985883589906432
569170372018499584
569185842876571648
569186762947493888
569197579956842496
569322175175352322
569478901166055424
569543457452064768
569569639543541762
569605690471288832
569654047151562752
567717985092395008
567720839408533504
567773609939058688
567804350040416256
567804488687345665
567805001050890240
567811236231954433
568464940367007744
568564623156211712
568985883589906432
569170372018499584
569185842876571648
569186762947493888
569197579956842496
569322175175352322
569478901166055424
569543457452064768
569569639543541762
569605690471288832
569654047151562752
569914377442340865
569929653730840577
569930577643769856
569961410161192960
569966563245367297
569967848078090240
570208909522182146
570209266264449026
570210392539934721
570212050548461568
570219969717219328
570247748286435328
570248011621609472
570248162067107840
570268160202567680
570268558451720193
570284725740285952
567717985092395008
567720839408533504
567773609939058688
567804350040416256
567804488687345665
567805001050890240
567811236231954433
568464940367007744
568564623156211712
568985883589906432
569170372018499584
569185842876571648
569186762947493888
569197579956842496
569322175175352322
569478901166055424
569543457452064768
569569639543541762
569605690471288832
569654047151562752
569914377442340865
569929653730840577
569930577643769856
569961410161192960
569966563245367297
569967848078090240
570208909522182146
570209266264449026
570210392539934721
570212050548461568
570219969717219328
570247748286435328
570248011621609472
570248162067107840
570268160202567680
570268558451720193
570284725740285952
567717985092395008
567720839408533504
567773609939058688
567804350040416256
567804488687345665
567805001050890240
567811236231954433
568464940367007744
568564623156211712
568985883589906432
569170372018499584
569185842876571648
569186762947493888
569197579956842496
569322175175352322
569478901166055424
569543457452064768
569569639543541762
569605690471288832
569654047151562752
569914377442340865
569929653730840577
569930577643769856
569961410161192960
569966563245367297
569967848078090240
570208909522182146
570209266264449026
570210392539934721
570212050548461568
570219969717219328
570247748286435328
570248011621609472
570248162067107840
570268160202567680
570268558451720193
570284725740285952
567717985092395008
567720839408533504
567773609939058688
567804350040416256
567804488687345665
567805001050890240
567811236231954433
568464940367007744
568564623156211712
568985883589906432
569170372018499584
569185842876571648
569186762947493888
569197579956842496
569322175175352322
569478901166055424
569543457452064768
569569639543541762
569605690471288832
569654047151562752
569914377442340865
569929653730840577
569930577643769856
569961410161192960
569966563245367297
569967848078090240
570208909522182146
570209266264449026
570210392539934721
570212050548461568
570219969717219328
570247748286435328
570248011621609472
570248162067107840
570268160202567680
570268558451720193
570284725740285952
567717985092395008
567720839408533504
567773609939058688
567804350040416256
567804488687345665
567805001050890240
567811236231954433
568464940367007744
568564623156211712
568985883589906432
569170372018499584
569185842876571648
569186762947493888
569197579956842496
569322175175352322
569478901166055424
569543457452064768
569569639543541762
569605690471288832
569654047151562752
569914377442340865
569929653730840577
569930577643769856
569961410161192960
569966563245367297
569967848078090240
570208909522182146
570209266264449026
570210392539934721
570212050548461568
570219969717219328
570247748286435328
570248011621609472
570248162067107840
570268160202567680
570268558451720193
570284725740285952
567717985092395008
567720839408533504
567773609939058688
567804350040416256
567804488687345665
567805001050890240
567811236231954433
568464940367007744
568564623156211712
568985883589906432
569170372018499584
569185842876571648
569186762947493888
569197579956842496
569322175175352322
569478901166055424
569543457452064768
569569639543541762
569605690471288832
569654047151562752
569914377442340865
569929653730840577
569930577643769856
569961410161192960
569966563245367297
569967848078090240
570208909522182146
570209266264449026
570210392539934721
570212050548461568
570219969717219328
570247748286435328
570248011621609472
570248162067107840
570268160202567680
570268558451720193
570284725740285952
