567892508987908096
568171015131394048
568929979981033472
569595015518793730
569608282442047488
569615855505387520
569658878939410432
567892508987908096
568171015131394048
568929979981033472
569595015518793730
569608282442047488
569615855505387520
569658878939410432
567892508987908096
568171015131394048
568929979981033472
569595015518793730
569608282442047488
569615855505387520
569658878939410432
569924092280774656
569962686219288576
570074886606958592
570293661377961984
567892508987908096
568171015131394048
568929979981033472
569595015518793730
569608282442047488
569615855505387520
569658878939410432
569924092280774656
569962686219288576
570074886606958592
570293661377961984
567892508987908096
568171015131394048
568929979981033472
569595015518793730
569608282442047488
569615855505387520
569658878939410432
569924092280774656
569962686219288576
570074886606958592
570293661377961984
567892508987908096
568171015131394048
568929979981033472
569595015518793730
569608282442047488
569615855505387520
569658878939410432
569924092280774656
569962686219288576
570074886606958592
570293661377961984
567892508987908096
568171015131394048
568929979981033472
569595015518793730
569608282442047488
569615855505387520
569658878939410432
569924092280774656
569962686219288576
570074886606958592
570293661377961984
567892508987908096
568171015131394048
568929979981033472
569595015518793730
569608282442047488
569615855505387520
569658878939410432
569924092280774656
569962686219288576
570074886606958592
570293661377961984
