567724189872697348
567745362727686145
567781477761314816
567861727833894913
567873519356284928
567874134174101504
568037433503145984
568067622698291200
568089179520954368
568129652625158147
568130484934459392
568155289146363904
568191963838746624
568210483959836672
568223557806915585
568272244792631296
568432918110064640
568435244841500673
568454386617356291
568514213921947648
568549003626811392
568594180014014464
568597062104813568
568614750508036096
568615063738646528
568631066736529409
568795018816675841
568801277984944128
568808975828955136
568860308980117504
568873199250706433
568903193930764288
568905087608881152
568916446710857728
568931759150084096
568962582934978562
568967381860503552
569102942088900608
569172176214962176
569208067243401217
569239939776274433
569262680965402624
569282312203997185
569300959911768064
569366337929105408
569470757673291777
569496068255195137
569497092655345664
569518596231008258
569589872094289920
569604777962643457
569615659333627904
569628323443318785
569639854277066752
569640163393073152
569641259826061312
569644070470963201
569649712996823041
569651504753332225
569658153115250689
569664250521763840
569665600403808256
569666679963312129
569667782910058496
569668179758350336
569676217432977408
569680920162258945
569684282706259968
569685747080372224
569721972600528897
569730123210948608
569734065697353729
569757272760397824
569790444797865984
569813373413687296
567724189872697348
567745362727686145
567781477761314816
567861727833894913
567873519356284928
567874134174101504
568037433503145984
568067622698291200
568089179520954368
568129652625158147
568130484934459392
568155289146363904
568191963838746624
568210483959836672
568223557806915585
568272244792631296
568432918110064640
568435244841500673
568454386617356291
568514213921947648
568549003626811392
568594180014014464
568597062104813568
568614750508036096
568615063738646528
568631066736529409
568795018816675841
568801277984944128
568808975828955136
568860308980117504
568873199250706433
568903193930764288
568905087608881152
568916446710857728
568931759150084096
568962582934978562
568967381860503552
569102942088900608
569172176214962176
569208067243401217
569239939776274433
569262680965402624
569282312203997185
569300959911768064
569366337929105408
569470757673291777
569496068255195137
569497092655345664
569518596231008258
569589872094289920
569604777962643457
569615659333627904
569628323443318785
569639854277066752
569640163393073152
569641259826061312
569644070470963201
569649712996823041
569651504753332225
569658153115250689
569664250521763840
569665600403808256
569666679963312129
569667782910058496
569668179758350336
569676217432977408
569680920162258945
569684282706259968
569685747080372224
569721972600528897
569730123210948608
569734065697353729
569757272760397824
569790444797865984
569813373413687296
569828681297870848
569836305066041344
567724189872697348
567745362727686145
567781477761314816
567861727833894913
567873519356284928
567874134174101504
568037433503145984
568067622698291200
568089179520954368
568129652625158147
568130484934459392
568155289146363904
568191963838746624
568210483959836672
568223557806915585
568272244792631296
568432918110064640
568435244841500673
568454386617356291
568514213921947648
568549003626811392
568594180014014464
568597062104813568
568614750508036096
568615063738646528
568631066736529409
568795018816675841
568801277984944128
568808975828955136
568860308980117504
568873199250706433
568903193930764288
568905087608881152
568916446710857728
568931759150084096
568962582934978562
568967381860503552
569102942088900608
569172176214962176
569208067243401217
569239939776274433
569262680965402624
569282312203997185
569300959911768064
569366337929105408
569470757673291777
569496068255195137
569497092655345664
569518596231008258
569589872094289920
569604777962643457
569615659333627904
569628323443318785
569639854277066752
569640163393073152
569641259826061312
569644070470963201
569649712996823041
569651504753332225
569658153115250689
569664250521763840
569665600403808256
569666679963312129
569667782910058496
569668179758350336
569676217432977408
569680920162258945
569684282706259968
569685747080372224
569721972600528897
569730123210948608
569734065697353729
569757272760397824
569790444797865984
569813373413687296
569828681297870848
569836305066041344
569854540494868481
569871433662271488
569891023335387136
569905124723675136
569908123550375936
569914641414905856
569918918602547200
569927837601402880
569928419435286528
569930942833258496
569952984257294336
569954220184604672
569956192111316992
569991529764409344
570013289188630529
570017634495787009
570037961020080129
570038694817767425
570056002692710400
570063450174464000
570067181733580800
570078673090408448
570081695342309377
570083397873373184
570088470171013120
570108519237558272
570119444451745792
570177593250582528
570181906492297216
570188934564737024
570211313072238592
570236690637459456
570259131879309312
570272406570442752
570275450200711168
570306217001799680
567724189872697348
567745362727686145
567781477761314816
567861727833894913
567873519356284928
567874134174101504
568037433503145984
568067622698291200
568089179520954368
568129652625158147
568130484934459392
568155289146363904
568191963838746624
568210483959836672
568223557806915585
568272244792631296
568432918110064640
568435244841500673
568454386617356291
568514213921947648
568549003626811392
568594180014014464
568597062104813568
568614750508036096
568615063738646528
568631066736529409
568795018816675841
568801277984944128
568808975828955136
568860308980117504
568873199250706433
568903193930764288
568905087608881152
568916446710857728
568931759150084096
568962582934978562
568967381860503552
569102942088900608
569172176214962176
569208067243401217
569239939776274433
569262680965402624
569282312203997185
569300959911768064
569366337929105408
569470757673291777
569496068255195137
569497092655345664
569518596231008258
569589872094289920
569604777962643457
569615659333627904
569628323443318785
569639854277066752
569640163393073152
569641259826061312
569644070470963201
569649712996823041
569651504753332225
569658153115250689
569664250521763840
569665600403808256
569666679963312129
569667782910058496
569668179758350336
569676217432977408
569680920162258945
569684282706259968
569685747080372224
569721972600528897
569730123210948608
569734065697353729
569757272760397824
569790444797865984
569813373413687296
569828681297870848
569836305066041344
569854540494868481
569871433662271488
569891023335387136
569905124723675136
569908123550375936
569914641414905856
569918918602547200
569927837601402880
569928419435286528
569930942833258496
569952984257294336
569954220184604672
569956192111316992
569991529764409344
570013289188630529
570017634495787009
570037961020080129
570038694817767425
570056002692710400
570063450174464000
570067181733580800
570078673090408448
570081695342309377
570083397873373184
570088470171013120
570108519237558272
570119444451745792
570177593250582528
570181906492297216
570188934564737024
570211313072238592
570236690637459456
570259131879309312
570272406570442752
570275450200711168
570306217001799680
567724189872697348
567745362727686145
567781477761314816
567861727833894913
567873519356284928
567874134174101504
568037433503145984
568067622698291200
568089179520954368
568129652625158147
568130484934459392
568155289146363904
568191963838746624
568210483959836672
568223557806915585
568272244792631296
568432918110064640
568435244841500673
568454386617356291
568514213921947648
568549003626811392
568594180014014464
568597062104813568
568614750508036096
568615063738646528
568631066736529409
568795018816675841
568801277984944128
568808975828955136
568860308980117504
568873199250706433
568903193930764288
568905087608881152
568916446710857728
568931759150084096
568962582934978562
568967381860503552
569102942088900608
569172176214962176
569208067243401217
569239939776274433
569262680965402624
569282312203997185
569300959911768064
569366337929105408
569470757673291777
569496068255195137
569497092655345664
569518596231008258
569589872094289920
569604777962643457
569615659333627904
569628323443318785
569639854277066752
569640163393073152
569641259826061312
569644070470963201
569649712996823041
569651504753332225
569658153115250689
569664250521763840
569665600403808256
569666679963312129
569667782910058496
569668179758350336
569676217432977408
569680920162258945
569684282706259968
569685747080372224
569721972600528897
569730123210948608
569734065697353729
569757272760397824
569790444797865984
569813373413687296
569828681297870848
569836305066041344
569854540494868481
569871433662271488
569891023335387136
569905124723675136
569908123550375936
569914641414905856
569918918602547200
569927837601402880
569928419435286528
569930942833258496
569952984257294336
569954220184604672
569956192111316992
569991529764409344
570013289188630529
570017634495787009
570037961020080129
570038694817767425
570056002692710400
570063450174464000
570067181733580800
570078673090408448
570081695342309377
570083397873373184
570088470171013120
570108519237558272
570119444451745792
570177593250582528
570181906492297216
570188934564737024
570211313072238592
570236690637459456
570259131879309312
570272406570442752
570275450200711168
570306217001799680
567724189872697348
567745362727686145
567781477761314816
567861727833894913
567873519356284928
567874134174101504
568037433503145984
568067622698291200
568089179520954368
568129652625158147
568130484934459392
568155289146363904
568191963838746624
568210483959836672
568223557806915585
568272244792631296
568432918110064640
568435244841500673
568454386617356291
568514213921947648
568549003626811392
568594180014014464
568597062104813568
568614750508036096
568615063738646528
568631066736529409
568795018816675841
568801277984944128
568808975828955136
568860308980117504
568873199250706433
568903193930764288
568905087608881152
568916446710857728
568931759150084096
568962582934978562
568967381860503552
569102942088900608
569172176214962176
569208067243401217
569239939776274433
569262680965402624
569282312203997185
569300959911768064
569366337929105408
569470757673291777
569496068255195137
569497092655345664
569518596231008258
569589872094289920
569604777962643457
569615659333627904
569628323443318785
569639854277066752
569640163393073152
569641259826061312
569644070470963201
569649712996823041
569651504753332225
569658153115250689
569664250521763840
569665600403808256
569666679963312129
569667782910058496
569668179758350336
569676217432977408
569680920162258945
569684282706259968
569685747080372224
569721972600528897
569730123210948608
569734065697353729
569757272760397824
569790444797865984
569813373413687296
569828681297870848
569836305066041344
569854540494868481
569871433662271488
569891023335387136
569905124723675136
569908123550375936
569914641414905856
569918918602547200
569927837601402880
569928419435286528
569930942833258496
569952984257294336
569954220184604672
569956192111316992
569991529764409344
570013289188630529
570017634495787009
570037961020080129
570038694817767425
570056002692710400
570063450174464000
570067181733580800
570078673090408448
570081695342309377
570083397873373184
570088470171013120
570108519237558272
570119444451745792
570177593250582528
570181906492297216
570188934564737024
570211313072238592
570236690637459456
570259131879309312
570272406570442752
570275450200711168
570306217001799680
567724189872697348
567745362727686145
567781477761314816
567861727833894913
567873519356284928
567874134174101504
568037433503145984
568067622698291200
568089179520954368
568129652625158147
568130484934459392
568155289146363904
568191963838746624
568210483959836672
568223557806915585
568272244792631296
568432918110064640
568435244841500673
568454386617356291
568514213921947648
568549003626811392
568594180014014464
568597062104813568
568614750508036096
568615063738646528
568631066736529409
568795018816675841
568801277984944128
568808975828955136
568860308980117504
568873199250706433
568903193930764288
568905087608881152
568916446710857728
568931759150084096
568962582934978562
568967381860503552
569102942088900608
569172176214962176
569208067243401217
569239939776274433
569262680965402624
569282312203997185
569300959911768064
569366337929105408
569470757673291777
569496068255195137
569497092655345664
569518596231008258
569589872094289920
569604777962643457
569615659333627904
569628323443318785
569639854277066752
569640163393073152
569641259826061312
569644070470963201
569649712996823041
569651504753332225
569658153115250689
569664250521763840
569665600403808256
569666679963312129
569667782910058496
569668179758350336
569676217432977408
569680920162258945
569684282706259968
569685747080372224
569721972600528897
569730123210948608
569734065697353729
569757272760397824
569790444797865984
569813373413687296
569828681297870848
569836305066041344
569854540494868481
569871433662271488
569891023335387136
569905124723675136
569908123550375936
569914641414905856
569918918602547200
569927837601402880
569928419435286528
569930942833258496
569952984257294336
569954220184604672
569956192111316992
569991529764409344
570013289188630529
570017634495787009
570037961020080129
570038694817767425
570056002692710400
570063450174464000
570067181733580800
570078673090408448
570081695342309377
570083397873373184
570088470171013120
570108519237558272
570119444451745792
570177593250582528
570181906492297216
570188934564737024
570211313072238592
570236690637459456
570259131879309312
570272406570442752
570275450200711168
570306217001799680
567724189872697348
567745362727686145
567781477761314816
567861727833894913
567873519356284928
567874134174101504
568037433503145984
568067622698291200
568089179520954368
568129652625158147
568130484934459392
568155289146363904
568191963838746624
568210483959836672
568223557806915585
568272244792631296
568432918110064640
568435244841500673
568454386617356291
568514213921947648
568549003626811392
568594180014014464
568597062104813568
568614750508036096
568615063738646528
568631066736529409
568795018816675841
568801277984944128
568808975828955136
568860308980117504
568873199250706433
568903193930764288
568905087608881152
568916446710857728
568931759150084096
568962582934978562
568967381860503552
569102942088900608
569172176214962176
569208067243401217
569239939776274433
569262680965402624
569282312203997185
569300959911768064
569366337929105408
569470757673291777
569496068255195137
569497092655345664
569518596231008258
569589872094289920
569604777962643457
569615659333627904
569628323443318785
569639854277066752
569640163393073152
569641259826061312
569644070470963201
569649712996823041
569651504753332225
569658153115250689
569664250521763840
569665600403808256
569666679963312129
569667782910058496
569668179758350336
569676217432977408
569680920162258945
569684282706259968
569685747080372224
569721972600528897
569730123210948608
569734065697353729
569757272760397824
569790444797865984
569813373413687296
569828681297870848
569836305066041344
569854540494868481
569871433662271488
569891023335387136
569905124723675136
569908123550375936
569914641414905856
569918918602547200
569927837601402880
569928419435286528
569930942833258496
569952984257294336
569954220184604672
569956192111316992
569991529764409344
570013289188630529
570017634495787009
570037961020080129
570038694817767425
570056002692710400
570063450174464000
570067181733580800
570078673090408448
570081695342309377
570083397873373184
570088470171013120
570108519237558272
570119444451745792
570177593250582528
570181906492297216
570188934564737024
570211313072238592
570236690637459456
570259131879309312
570272406570442752
570275450200711168
570306217001799680
