567754096272224256
567806788708626433
568140724618686464
568172843520950272
568260044896243712
568458701046050816
568534107875119105
568535405361913857
568538242380742656
568639956622512128
568865011717705730
568954048038055936
569346870423769088
569420073707773952
569591456190504961
569606281998299137
569618972535959552
569634229627297793
567754096272224256
567806788708626433
568140724618686464
568172843520950272
568260044896243712
568458701046050816
568534107875119105
568535405361913857
568538242380742656
568639956622512128
568865011717705730
568954048038055936
569346870423769088
569420073707773952
569591456190504961
569606281998299137
569618972535959552
569634229627297793
569836091651592192
567754096272224256
567806788708626433
568140724618686464
568172843520950272
568260044896243712
568458701046050816
568534107875119105
568535405361913857
568538242380742656
568639956622512128
568865011717705730
568954048038055936
569346870423769088
569420073707773952
569591456190504961
569606281998299137
569618972535959552
569634229627297793
569836091651592192
570083898031513600
570092210466611200
570226164146397184
570243296741752832
