568192567348604928
569657202325229568
568192567348604928
569657202325229568
568192567348604928
569657202325229568
570275536406253568
570290552169734144
568192567348604928
569657202325229568
570275536406253568
570290552169734144
568192567348604928
569657202325229568
570275536406253568
570290552169734144
568192567348604928
569657202325229568
570275536406253568
570290552169734144
568192567348604928
569657202325229568
570275536406253568
570290552169734144
568192567348604928
569657202325229568
570275536406253568
570290552169734144
