569625739231948800
569649116487290880
569697456536965121
569764275700375552
569625739231948800
569649116487290880
569697456536965121
569764275700375552
569625739231948800
569649116487290880
569697456536965121
569764275700375552
570010539499393025
569625739231948800
569649116487290880
569697456536965121
569764275700375552
570010539499393025
569625739231948800
569649116487290880
569697456536965121
569764275700375552
570010539499393025
569625739231948800
569649116487290880
569697456536965121
569764275700375552
570010539499393025
569625739231948800
569649116487290880
569697456536965121
569764275700375552
570010539499393025
569625739231948800
569649116487290880
569697456536965121
569764275700375552
570010539499393025
