567594579310825473
567692251954827265
567722294680641538
567726138223771649
567728679426326528
567732811772080129
567734644515536896
567736505477918722
567737449938685952
567750589040181248
567752478309875714
567754392682901504
567760331829559296
567761267826651139
567774437673603073
567776832410636288
567786760287096832
567828603976597504
567831806944223232
567856127246999552
567857135066963968
567862940348579840
567864117047865344
567887103465496576
567908046619439104
568004984937287680
568037591687270400
568051199565533184
568055034296049664
568055509795901440
568081401053974528
568095662262358016
568107719737020417
568118981170606080
568128236649095168
568172170569887744
568177321724620800
568186071114252288
568186350219821057
568188732806963201
568232802749161472
568240364315783168
568282478076669952
568295728272900096
568364870757797888
568380045431058432
568391392528969730
568416519073468416
568434065067491328
568440514506301440
568442952176918528
568444091836604416
568448265441554432
568467055747313664
568502194854612992
568531043805999104
568547839636332544
568558562810544129
568564799593820161
568612680937766912
568654569976123392
568663147189415936
568673332184240129
568781213651087361
568801535662166016
568802044309430272
568817985147654144
568824987244584961
568833691306369025
568905448897654784
568954048038055936
568957365464076288
568964732981530624
568968761954443264
568970172062691328
568997044406374400
569002703558475777
569100490027499520
569102054922129409
569103591966793728
569207022597509120
569224824066842624
569236665950203904
569237947033255936
569241158196400130
569243017552375809
569251925482475520
569261063406882816
569270187725160449
569276518305820672
569278421743878144
569330683623186433
569348775631675392
569350730034728960
569351289026568192
569372422509453313
569381811278770176
569456923663151104
569459269394956288
569493077368422400
569496017210462208
569497959932530689
569504946120298496
569506974930481153
569508903735545857
569527586960711681
569540652935069696
569541106112827393
569552426698723330
569560151100821504
569562133249130496
569566514132717568
569566880006086656
569586098772578304
569587188687634433
569593910869127168
569594973949206529
569604425238454273
569604466757865472
569605452230754305
569615206625599488
569620098467569664
569633689665216512
569641319712169984
569642757767081984
569643287918845952
569646446586171392
569657264262533120
569658322413965312
569673773567381505
569678153783877634
569680835894497280
569683741779599361
569684433218875392
569693808914522113
569699154965827584
569699471954587648
569701377779183616
569705838870466561
569716646165778432
569723086465069056
569775081636782081
569784114309693440
569813808987787264
567594579310825473
567692251954827265
567722294680641538
567726138223771649
567728679426326528
567732811772080129
567734644515536896
567736505477918722
567737449938685952
567750589040181248
567752478309875714
567754392682901504
567760331829559296
567761267826651139
567774437673603073
567776832410636288
567786760287096832
567828603976597504
567831806944223232
567856127246999552
567857135066963968
567862940348579840
567864117047865344
567887103465496576
567908046619439104
568004984937287680
568037591687270400
568051199565533184
568055034296049664
568055509795901440
568081401053974528
568095662262358016
568107719737020417
568118981170606080
568128236649095168
568172170569887744
568177321724620800
568186071114252288
568186350219821057
568188732806963201
568232802749161472
568240364315783168
568282478076669952
568295728272900096
568364870757797888
568380045431058432
568391392528969730
568416519073468416
568434065067491328
568440514506301440
568442952176918528
568444091836604416
568448265441554432
568467055747313664
568502194854612992
568531043805999104
568547839636332544
568558562810544129
568564799593820161
568612680937766912
568654569976123392
568663147189415936
568673332184240129
568781213651087361
568801535662166016
568802044309430272
568817985147654144
568824987244584961
568833691306369025
568905448897654784
568954048038055936
568957365464076288
568964732981530624
568968761954443264
568970172062691328
568997044406374400
569002703558475777
569100490027499520
569102054922129409
569103591966793728
569207022597509120
569224824066842624
569236665950203904
569237947033255936
569241158196400130
569243017552375809
569251925482475520
569261063406882816
569270187725160449
569276518305820672
569278421743878144
569330683623186433
569348775631675392
569350730034728960
569351289026568192
569372422509453313
569381811278770176
569456923663151104
569459269394956288
569493077368422400
569496017210462208
569497959932530689
569504946120298496
569506974930481153
569508903735545857
569527586960711681
569540652935069696
569541106112827393
569552426698723330
569560151100821504
569562133249130496
569566514132717568
569566880006086656
569586098772578304
569587188687634433
569593910869127168
569594973949206529
569604425238454273
569604466757865472
569605452230754305
569615206625599488
569620098467569664
569633689665216512
569641319712169984
569642757767081984
569643287918845952
569646446586171392
569657264262533120
569658322413965312
569673773567381505
569678153783877634
569680835894497280
569683741779599361
569684433218875392
569693808914522113
569699154965827584
569699471954587648
569701377779183616
569705838870466561
569716646165778432
569723086465069056
569775081636782081
569784114309693440
569813808987787264
569836305066041344
567594579310825473
567692251954827265
567722294680641538
567726138223771649
567728679426326528
567732811772080129
567734644515536896
567736505477918722
567737449938685952
567750589040181248
567752478309875714
567754392682901504
567760331829559296
567761267826651139
567774437673603073
567776832410636288
567786760287096832
567828603976597504
567831806944223232
567856127246999552
567857135066963968
567862940348579840
567864117047865344
567887103465496576
567908046619439104
568004984937287680
568037591687270400
568051199565533184
568055034296049664
568055509795901440
568081401053974528
568095662262358016
568107719737020417
568118981170606080
568128236649095168
568172170569887744
568177321724620800
568186071114252288
568186350219821057
568188732806963201
568232802749161472
568240364315783168
568282478076669952
568295728272900096
568364870757797888
568380045431058432
568391392528969730
568416519073468416
568434065067491328
568440514506301440
568442952176918528
568444091836604416
568448265441554432
568467055747313664
568502194854612992
568531043805999104
568547839636332544
568558562810544129
568564799593820161
568612680937766912
568654569976123392
568663147189415936
568673332184240129
568781213651087361
568801535662166016
568802044309430272
568817985147654144
568824987244584961
568833691306369025
568905448897654784
568954048038055936
568957365464076288
568964732981530624
568968761954443264
568970172062691328
568997044406374400
569002703558475777
569100490027499520
569102054922129409
569103591966793728
569207022597509120
569224824066842624
569236665950203904
569237947033255936
569241158196400130
569243017552375809
569251925482475520
569261063406882816
569270187725160449
569276518305820672
569278421743878144
569330683623186433
569348775631675392
569350730034728960
569351289026568192
569372422509453313
569381811278770176
569456923663151104
569459269394956288
569493077368422400
569496017210462208
569497959932530689
569504946120298496
569506974930481153
569508903735545857
569527586960711681
569540652935069696
569541106112827393
569552426698723330
569560151100821504
569562133249130496
569566514132717568
569566880006086656
569586098772578304
569587188687634433
569593910869127168
569594973949206529
569604425238454273
569604466757865472
569605452230754305
569615206625599488
569620098467569664
569633689665216512
569641319712169984
569642757767081984
569643287918845952
569646446586171392
569657264262533120
569658322413965312
569673773567381505
569678153783877634
569680835894497280
569683741779599361
569684433218875392
569693808914522113
569699154965827584
569699471954587648
569701377779183616
569705838870466561
569716646165778432
569723086465069056
569775081636782081
569784114309693440
569813808987787264
569836305066041344
569856081180160000
569878388464177152
569879623317659648
569883848470859776
569884462051418112
569887310713479168
569892413235294208
569895100526039040
569905124723675136
569909742447009792
569911816937033728
569913595762311168
569915182329286656
569916606064828416
569919020784185344
569921652374577153
569922145264009216
569923045571350528
569924393976987649
569933405506310144
569943090766721024
569948356933332992
569951363670642689
569956115724660736
569956201934385152
569956726318850048
569962709057298432
569969877286461440
569970853334650880
569972097453137920
569972422130032640
569972513721229312
569976848786034688
569978748780421121
569992602025644034
570000158454353920
570008179280646146
570012849067720704
570022345424834560
570025428095770624
570030165788459010
570033309113131008
570045914347237376
570047737347088384
570050323017920512
570059574268469248
570123136542224384
570123495180410881
570129843594997760
570178966725767168
570180703746461696
570218339118800896
570241830757007360
570245402982785024
570245603118211072
570262112477401088
570265563035004928
570265883513384960
570275462921850880
570275726483542016
570291642550386689
570307949614256128
570308064185880577
