568571021554556929
569686602940858368
568571021554556929
569686602940858368
568571021554556929
569686602940858368
569974668406296577
570078894008594432
568571021554556929
569686602940858368
569974668406296577
570078894008594432
568571021554556929
569686602940858368
569974668406296577
570078894008594432
568571021554556929
569686602940858368
569974668406296577
570078894008594432
568571021554556929
569686602940858368
569974668406296577
570078894008594432
568571021554556929
569686602940858368
569974668406296577
570078894008594432
