567627253991735296
567710245053407232
567722330340986880
567728229340172288
567728890206904320
567729416231321600
567729700110602240
567731246462033920
567733656106459136
567736717352763394
567739625465077761
567742500366872576
567743132180033536
567748565095968769
567756085583302656
567763775751987201
567765716527771648
567770722882580480
567775418612195328
567775685796589568
567786807224705027
567790572833103872
567796247672721409
567799968279560194
567808255566602240
567808567580041216
567811573265260544
567812160253865984
567822065471860736
567839160779730944
567845953245413376
567872769049825280
567873196730421248
567887301021413376
567892966980870144
567895077189627905
567895211575111680
567919283419742210
567919391515348992
567919558649995264
567922347669262336
567924953976152064
567926839630557184
567929586077425664
567939727023673344
567946319349706753
567952115588423681
568003851145461760
568008391773196288
568037433503145984
568046797475553280
568054330550587392
568054514617622528
568054687993352192
568054866045747200
568055034296049664
568055279839023105
568055480226066434
568055724078706689
568056050877919232
568056298937430016
568056741885288448
568057671443750912
568057887223894016
568058084846911488
568058146729668608
568061117429231616
568064027437301760
568064382627921920
568068468261519360
568079446592385025
568082656413552640
568111178708336640
568142922031501312
568147319155073024
568149600403660800
568151138421207040
568153151636766721
568156002941415425
568162061278011392
568162673981943808
568198843034169344
568203839242764288
568204029517553665
568206538147364864
568232802749161472
568233193738018817
568241156347305984
568243079003529216
568265475114663936
568385950486802432
568402562107498497
568410282298621952
568420497563598848
568422454609219584
568430681367453696
568435290722975745
568444042851323904
568446906524950528
568448282239713280
568452051740413952
568452186977361921
568457663123746816
568458999798108160
568481179646758913
568481836290220033
568485564112117760
568487293100691457
568495924135235585
568499629043687426
568503966687993856
568521303956656128
568533099908182016
568538872637816832
568561041774231553
568571203553599488
568576245027336193
568578381320597504
568584434376577024
568602156988657664
568605001666449408
568606485716078592
568616966191226880
568624528131125248
568625636639506433
568639824145584128
568641157724549120
568778215671664640
568779480019251201
568787022472740864
568793043664560128
568806899275018241
568819697438871553
568823603627565056
568826499597524992
568834851517771776
568838717303074816
568839036007260162
568842944024875008
568861149053231104
568865640569806848
568876016216600576
568905470502670336
568927281747505152
568942133698146306
568947596242235392
568951922734055424
568953190252544000
568957173692108800
568957558444175360
568966330315091968
568970614238617600
568973797262372866
568977086922297345
568995644276383744
569017631602139137
569026124484706304
569085417045143552
569086048388538368
569108027644645376
569120836264853505
569147852217135104
569151232738095105
569153793058672641
569154652735803392
569155784988164098
569159814426853376
569161513056935936
569165709516759042
569167514300784640
569172396680175616
569176007225188352
569176969872605184
569179631409958912
569179898532761600
569180531742486528
569191845219209217
569197350901714944
569198480226439168
569207235953307648
569215124562554880
569217929541238784
569229441739522048
569235727558447105
569241467916566530
569242876909109248
569249223897526272
569252801802592256
569253430100946944
569255280275369984
569258100324048900
569261495449595905
569267194028298241
569267323330129920
569287318898495490
569293296872222720
569301025280167936
569303395460259840
569307466896424961
569309864759050240
569312688272052224
569318505755103232
569318653792948226
569328773876871168
569337605223006209
569340402786025472
569342608813793280
569343970360348672
569351147930169344
569353641615687680
569357127040540673
569361107745263617
569361898581467136
569363173817643009
569365692618661888
569368160291463168
569368621077692417
569380098119499776
569380416219709440
569387570364198913
569392511732588544
569418233322872833
569437674257276930
569463954155700224
569485181633089536
569490688569679872
569514168576974848
569524116769914882
569525150263214080
569528523418775552
569528694613671936
569529813121290240
569533103359660033
569538171509350400
569544122098446337
569551241967067136
569551779752386560
569556796525969409
569559136540561408
569564016906891264
569566673235271680
569571643044929536
569571829033144320
569574737929576448
569574961158815745
569582603902128128
569583943772610560
569587371693355008
569587728607633408
569589493138731009
569591310589431808
569595015518793730
569599116403036160
569599725240000513
569602407417692162
569604208661409792
569605359406485504
569608141689753600
569614024578600960
569616699604934656
569617704644165632
569618972535959552
569619208884977664
569620102389350401
569620382023622657
569621744295682048
569622389920641024
569626841046224896
569630183747153920
569631377865515008
569641346316640256
569646347705561088
569646886610702337
569647318535786496
569650813070483457
569651021175267332
569652478020489216
569655584540266496
569656727995600896
569657523944366080
569659364530728961
569659620517662721
569661154638872576
569668144198848514
569668310637404163
569669815205560320
569671659394699265
569673758501412865
569674883099205632
569682010270101504
569683647990599681
569684864141824000
569687410969321472
569688669100994561
569689784517402625
569696663742365696
569701550039429121
569701794567163905
569702549491752960
569704700490219523
569708173831094272
569710072491745280
569723892358467584
569724682695368705
569735461033213952
569737397350461440
569740959610572800
569740962760499200
569757907048202240
569757977785184256
569758956941234176
569759259480600577
569766140332937216
569769747019128832
569774273851568128
569779173461336065
569784699117137920
569805215605456896
569805521638662144
567627253991735296
567710245053407232
567722330340986880
567728229340172288
567728890206904320
567729416231321600
567729700110602240
567731246462033920
567733656106459136
567736717352763394
567739625465077761
567742500366872576
567743132180033536
567748565095968769
567756085583302656
567763775751987201
567765716527771648
567770722882580480
567775418612195328
567775685796589568
567786807224705027
567790572833103872
567796247672721409
567799968279560194
567808255566602240
567808567580041216
567811573265260544
567812160253865984
567822065471860736
567839160779730944
567845953245413376
567872769049825280
567873196730421248
567887301021413376
567892966980870144
567895077189627905
567895211575111680
567919283419742210
567919391515348992
567919558649995264
567922347669262336
567924953976152064
567926839630557184
567929586077425664
567939727023673344
567946319349706753
567952115588423681
568003851145461760
568008391773196288
568037433503145984
568046797475553280
568054330550587392
568054514617622528
568054687993352192
568054866045747200
568055034296049664
568055279839023105
568055480226066434
568055724078706689
568056050877919232
568056298937430016
568056741885288448
568057671443750912
568057887223894016
568058084846911488
568058146729668608
568061117429231616
568064027437301760
568064382627921920
568068468261519360
568079446592385025
568082656413552640
568111178708336640
568142922031501312
568147319155073024
568149600403660800
568151138421207040
568153151636766721
568156002941415425
568162061278011392
568162673981943808
568198843034169344
568203839242764288
568204029517553665
568206538147364864
568232802749161472
568233193738018817
568241156347305984
568243079003529216
568265475114663936
568385950486802432
568402562107498497
568410282298621952
568420497563598848
568422454609219584
568430681367453696
568435290722975745
568444042851323904
568446906524950528
568448282239713280
568452051740413952
568452186977361921
568457663123746816
568458999798108160
568481179646758913
568481836290220033
568485564112117760
568487293100691457
568495924135235585
568499629043687426
568503966687993856
568521303956656128
568533099908182016
568538872637816832
568561041774231553
568571203553599488
568576245027336193
568578381320597504
568584434376577024
568602156988657664
568605001666449408
568606485716078592
568616966191226880
568624528131125248
568625636639506433
568639824145584128
568641157724549120
568778215671664640
568779480019251201
568787022472740864
568793043664560128
568806899275018241
568819697438871553
568823603627565056
568826499597524992
568834851517771776
568838717303074816
568839036007260162
568842944024875008
568861149053231104
568865640569806848
568876016216600576
568905470502670336
568927281747505152
568942133698146306
568947596242235392
568951922734055424
568953190252544000
568957173692108800
568957558444175360
568966330315091968
568970614238617600
568973797262372866
568977086922297345
568995644276383744
569017631602139137
569026124484706304
569085417045143552
569086048388538368
569108027644645376
569120836264853505
569147852217135104
569151232738095105
569153793058672641
569154652735803392
569155784988164098
569159814426853376
569161513056935936
569165709516759042
569167514300784640
569172396680175616
569176007225188352
569176969872605184
569179631409958912
569179898532761600
569180531742486528
569191845219209217
569197350901714944
569198480226439168
569207235953307648
569215124562554880
569217929541238784
569229441739522048
569235727558447105
569241467916566530
569242876909109248
569249223897526272
569252801802592256
569253430100946944
569255280275369984
569258100324048900
569261495449595905
569267194028298241
569267323330129920
569287318898495490
569293296872222720
569301025280167936
569303395460259840
569307466896424961
569309864759050240
569312688272052224
569318505755103232
569318653792948226
569328773876871168
569337605223006209
569340402786025472
569342608813793280
569343970360348672
569351147930169344
569353641615687680
569357127040540673
569361107745263617
569361898581467136
569363173817643009
569365692618661888
569368160291463168
569368621077692417
569380098119499776
569380416219709440
569387570364198913
569392511732588544
569418233322872833
569437674257276930
569463954155700224
569485181633089536
569490688569679872
569514168576974848
569524116769914882
569525150263214080
569528523418775552
569528694613671936
569529813121290240
569533103359660033
569538171509350400
569544122098446337
569551241967067136
569551779752386560
569556796525969409
569559136540561408
569564016906891264
569566673235271680
569571643044929536
569571829033144320
569574737929576448
569574961158815745
569582603902128128
569583943772610560
569587371693355008
569587728607633408
569589493138731009
569591310589431808
569595015518793730
569599116403036160
569599725240000513
569602407417692162
569604208661409792
569605359406485504
569608141689753600
569614024578600960
569616699604934656
569617704644165632
569618972535959552
569619208884977664
569620102389350401
569620382023622657
569621744295682048
569622389920641024
569626841046224896
569630183747153920
569631377865515008
569641346316640256
569646347705561088
569646886610702337
569647318535786496
569650813070483457
569651021175267332
569652478020489216
569655584540266496
569656727995600896
569657523944366080
569659364530728961
569659620517662721
569661154638872576
569668144198848514
569668310637404163
569669815205560320
569671659394699265
569673758501412865
569674883099205632
569682010270101504
569683647990599681
569684864141824000
569687410969321472
569688669100994561
569689784517402625
569696663742365696
569701550039429121
569701794567163905
569702549491752960
569704700490219523
569708173831094272
569710072491745280
569723892358467584
569724682695368705
569735461033213952
569737397350461440
569740959610572800
569740962760499200
569757907048202240
569757977785184256
569758956941234176
569759259480600577
569766140332937216
569769747019128832
569774273851568128
569779173461336065
569784699117137920
569805215605456896
569805521638662144
569818507891871744
569827329024913408
569830069746712576
567627253991735296
567710245053407232
567722330340986880
567728229340172288
567728890206904320
567729416231321600
567729700110602240
567731246462033920
567733656106459136
567736717352763394
567739625465077761
567742500366872576
567743132180033536
567748565095968769
567756085583302656
567763775751987201
567765716527771648
567770722882580480
567775418612195328
567775685796589568
567786807224705027
567790572833103872
567796247672721409
567799968279560194
567808255566602240
567808567580041216
567811573265260544
567812160253865984
567822065471860736
567839160779730944
567845953245413376
567872769049825280
567873196730421248
567887301021413376
567892966980870144
567895077189627905
567895211575111680
567919283419742210
567919391515348992
567919558649995264
567922347669262336
567924953976152064
567926839630557184
567929586077425664
567939727023673344
567946319349706753
567952115588423681
568003851145461760
568008391773196288
568037433503145984
568046797475553280
568054330550587392
568054514617622528
568054687993352192
568054866045747200
568055034296049664
568055279839023105
568055480226066434
568055724078706689
568056050877919232
568056298937430016
568056741885288448
568057671443750912
568057887223894016
568058084846911488
568058146729668608
568061117429231616
568064027437301760
568064382627921920
568068468261519360
568079446592385025
568082656413552640
568111178708336640
568142922031501312
568147319155073024
568149600403660800
568151138421207040
568153151636766721
568156002941415425
568162061278011392
568162673981943808
568198843034169344
568203839242764288
568204029517553665
568206538147364864
568232802749161472
568233193738018817
568241156347305984
568243079003529216
568265475114663936
568385950486802432
568402562107498497
568410282298621952
568420497563598848
568422454609219584
568430681367453696
568435290722975745
568444042851323904
568446906524950528
568448282239713280
568452051740413952
568452186977361921
568457663123746816
568458999798108160
568481179646758913
568481836290220033
568485564112117760
568487293100691457
568495924135235585
568499629043687426
568503966687993856
568521303956656128
568533099908182016
568538872637816832
568561041774231553
568571203553599488
568576245027336193
568578381320597504
568584434376577024
568602156988657664
568605001666449408
568606485716078592
568616966191226880
568624528131125248
568625636639506433
568639824145584128
568641157724549120
568778215671664640
568779480019251201
568787022472740864
568793043664560128
568806899275018241
568819697438871553
568823603627565056
568826499597524992
568834851517771776
568838717303074816
568839036007260162
568842944024875008
568861149053231104
568865640569806848
568876016216600576
568905470502670336
568927281747505152
568942133698146306
568947596242235392
568951922734055424
568953190252544000
568957173692108800
568957558444175360
568966330315091968
568970614238617600
568973797262372866
568977086922297345
568995644276383744
569017631602139137
569026124484706304
569085417045143552
569086048388538368
569108027644645376
569120836264853505
569147852217135104
569151232738095105
569153793058672641
569154652735803392
569155784988164098
569159814426853376
569161513056935936
569165709516759042
569167514300784640
569172396680175616
569176007225188352
569176969872605184
569179631409958912
569179898532761600
569180531742486528
569191845219209217
569197350901714944
569198480226439168
569207235953307648
569215124562554880
569217929541238784
569229441739522048
569235727558447105
569241467916566530
569242876909109248
569249223897526272
569252801802592256
569253430100946944
569255280275369984
569258100324048900
569261495449595905
569267194028298241
569267323330129920
569287318898495490
569293296872222720
569301025280167936
569303395460259840
569307466896424961
569309864759050240
569312688272052224
569318505755103232
569318653792948226
569328773876871168
569337605223006209
569340402786025472
569342608813793280
569343970360348672
569351147930169344
569353641615687680
569357127040540673
569361107745263617
569361898581467136
569363173817643009
569365692618661888
569368160291463168
569368621077692417
569380098119499776
569380416219709440
569387570364198913
569392511732588544
569418233322872833
569437674257276930
569463954155700224
569485181633089536
569490688569679872
569514168576974848
569524116769914882
569525150263214080
569528523418775552
569528694613671936
569529813121290240
569533103359660033
569538171509350400
569544122098446337
569551241967067136
569551779752386560
569556796525969409
569559136540561408
569564016906891264
569566673235271680
569571643044929536
569571829033144320
569574737929576448
569574961158815745
569582603902128128
569583943772610560
569587371693355008
569587728607633408
569589493138731009
569591310589431808
569595015518793730
569599116403036160
569599725240000513
569602407417692162
569604208661409792
569605359406485504
569608141689753600
569614024578600960
569616699604934656
569617704644165632
569618972535959552
569619208884977664
569620102389350401
569620382023622657
569621744295682048
569622389920641024
569626841046224896
569630183747153920
569631377865515008
569641346316640256
569646347705561088
569646886610702337
569647318535786496
569650813070483457
569651021175267332
569652478020489216
569655584540266496
569656727995600896
569657523944366080
569659364530728961
569659620517662721
569661154638872576
569668144198848514
569668310637404163
569669815205560320
569671659394699265
569673758501412865
569674883099205632
569682010270101504
569683647990599681
569684864141824000
569687410969321472
569688669100994561
569689784517402625
569696663742365696
569701550039429121
569701794567163905
569702549491752960
569704700490219523
569708173831094272
569710072491745280
569723892358467584
569724682695368705
569735461033213952
569737397350461440
569740959610572800
569740962760499200
569757907048202240
569757977785184256
569758956941234176
569759259480600577
569766140332937216
569769747019128832
569774273851568128
569779173461336065
569784699117137920
569805215605456896
569805521638662144
569818507891871744
569827329024913408
569830069746712576
569844262461972480
569856081180160000
569860103341518849
569879234572718080
569883152493240320
569884438504427520
569890600474021889
569893554753040386
569894828315533312
569897798692286465
569904589010575360
569908123550375936
569914295854739456
569914848991010816
569915992303730689
569920778306584576
569932207311048705
569934076641030146
569935531213086721
569935980129447936
569936861398994945
569936893325897728
569939286935674880
569943328701095937
569947283846004737
569950510981083136
569955551951622144
569958524270342144
569961398890991617
569961503308189696
569962245620248576
569963935429824512
569967469135142914
569969833254764544
569969877286461440
569972513721229312
569972935227674624
569977223198822400
569984791107338240
569986129820196864
569986978684362753
569990229576196098
569992886256832512
569995418370646016
569997258772455424
570000364692484099
570013535696232449
570033719609827328
570045914347237376
570047946932101120
570048275367079937
570048310876119040
570050881879568384
570051265373171712
570052124010278912
570056533356224512
570059574268469248
570062369096908801
570068449646346240
570073507465469952
570079041547472896
570085644015419393
570092530236149761
570102866754592768
570115452568891392
570119444451745792
570135402306080768
570139793608175616
570166071640133632
570174964856266752
570188097305976832
570188684881821696
570188794730848256
570194709261488129
570203943671865345
570235244999270400
570235609933078529
570237343669608448
570238950801059840
570239952975482881
570252885809868801
570257563003920384
570257918798516224
570258209534922752
570258435448688641
570265133638942720
570265397058002944
570265883513384960
570267066919313408
570267902726803456
570269103648350208
570269280748441601
570272387985514497
570278024303775745
570278644918194176
570283851018317824
570284312697765888
570286035118071808
570288167242375168
570293100326862849
570293661377961984
570296996445204480
570298362907508738
570303720308809728
567627253991735296
567710245053407232
567722330340986880
567728229340172288
567728890206904320
567729416231321600
567729700110602240
567731246462033920
567733656106459136
567736717352763394
567739625465077761
567742500366872576
567743132180033536
567748565095968769
567756085583302656
567763775751987201
567765716527771648
567770722882580480
567775418612195328
567775685796589568
567786807224705027
567790572833103872
567796247672721409
567799968279560194
567808255566602240
567808567580041216
567811573265260544
567812160253865984
567822065471860736
567839160779730944
567845953245413376
567872769049825280
567873196730421248
567887301021413376
567892966980870144
567895077189627905
567895211575111680
567919283419742210
567919391515348992
567919558649995264
567922347669262336
567924953976152064
567926839630557184
567929586077425664
567939727023673344
567946319349706753
567952115588423681
568003851145461760
568008391773196288
568037433503145984
568046797475553280
568054330550587392
568054514617622528
568054687993352192
568054866045747200
568055034296049664
568055279839023105
568055480226066434
568055724078706689
568056050877919232
568056298937430016
568056741885288448
568057671443750912
568057887223894016
568058084846911488
568058146729668608
568061117429231616
568064027437301760
568064382627921920
568068468261519360
568079446592385025
568082656413552640
568111178708336640
568142922031501312
568147319155073024
568149600403660800
568151138421207040
568153151636766721
568156002941415425
568162061278011392
568162673981943808
568198843034169344
568203839242764288
568204029517553665
568206538147364864
568232802749161472
568233193738018817
568241156347305984
568243079003529216
568265475114663936
568385950486802432
568402562107498497
568410282298621952
568420497563598848
568422454609219584
568430681367453696
568435290722975745
568444042851323904
568446906524950528
568448282239713280
568452051740413952
568452186977361921
568457663123746816
568458999798108160
568481179646758913
568481836290220033
568485564112117760
568487293100691457
568495924135235585
568499629043687426
568503966687993856
568521303956656128
568533099908182016
568538872637816832
568561041774231553
568571203553599488
568576245027336193
568578381320597504
568584434376577024
568602156988657664
568605001666449408
568606485716078592
568616966191226880
568624528131125248
568625636639506433
568639824145584128
568641157724549120
568778215671664640
568779480019251201
568787022472740864
568793043664560128
568806899275018241
568819697438871553
568823603627565056
568826499597524992
568834851517771776
568838717303074816
568839036007260162
568842944024875008
568861149053231104
568865640569806848
568876016216600576
568905470502670336
568927281747505152
568942133698146306
568947596242235392
568951922734055424
568953190252544000
568957173692108800
568957558444175360
568966330315091968
568970614238617600
568973797262372866
568977086922297345
568995644276383744
569017631602139137
569026124484706304
569085417045143552
569086048388538368
569108027644645376
569120836264853505
569147852217135104
569151232738095105
569153793058672641
569154652735803392
569155784988164098
569159814426853376
569161513056935936
569165709516759042
569167514300784640
569172396680175616
569176007225188352
569176969872605184
569179631409958912
569179898532761600
569180531742486528
569191845219209217
569197350901714944
569198480226439168
569207235953307648
569215124562554880
569217929541238784
569229441739522048
569235727558447105
569241467916566530
569242876909109248
569249223897526272
569252801802592256
569253430100946944
569255280275369984
569258100324048900
569261495449595905
569267194028298241
569267323330129920
569287318898495490
569293296872222720
569301025280167936
569303395460259840
569307466896424961
569309864759050240
569312688272052224
569318505755103232
569318653792948226
569328773876871168
569337605223006209
569340402786025472
569342608813793280
569343970360348672
569351147930169344
569353641615687680
569357127040540673
569361107745263617
569361898581467136
569363173817643009
569365692618661888
569368160291463168
569368621077692417
569380098119499776
569380416219709440
569387570364198913
569392511732588544
569418233322872833
569437674257276930
569463954155700224
569485181633089536
569490688569679872
569514168576974848
569524116769914882
569525150263214080
569528523418775552
569528694613671936
569529813121290240
569533103359660033
569538171509350400
569544122098446337
569551241967067136
569551779752386560
569556796525969409
569559136540561408
569564016906891264
569566673235271680
569571643044929536
569571829033144320
569574737929576448
569574961158815745
569582603902128128
569583943772610560
569587371693355008
569587728607633408
569589493138731009
569591310589431808
569595015518793730
569599116403036160
569599725240000513
569602407417692162
569604208661409792
569605359406485504
569608141689753600
569614024578600960
569616699604934656
569617704644165632
569618972535959552
569619208884977664
569620102389350401
569620382023622657
569621744295682048
569622389920641024
569626841046224896
569630183747153920
569631377865515008
569641346316640256
569646347705561088
569646886610702337
569647318535786496
569650813070483457
569651021175267332
569652478020489216
569655584540266496
569656727995600896
569657523944366080
569659364530728961
569659620517662721
569661154638872576
569668144198848514
569668310637404163
569669815205560320
569671659394699265
569673758501412865
569674883099205632
569682010270101504
569683647990599681
569684864141824000
569687410969321472
569688669100994561
569689784517402625
569696663742365696
569701550039429121
569701794567163905
569702549491752960
569704700490219523
569708173831094272
569710072491745280
569723892358467584
569724682695368705
569735461033213952
569737397350461440
569740959610572800
569740962760499200
569757907048202240
569757977785184256
569758956941234176
569759259480600577
569766140332937216
569769747019128832
569774273851568128
569779173461336065
569784699117137920
569805215605456896
569805521638662144
569818507891871744
569827329024913408
569830069746712576
569844262461972480
569856081180160000
569860103341518849
569879234572718080
569883152493240320
569884438504427520
569890600474021889
569893554753040386
569894828315533312
569897798692286465
569904589010575360
569908123550375936
569914295854739456
569914848991010816
569915992303730689
569920778306584576
569932207311048705
569934076641030146
569935531213086721
569935980129447936
569936861398994945
569936893325897728
569939286935674880
569943328701095937
569947283846004737
569950510981083136
569955551951622144
569958524270342144
569961398890991617
569961503308189696
569962245620248576
569963935429824512
569967469135142914
569969833254764544
569969877286461440
569972513721229312
569972935227674624
569977223198822400
569984791107338240
569986129820196864
569986978684362753
569990229576196098
569992886256832512
569995418370646016
569997258772455424
570000364692484099
570013535696232449
570033719609827328
570045914347237376
570047946932101120
570048275367079937
570048310876119040
570050881879568384
570051265373171712
570052124010278912
570056533356224512
570059574268469248
570062369096908801
570068449646346240
570073507465469952
570079041547472896
570085644015419393
570092530236149761
570102866754592768
570115452568891392
570119444451745792
570135402306080768
570139793608175616
570166071640133632
570174964856266752
570188097305976832
570188684881821696
570188794730848256
570194709261488129
570203943671865345
570235244999270400
570235609933078529
570237343669608448
570238950801059840
570239952975482881
570252885809868801
570257563003920384
570257918798516224
570258209534922752
570258435448688641
570265133638942720
570265397058002944
570265883513384960
570267066919313408
570267902726803456
570269103648350208
570269280748441601
570272387985514497
570278024303775745
570278644918194176
570283851018317824
570284312697765888
570286035118071808
570288167242375168
570293100326862849
570293661377961984
570296996445204480
570298362907508738
570303720308809728
567627253991735296
567710245053407232
567722330340986880
567728229340172288
567728890206904320
567729416231321600
567729700110602240
567731246462033920
567733656106459136
567736717352763394
567739625465077761
567742500366872576
567743132180033536
567748565095968769
567756085583302656
567763775751987201
567765716527771648
567770722882580480
567775418612195328
567775685796589568
567786807224705027
567790572833103872
567796247672721409
567799968279560194
567808255566602240
567808567580041216
567811573265260544
567812160253865984
567822065471860736
567839160779730944
567845953245413376
567872769049825280
567873196730421248
567887301021413376
567892966980870144
567895077189627905
567895211575111680
567919283419742210
567919391515348992
567919558649995264
567922347669262336
567924953976152064
567926839630557184
567929586077425664
567939727023673344
567946319349706753
567952115588423681
568003851145461760
568008391773196288
568037433503145984
568046797475553280
568054330550587392
568054514617622528
568054687993352192
568054866045747200
568055034296049664
568055279839023105
568055480226066434
568055724078706689
568056050877919232
568056298937430016
568056741885288448
568057671443750912
568057887223894016
568058084846911488
568058146729668608
568061117429231616
568064027437301760
568064382627921920
568068468261519360
568079446592385025
568082656413552640
568111178708336640
568142922031501312
568147319155073024
568149600403660800
568151138421207040
568153151636766721
568156002941415425
568162061278011392
568162673981943808
568198843034169344
568203839242764288
568204029517553665
568206538147364864
568232802749161472
568233193738018817
568241156347305984
568243079003529216
568265475114663936
568385950486802432
568402562107498497
568410282298621952
568420497563598848
568422454609219584
568430681367453696
568435290722975745
568444042851323904
568446906524950528
568448282239713280
568452051740413952
568452186977361921
568457663123746816
568458999798108160
568481179646758913
568481836290220033
568485564112117760
568487293100691457
568495924135235585
568499629043687426
568503966687993856
568521303956656128
568533099908182016
568538872637816832
568561041774231553
568571203553599488
568576245027336193
568578381320597504
568584434376577024
568602156988657664
568605001666449408
568606485716078592
568616966191226880
568624528131125248
568625636639506433
568639824145584128
568641157724549120
568778215671664640
568779480019251201
568787022472740864
568793043664560128
568806899275018241
568819697438871553
568823603627565056
568826499597524992
568834851517771776
568838717303074816
568839036007260162
568842944024875008
568861149053231104
568865640569806848
568876016216600576
568905470502670336
568927281747505152
568942133698146306
568947596242235392
568951922734055424
568953190252544000
568957173692108800
568957558444175360
568966330315091968
568970614238617600
568973797262372866
568977086922297345
568995644276383744
569017631602139137
569026124484706304
569085417045143552
569086048388538368
569108027644645376
569120836264853505
569147852217135104
569151232738095105
569153793058672641
569154652735803392
569155784988164098
569159814426853376
569161513056935936
569165709516759042
569167514300784640
569172396680175616
569176007225188352
569176969872605184
569179631409958912
569179898532761600
569180531742486528
569191845219209217
569197350901714944
569198480226439168
569207235953307648
569215124562554880
569217929541238784
569229441739522048
569235727558447105
569241467916566530
569242876909109248
569249223897526272
569252801802592256
569253430100946944
569255280275369984
569258100324048900
569261495449595905
569267194028298241
569267323330129920
569287318898495490
569293296872222720
569301025280167936
569303395460259840
569307466896424961
569309864759050240
569312688272052224
569318505755103232
569318653792948226
569328773876871168
569337605223006209
569340402786025472
569342608813793280
569343970360348672
569351147930169344
569353641615687680
569357127040540673
569361107745263617
569361898581467136
569363173817643009
569365692618661888
569368160291463168
569368621077692417
569380098119499776
569380416219709440
569387570364198913
569392511732588544
569418233322872833
569437674257276930
569463954155700224
569485181633089536
569490688569679872
569514168576974848
569524116769914882
569525150263214080
569528523418775552
569528694613671936
569529813121290240
569533103359660033
569538171509350400
569544122098446337
569551241967067136
569551779752386560
569556796525969409
569559136540561408
569564016906891264
569566673235271680
569571643044929536
569571829033144320
569574737929576448
569574961158815745
569582603902128128
569583943772610560
569587371693355008
569587728607633408
569589493138731009
569591310589431808
569595015518793730
569599116403036160
569599725240000513
569602407417692162
569604208661409792
569605359406485504
569608141689753600
569614024578600960
569616699604934656
569617704644165632
569618972535959552
569619208884977664
569620102389350401
569620382023622657
569621744295682048
569622389920641024
569626841046224896
569630183747153920
569631377865515008
569641346316640256
569646347705561088
569646886610702337
569647318535786496
569650813070483457
569651021175267332
569652478020489216
569655584540266496
569656727995600896
569657523944366080
569659364530728961
569659620517662721
569661154638872576
569668144198848514
569668310637404163
569669815205560320
569671659394699265
569673758501412865
569674883099205632
569682010270101504
569683647990599681
569684864141824000
569687410969321472
569688669100994561
569689784517402625
569696663742365696
569701550039429121
569701794567163905
569702549491752960
569704700490219523
569708173831094272
569710072491745280
569723892358467584
569724682695368705
569735461033213952
569737397350461440
569740959610572800
569740962760499200
569757907048202240
569757977785184256
569758956941234176
569759259480600577
569766140332937216
569769747019128832
569774273851568128
569779173461336065
569784699117137920
569805215605456896
569805521638662144
569818507891871744
569827329024913408
569830069746712576
569844262461972480
569856081180160000
569860103341518849
569879234572718080
569883152493240320
569884438504427520
569890600474021889
569893554753040386
569894828315533312
569897798692286465
569904589010575360
569908123550375936
569914295854739456
569914848991010816
569915992303730689
569920778306584576
569932207311048705
569934076641030146
569935531213086721
569935980129447936
569936861398994945
569936893325897728
569939286935674880
569943328701095937
569947283846004737
569950510981083136
569955551951622144
569958524270342144
569961398890991617
569961503308189696
569962245620248576
569963935429824512
569967469135142914
569969833254764544
569969877286461440
569972513721229312
569972935227674624
569977223198822400
569984791107338240
569986129820196864
569986978684362753
569990229576196098
569992886256832512
569995418370646016
569997258772455424
570000364692484099
570013535696232449
570033719609827328
570045914347237376
570047946932101120
570048275367079937
570048310876119040
570050881879568384
570051265373171712
570052124010278912
570056533356224512
570059574268469248
570062369096908801
570068449646346240
570073507465469952
570079041547472896
570085644015419393
570092530236149761
570102866754592768
570115452568891392
570119444451745792
570135402306080768
570139793608175616
570166071640133632
570174964856266752
570188097305976832
570188684881821696
570188794730848256
570194709261488129
570203943671865345
570235244999270400
570235609933078529
570237343669608448
570238950801059840
570239952975482881
570252885809868801
570257563003920384
570257918798516224
570258209534922752
570258435448688641
570265133638942720
570265397058002944
570265883513384960
570267066919313408
570267902726803456
570269103648350208
570269280748441601
570272387985514497
570278024303775745
570278644918194176
570283851018317824
570284312697765888
570286035118071808
570288167242375168
570293100326862849
570293661377961984
570296996445204480
570298362907508738
570303720308809728
567627253991735296
567710245053407232
567722330340986880
567728229340172288
567728890206904320
567729416231321600
567729700110602240
567731246462033920
567733656106459136
567736717352763394
567739625465077761
567742500366872576
567743132180033536
567748565095968769
567756085583302656
567763775751987201
567765716527771648
567770722882580480
567775418612195328
567775685796589568
567786807224705027
567790572833103872
567796247672721409
567799968279560194
567808255566602240
567808567580041216
567811573265260544
567812160253865984
567822065471860736
567839160779730944
567845953245413376
567872769049825280
567873196730421248
567887301021413376
567892966980870144
567895077189627905
567895211575111680
567919283419742210
567919391515348992
567919558649995264
567922347669262336
567924953976152064
567926839630557184
567929586077425664
567939727023673344
567946319349706753
567952115588423681
568003851145461760
568008391773196288
568037433503145984
568046797475553280
568054330550587392
568054514617622528
568054687993352192
568054866045747200
568055034296049664
568055279839023105
568055480226066434
568055724078706689
568056050877919232
568056298937430016
568056741885288448
568057671443750912
568057887223894016
568058084846911488
568058146729668608
568061117429231616
568064027437301760
568064382627921920
568068468261519360
568079446592385025
568082656413552640
568111178708336640
568142922031501312
568147319155073024
568149600403660800
568151138421207040
568153151636766721
568156002941415425
568162061278011392
568162673981943808
568198843034169344
568203839242764288
568204029517553665
568206538147364864
568232802749161472
568233193738018817
568241156347305984
568243079003529216
568265475114663936
568385950486802432
568402562107498497
568410282298621952
568420497563598848
568422454609219584
568430681367453696
568435290722975745
568444042851323904
568446906524950528
568448282239713280
568452051740413952
568452186977361921
568457663123746816
568458999798108160
568481179646758913
568481836290220033
568485564112117760
568487293100691457
568495924135235585
568499629043687426
568503966687993856
568521303956656128
568533099908182016
568538872637816832
568561041774231553
568571203553599488
568576245027336193
568578381320597504
568584434376577024
568602156988657664
568605001666449408
568606485716078592
568616966191226880
568624528131125248
568625636639506433
568639824145584128
568641157724549120
568778215671664640
568779480019251201
568787022472740864
568793043664560128
568806899275018241
568819697438871553
568823603627565056
568826499597524992
568834851517771776
568838717303074816
568839036007260162
568842944024875008
568861149053231104
568865640569806848
568876016216600576
568905470502670336
568927281747505152
568942133698146306
568947596242235392
568951922734055424
568953190252544000
568957173692108800
568957558444175360
568966330315091968
568970614238617600
568973797262372866
568977086922297345
568995644276383744
569017631602139137
569026124484706304
569085417045143552
569086048388538368
569108027644645376
569120836264853505
569147852217135104
569151232738095105
569153793058672641
569154652735803392
569155784988164098
569159814426853376
569161513056935936
569165709516759042
569167514300784640
569172396680175616
569176007225188352
569176969872605184
569179631409958912
569179898532761600
569180531742486528
569191845219209217
569197350901714944
569198480226439168
569207235953307648
569215124562554880
569217929541238784
569229441739522048
569235727558447105
569241467916566530
569242876909109248
569249223897526272
569252801802592256
569253430100946944
569255280275369984
569258100324048900
569261495449595905
569267194028298241
569267323330129920
569287318898495490
569293296872222720
569301025280167936
569303395460259840
569307466896424961
569309864759050240
569312688272052224
569318505755103232
569318653792948226
569328773876871168
569337605223006209
569340402786025472
569342608813793280
569343970360348672
569351147930169344
569353641615687680
569357127040540673
569361107745263617
569361898581467136
569363173817643009
569365692618661888
569368160291463168
569368621077692417
569380098119499776
569380416219709440
569387570364198913
569392511732588544
569418233322872833
569437674257276930
569463954155700224
569485181633089536
569490688569679872
569514168576974848
569524116769914882
569525150263214080
569528523418775552
569528694613671936
569529813121290240
569533103359660033
569538171509350400
569544122098446337
569551241967067136
569551779752386560
569556796525969409
569559136540561408
569564016906891264
569566673235271680
569571643044929536
569571829033144320
569574737929576448
569574961158815745
569582603902128128
569583943772610560
569587371693355008
569587728607633408
569589493138731009
569591310589431808
569595015518793730
569599116403036160
569599725240000513
569602407417692162
569604208661409792
569605359406485504
569608141689753600
569614024578600960
569616699604934656
569617704644165632
569618972535959552
569619208884977664
569620102389350401
569620382023622657
569621744295682048
569622389920641024
569626841046224896
569630183747153920
569631377865515008
569641346316640256
569646347705561088
569646886610702337
569647318535786496
569650813070483457
569651021175267332
569652478020489216
569655584540266496
569656727995600896
569657523944366080
569659364530728961
569659620517662721
569661154638872576
569668144198848514
569668310637404163
569669815205560320
569671659394699265
569673758501412865
569674883099205632
569682010270101504
569683647990599681
569684864141824000
569687410969321472
569688669100994561
569689784517402625
569696663742365696
569701550039429121
569701794567163905
569702549491752960
569704700490219523
569708173831094272
569710072491745280
569723892358467584
569724682695368705
569735461033213952
569737397350461440
569740959610572800
569740962760499200
569757907048202240
569757977785184256
569758956941234176
569759259480600577
569766140332937216
569769747019128832
569774273851568128
569779173461336065
569784699117137920
569805215605456896
569805521638662144
569818507891871744
569827329024913408
569830069746712576
569844262461972480
569856081180160000
569860103341518849
569879234572718080
569883152493240320
569884438504427520
569890600474021889
569893554753040386
569894828315533312
569897798692286465
569904589010575360
569908123550375936
569914295854739456
569914848991010816
569915992303730689
569920778306584576
569932207311048705
569934076641030146
569935531213086721
569935980129447936
569936861398994945
569936893325897728
569939286935674880
569943328701095937
569947283846004737
569950510981083136
569955551951622144
569958524270342144
569961398890991617
569961503308189696
569962245620248576
569963935429824512
569967469135142914
569969833254764544
569969877286461440
569972513721229312
569972935227674624
569977223198822400
569984791107338240
569986129820196864
569986978684362753
569990229576196098
569992886256832512
569995418370646016
569997258772455424
570000364692484099
570013535696232449
570033719609827328
570045914347237376
570047946932101120
570048275367079937
570048310876119040
570050881879568384
570051265373171712
570052124010278912
570056533356224512
570059574268469248
570062369096908801
570068449646346240
570073507465469952
570079041547472896
570085644015419393
570092530236149761
570102866754592768
570115452568891392
570119444451745792
570135402306080768
570139793608175616
570166071640133632
570174964856266752
570188097305976832
570188684881821696
570188794730848256
570194709261488129
570203943671865345
570235244999270400
570235609933078529
570237343669608448
570238950801059840
570239952975482881
570252885809868801
570257563003920384
570257918798516224
570258209534922752
570258435448688641
570265133638942720
570265397058002944
570265883513384960
570267066919313408
570267902726803456
570269103648350208
570269280748441601
570272387985514497
570278024303775745
570278644918194176
570283851018317824
570284312697765888
570286035118071808
570288167242375168
570293100326862849
570293661377961984
570296996445204480
570298362907508738
570303720308809728
567627253991735296
567710245053407232
567722330340986880
567728229340172288
567728890206904320
567729416231321600
567729700110602240
567731246462033920
567733656106459136
567736717352763394
567739625465077761
567742500366872576
567743132180033536
567748565095968769
567756085583302656
567763775751987201
567765716527771648
567770722882580480
567775418612195328
567775685796589568
567786807224705027
567790572833103872
567796247672721409
567799968279560194
567808255566602240
567808567580041216
567811573265260544
567812160253865984
567822065471860736
567839160779730944
567845953245413376
567872769049825280
567873196730421248
567887301021413376
567892966980870144
567895077189627905
567895211575111680
567919283419742210
567919391515348992
567919558649995264
567922347669262336
567924953976152064
567926839630557184
567929586077425664
567939727023673344
567946319349706753
567952115588423681
568003851145461760
568008391773196288
568037433503145984
568046797475553280
568054330550587392
568054514617622528
568054687993352192
568054866045747200
568055034296049664
568055279839023105
568055480226066434
568055724078706689
568056050877919232
568056298937430016
568056741885288448
568057671443750912
568057887223894016
568058084846911488
568058146729668608
568061117429231616
568064027437301760
568064382627921920
568068468261519360
568079446592385025
568082656413552640
568111178708336640
568142922031501312
568147319155073024
568149600403660800
568151138421207040
568153151636766721
568156002941415425
568162061278011392
568162673981943808
568198843034169344
568203839242764288
568204029517553665
568206538147364864
568232802749161472
568233193738018817
568241156347305984
568243079003529216
568265475114663936
568385950486802432
568402562107498497
568410282298621952
568420497563598848
568422454609219584
568430681367453696
568435290722975745
568444042851323904
568446906524950528
568448282239713280
568452051740413952
568452186977361921
568457663123746816
568458999798108160
568481179646758913
568481836290220033
568485564112117760
568487293100691457
568495924135235585
568499629043687426
568503966687993856
568521303956656128
568533099908182016
568538872637816832
568561041774231553
568571203553599488
568576245027336193
568578381320597504
568584434376577024
568602156988657664
568605001666449408
568606485716078592
568616966191226880
568624528131125248
568625636639506433
568639824145584128
568641157724549120
568778215671664640
568779480019251201
568787022472740864
568793043664560128
568806899275018241
568819697438871553
568823603627565056
568826499597524992
568834851517771776
568838717303074816
568839036007260162
568842944024875008
568861149053231104
568865640569806848
568876016216600576
568905470502670336
568927281747505152
568942133698146306
568947596242235392
568951922734055424
568953190252544000
568957173692108800
568957558444175360
568966330315091968
568970614238617600
568973797262372866
568977086922297345
568995644276383744
569017631602139137
569026124484706304
569085417045143552
569086048388538368
569108027644645376
569120836264853505
569147852217135104
569151232738095105
569153793058672641
569154652735803392
569155784988164098
569159814426853376
569161513056935936
569165709516759042
569167514300784640
569172396680175616
569176007225188352
569176969872605184
569179631409958912
569179898532761600
569180531742486528
569191845219209217
569197350901714944
569198480226439168
569207235953307648
569215124562554880
569217929541238784
569229441739522048
569235727558447105
569241467916566530
569242876909109248
569249223897526272
569252801802592256
569253430100946944
569255280275369984
569258100324048900
569261495449595905
569267194028298241
569267323330129920
569287318898495490
569293296872222720
569301025280167936
569303395460259840
569307466896424961
569309864759050240
569312688272052224
569318505755103232
569318653792948226
569328773876871168
569337605223006209
569340402786025472
569342608813793280
569343970360348672
569351147930169344
569353641615687680
569357127040540673
569361107745263617
569361898581467136
569363173817643009
569365692618661888
569368160291463168
569368621077692417
569380098119499776
569380416219709440
569387570364198913
569392511732588544
569418233322872833
569437674257276930
569463954155700224
569485181633089536
569490688569679872
569514168576974848
569524116769914882
569525150263214080
569528523418775552
569528694613671936
569529813121290240
569533103359660033
569538171509350400
569544122098446337
569551241967067136
569551779752386560
569556796525969409
569559136540561408
569564016906891264
569566673235271680
569571643044929536
569571829033144320
569574737929576448
569574961158815745
569582603902128128
569583943772610560
569587371693355008
569587728607633408
569589493138731009
569591310589431808
569595015518793730
569599116403036160
569599725240000513
569602407417692162
569604208661409792
569605359406485504
569608141689753600
569614024578600960
569616699604934656
569617704644165632
569618972535959552
569619208884977664
569620102389350401
569620382023622657
569621744295682048
569622389920641024
569626841046224896
569630183747153920
569631377865515008
569641346316640256
569646347705561088
569646886610702337
569647318535786496
569650813070483457
569651021175267332
569652478020489216
569655584540266496
569656727995600896
569657523944366080
569659364530728961
569659620517662721
569661154638872576
569668144198848514
569668310637404163
569669815205560320
569671659394699265
569673758501412865
569674883099205632
569682010270101504
569683647990599681
569684864141824000
569687410969321472
569688669100994561
569689784517402625
569696663742365696
569701550039429121
569701794567163905
569702549491752960
569704700490219523
569708173831094272
569710072491745280
569723892358467584
569724682695368705
569735461033213952
569737397350461440
569740959610572800
569740962760499200
569757907048202240
569757977785184256
569758956941234176
569759259480600577
569766140332937216
569769747019128832
569774273851568128
569779173461336065
569784699117137920
569805215605456896
569805521638662144
569818507891871744
569827329024913408
569830069746712576
569844262461972480
569856081180160000
569860103341518849
569879234572718080
569883152493240320
569884438504427520
569890600474021889
569893554753040386
569894828315533312
569897798692286465
569904589010575360
569908123550375936
569914295854739456
569914848991010816
569915992303730689
569920778306584576
569932207311048705
569934076641030146
569935531213086721
569935980129447936
569936861398994945
569936893325897728
569939286935674880
569943328701095937
569947283846004737
569950510981083136
569955551951622144
569958524270342144
569961398890991617
569961503308189696
569962245620248576
569963935429824512
569967469135142914
569969833254764544
569969877286461440
569972513721229312
569972935227674624
569977223198822400
569984791107338240
569986129820196864
569986978684362753
569990229576196098
569992886256832512
569995418370646016
569997258772455424
570000364692484099
570013535696232449
570033719609827328
570045914347237376
570047946932101120
570048275367079937
570048310876119040
570050881879568384
570051265373171712
570052124010278912
570056533356224512
570059574268469248
570062369096908801
570068449646346240
570073507465469952
570079041547472896
570085644015419393
570092530236149761
570102866754592768
570115452568891392
570119444451745792
570135402306080768
570139793608175616
570166071640133632
570174964856266752
570188097305976832
570188684881821696
570188794730848256
570194709261488129
570203943671865345
570235244999270400
570235609933078529
570237343669608448
570238950801059840
570239952975482881
570252885809868801
570257563003920384
570257918798516224
570258209534922752
570258435448688641
570265133638942720
570265397058002944
570265883513384960
570267066919313408
570267902726803456
570269103648350208
570269280748441601
570272387985514497
570278024303775745
570278644918194176
570283851018317824
570284312697765888
570286035118071808
570288167242375168
570293100326862849
570293661377961984
570296996445204480
570298362907508738
570303720308809728
567627253991735296
567710245053407232
567722330340986880
567728229340172288
567728890206904320
567729416231321600
567729700110602240
567731246462033920
567733656106459136
567736717352763394
567739625465077761
567742500366872576
567743132180033536
567748565095968769
567756085583302656
567763775751987201
567765716527771648
567770722882580480
567775418612195328
567775685796589568
567786807224705027
567790572833103872
567796247672721409
567799968279560194
567808255566602240
567808567580041216
567811573265260544
567812160253865984
567822065471860736
567839160779730944
567845953245413376
567872769049825280
567873196730421248
567887301021413376
567892966980870144
567895077189627905
567895211575111680
567919283419742210
567919391515348992
567919558649995264
567922347669262336
567924953976152064
567926839630557184
567929586077425664
567939727023673344
567946319349706753
567952115588423681
568003851145461760
568008391773196288
568037433503145984
568046797475553280
568054330550587392
568054514617622528
568054687993352192
568054866045747200
568055034296049664
568055279839023105
568055480226066434
568055724078706689
568056050877919232
568056298937430016
568056741885288448
568057671443750912
568057887223894016
568058084846911488
568058146729668608
568061117429231616
568064027437301760
568064382627921920
568068468261519360
568079446592385025
568082656413552640
568111178708336640
568142922031501312
568147319155073024
568149600403660800
568151138421207040
568153151636766721
568156002941415425
568162061278011392
568162673981943808
568198843034169344
568203839242764288
568204029517553665
568206538147364864
568232802749161472
568233193738018817
568241156347305984
568243079003529216
568265475114663936
568385950486802432
568402562107498497
568410282298621952
568420497563598848
568422454609219584
568430681367453696
568435290722975745
568444042851323904
568446906524950528
568448282239713280
568452051740413952
568452186977361921
568457663123746816
568458999798108160
568481179646758913
568481836290220033
568485564112117760
568487293100691457
568495924135235585
568499629043687426
568503966687993856
568521303956656128
568533099908182016
568538872637816832
568561041774231553
568571203553599488
568576245027336193
568578381320597504
568584434376577024
568602156988657664
568605001666449408
568606485716078592
568616966191226880
568624528131125248
568625636639506433
568639824145584128
568641157724549120
568778215671664640
568779480019251201
568787022472740864
568793043664560128
568806899275018241
568819697438871553
568823603627565056
568826499597524992
568834851517771776
568838717303074816
568839036007260162
568842944024875008
568861149053231104
568865640569806848
568876016216600576
568905470502670336
568927281747505152
568942133698146306
568947596242235392
568951922734055424
568953190252544000
568957173692108800
568957558444175360
568966330315091968
568970614238617600
568973797262372866
568977086922297345
568995644276383744
569017631602139137
569026124484706304
569085417045143552
569086048388538368
569108027644645376
569120836264853505
569147852217135104
569151232738095105
569153793058672641
569154652735803392
569155784988164098
569159814426853376
569161513056935936
569165709516759042
569167514300784640
569172396680175616
569176007225188352
569176969872605184
569179631409958912
569179898532761600
569180531742486528
569191845219209217
569197350901714944
569198480226439168
569207235953307648
569215124562554880
569217929541238784
569229441739522048
569235727558447105
569241467916566530
569242876909109248
569249223897526272
569252801802592256
569253430100946944
569255280275369984
569258100324048900
569261495449595905
569267194028298241
569267323330129920
569287318898495490
569293296872222720
569301025280167936
569303395460259840
569307466896424961
569309864759050240
569312688272052224
569318505755103232
569318653792948226
569328773876871168
569337605223006209
569340402786025472
569342608813793280
569343970360348672
569351147930169344
569353641615687680
569357127040540673
569361107745263617
569361898581467136
569363173817643009
569365692618661888
569368160291463168
569368621077692417
569380098119499776
569380416219709440
569387570364198913
569392511732588544
569418233322872833
569437674257276930
569463954155700224
569485181633089536
569490688569679872
569514168576974848
569524116769914882
569525150263214080
569528523418775552
569528694613671936
569529813121290240
569533103359660033
569538171509350400
569544122098446337
569551241967067136
569551779752386560
569556796525969409
569559136540561408
569564016906891264
569566673235271680
569571643044929536
569571829033144320
569574737929576448
569574961158815745
569582603902128128
569583943772610560
569587371693355008
569587728607633408
569589493138731009
569591310589431808
569595015518793730
569599116403036160
569599725240000513
569602407417692162
569604208661409792
569605359406485504
569608141689753600
569614024578600960
569616699604934656
569617704644165632
569618972535959552
569619208884977664
569620102389350401
569620382023622657
569621744295682048
569622389920641024
569626841046224896
569630183747153920
569631377865515008
569641346316640256
569646347705561088
569646886610702337
569647318535786496
569650813070483457
569651021175267332
569652478020489216
569655584540266496
569656727995600896
569657523944366080
569659364530728961
569659620517662721
569661154638872576
569668144198848514
569668310637404163
569669815205560320
569671659394699265
569673758501412865
569674883099205632
569682010270101504
569683647990599681
569684864141824000
569687410969321472
569688669100994561
569689784517402625
569696663742365696
569701550039429121
569701794567163905
569702549491752960
569704700490219523
569708173831094272
569710072491745280
569723892358467584
569724682695368705
569735461033213952
569737397350461440
569740959610572800
569740962760499200
569757907048202240
569757977785184256
569758956941234176
569759259480600577
569766140332937216
569769747019128832
569774273851568128
569779173461336065
569784699117137920
569805215605456896
569805521638662144
569818507891871744
569827329024913408
569830069746712576
569844262461972480
569856081180160000
569860103341518849
569879234572718080
569883152493240320
569884438504427520
569890600474021889
569893554753040386
569894828315533312
569897798692286465
569904589010575360
569908123550375936
569914295854739456
569914848991010816
569915992303730689
569920778306584576
569932207311048705
569934076641030146
569935531213086721
569935980129447936
569936861398994945
569936893325897728
569939286935674880
569943328701095937
569947283846004737
569950510981083136
569955551951622144
569958524270342144
569961398890991617
569961503308189696
569962245620248576
569963935429824512
569967469135142914
569969833254764544
569969877286461440
569972513721229312
569972935227674624
569977223198822400
569984791107338240
569986129820196864
569986978684362753
569990229576196098
569992886256832512
569995418370646016
569997258772455424
570000364692484099
570013535696232449
570033719609827328
570045914347237376
570047946932101120
570048275367079937
570048310876119040
570050881879568384
570051265373171712
570052124010278912
570056533356224512
570059574268469248
570062369096908801
570068449646346240
570073507465469952
570079041547472896
570085644015419393
570092530236149761
570102866754592768
570115452568891392
570119444451745792
570135402306080768
570139793608175616
570166071640133632
570174964856266752
570188097305976832
570188684881821696
570188794730848256
570194709261488129
570203943671865345
570235244999270400
570235609933078529
570237343669608448
570238950801059840
570239952975482881
570252885809868801
570257563003920384
570257918798516224
570258209534922752
570258435448688641
570265133638942720
570265397058002944
570265883513384960
570267066919313408
570267902726803456
570269103648350208
570269280748441601
570272387985514497
570278024303775745
570278644918194176
570283851018317824
570284312697765888
570286035118071808
570288167242375168
570293100326862849
570293661377961984
570296996445204480
570298362907508738
570303720308809728
