567792185832394752
567799412538494976
567819711950635009
567833916196843520
567853001534210049
568037591687270400
568055766130827264
568134243177463815
568189029478481920
568411504497856512
568761600359993344
568807928154558464
569121422817112065
569256307045179392
569353230007664640
569528410684461057
569562383489896448
569612999415111680
569635077623148545
569669992624431105
569690742169292802
569741366642618368
569741986502041602
567792185832394752
567799412538494976
567819711950635009
567833916196843520
567853001534210049
568037591687270400
568055766130827264
568134243177463815
568189029478481920
568411504497856512
568761600359993344
568807928154558464
569121422817112065
569256307045179392
569353230007664640
569528410684461057
569562383489896448
569612999415111680
569635077623148545
569669992624431105
569690742169292802
569741366642618368
569741986502041602
567792185832394752
567799412538494976
567819711950635009
567833916196843520
567853001534210049
568037591687270400
568055766130827264
568134243177463815
568189029478481920
568411504497856512
568761600359993344
568807928154558464
569121422817112065
569256307045179392
569353230007664640
569528410684461057
569562383489896448
569612999415111680
569635077623148545
569669992624431105
569690742169292802
569741366642618368
569741986502041602
569874879794831360
569878139003740163
569890309624082432
569890681361186818
569994678155780096
570284312697765888
567792185832394752
567799412538494976
567819711950635009
567833916196843520
567853001534210049
568037591687270400
568055766130827264
568134243177463815
568189029478481920
568411504497856512
568761600359993344
568807928154558464
569121422817112065
569256307045179392
569353230007664640
569528410684461057
569562383489896448
569612999415111680
569635077623148545
569669992624431105
569690742169292802
569741366642618368
569741986502041602
569874879794831360
569878139003740163
569890309624082432
569890681361186818
569994678155780096
570284312697765888
567792185832394752
567799412538494976
567819711950635009
567833916196843520
567853001534210049
568037591687270400
568055766130827264
568134243177463815
568189029478481920
568411504497856512
568761600359993344
568807928154558464
569121422817112065
569256307045179392
569353230007664640
569528410684461057
569562383489896448
569612999415111680
569635077623148545
569669992624431105
569690742169292802
569741366642618368
569741986502041602
569874879794831360
569878139003740163
569890309624082432
569890681361186818
569994678155780096
570284312697765888
567792185832394752
567799412538494976
567819711950635009
567833916196843520
567853001534210049
568037591687270400
568055766130827264
568134243177463815
568189029478481920
568411504497856512
568761600359993344
568807928154558464
569121422817112065
569256307045179392
569353230007664640
569528410684461057
569562383489896448
569612999415111680
569635077623148545
569669992624431105
569690742169292802
569741366642618368
569741986502041602
569874879794831360
569878139003740163
569890309624082432
569890681361186818
569994678155780096
570284312697765888
567792185832394752
567799412538494976
567819711950635009
567833916196843520
567853001534210049
568037591687270400
568055766130827264
568134243177463815
568189029478481920
568411504497856512
568761600359993344
568807928154558464
569121422817112065
569256307045179392
569353230007664640
569528410684461057
569562383489896448
569612999415111680
569635077623148545
569669992624431105
569690742169292802
569741366642618368
569741986502041602
569874879794831360
569878139003740163
569890309624082432
569890681361186818
569994678155780096
570284312697765888
567792185832394752
567799412538494976
567819711950635009
567833916196843520
567853001534210049
568037591687270400
568055766130827264
568134243177463815
568189029478481920
568411504497856512
568761600359993344
568807928154558464
569121422817112065
569256307045179392
569353230007664640
569528410684461057
569562383489896448
569612999415111680
569635077623148545
569669992624431105
569690742169292802
569741366642618368
569741986502041602
569874879794831360
569878139003740163
569890309624082432
569890681361186818
569994678155780096
570284312697765888
