568587181264146432
568623875468226560
568629791869394945
568855390462603264
568863902106320896
568910220644237312
569292280000962561
568587181264146432
568623875468226560
568629791869394945
568855390462603264
568863902106320896
568910220644237312
569292280000962561
568587181264146432
568623875468226560
568629791869394945
568855390462603264
568863902106320896
568910220644237312
569292280000962561
568587181264146432
568623875468226560
568629791869394945
568855390462603264
568863902106320896
568910220644237312
569292280000962561
568587181264146432
568623875468226560
568629791869394945
568855390462603264
568863902106320896
568910220644237312
569292280000962561
568587181264146432
568623875468226560
568629791869394945
568855390462603264
568863902106320896
568910220644237312
569292280000962561
568587181264146432
568623875468226560
568629791869394945
568855390462603264
568863902106320896
568910220644237312
569292280000962561
568587181264146432
568623875468226560
568629791869394945
568855390462603264
568863902106320896
568910220644237312
569292280000962561
