567758248481415170
568193347216474112
568656758027063296
568825542792720385
568926656615690240
568988406476189696
569026124484706304
569302599591022592
569516969969389568
569652313813430273
567758248481415170
568193347216474112
568656758027063296
568825542792720385
568926656615690240
568988406476189696
569026124484706304
569302599591022592
569516969969389568
569652313813430273
567758248481415170
568193347216474112
568656758027063296
568825542792720385
568926656615690240
568988406476189696
569026124484706304
569302599591022592
569516969969389568
569652313813430273
569868010665611265
567758248481415170
568193347216474112
568656758027063296
568825542792720385
568926656615690240
568988406476189696
569026124484706304
569302599591022592
569516969969389568
569652313813430273
569868010665611265
567758248481415170
568193347216474112
568656758027063296
568825542792720385
568926656615690240
568988406476189696
569026124484706304
569302599591022592
569516969969389568
569652313813430273
569868010665611265
567758248481415170
568193347216474112
568656758027063296
568825542792720385
568926656615690240
568988406476189696
569026124484706304
569302599591022592
569516969969389568
569652313813430273
569868010665611265
567758248481415170
568193347216474112
568656758027063296
568825542792720385
568926656615690240
568988406476189696
569026124484706304
569302599591022592
569516969969389568
569652313813430273
569868010665611265
567758248481415170
568193347216474112
568656758027063296
568825542792720385
568926656615690240
568988406476189696
569026124484706304
569302599591022592
569516969969389568
569652313813430273
569868010665611265
