567822548545859587
568084717481775104
568140722240512001
568465174702772226
568482252168019968
568533372709908480
568571242627903488
568805605432958976
568845539405656064
569551241967067136
569571643044929536
569575699314569216
567822548545859587
568084717481775104
568140722240512001
568465174702772226
568482252168019968
568533372709908480
568571242627903488
568805605432958976
568845539405656064
569551241967067136
569571643044929536
569575699314569216
567822548545859587
568084717481775104
568140722240512001
568465174702772226
568482252168019968
568533372709908480
568571242627903488
568805605432958976
568845539405656064
569551241967067136
569571643044929536
569575699314569216
570079918782095360
570128126480674816
570231192102019072
