567805039583199235
568034650477580289
568055034296049664
568055279839023105
568173151798108161
568180799838801920
568241382776635392
569547989007646721
569689826221363201
569690433996984320
567805039583199235
568034650477580289
568055034296049664
568055279839023105
568173151798108161
568180799838801920
568241382776635392
569547989007646721
569689826221363201
569690433996984320
567805039583199235
568034650477580289
568055034296049664
568055279839023105
568173151798108161
568180799838801920
568241382776635392
569547989007646721
569689826221363201
569690433996984320
567805039583199235
568034650477580289
568055034296049664
568055279839023105
568173151798108161
568180799838801920
568241382776635392
569547989007646721
569689826221363201
569690433996984320
567805039583199235
568034650477580289
568055034296049664
568055279839023105
568173151798108161
568180799838801920
568241382776635392
569547989007646721
569689826221363201
569690433996984320
567805039583199235
568034650477580289
568055034296049664
568055279839023105
568173151798108161
568180799838801920
568241382776635392
569547989007646721
569689826221363201
569690433996984320
567805039583199235
568034650477580289
568055034296049664
568055279839023105
568173151798108161
568180799838801920
568241382776635392
569547989007646721
569689826221363201
569690433996984320
567805039583199235
568034650477580289
568055034296049664
568055279839023105
568173151798108161
568180799838801920
568241382776635392
569547989007646721
569689826221363201
569690433996984320
