567716403117957120
567767744356294656
567788423352950784
567957027093245952
568077199162658816
568094199586938880
568587821264609280
569572536834498560
569598991463268352
569605452230754305
569608866138173440
569759999083171840
567716403117957120
567767744356294656
567788423352950784
567957027093245952
568077199162658816
568094199586938880
568587821264609280
569572536834498560
569598991463268352
569605452230754305
569608866138173440
569759999083171840
567716403117957120
567767744356294656
567788423352950784
567957027093245952
568077199162658816
568094199586938880
568587821264609280
569572536834498560
569598991463268352
569605452230754305
569608866138173440
569759999083171840
569970599377788928
569976426163777536
570042963021205504
570195668850995200
570197868813918208
570265811623002112
570274417546113025
567716403117957120
567767744356294656
567788423352950784
567957027093245952
568077199162658816
568094199586938880
568587821264609280
569572536834498560
569598991463268352
569605452230754305
569608866138173440
569759999083171840
569970599377788928
569976426163777536
570042963021205504
570195668850995200
570197868813918208
570265811623002112
570274417546113025
567716403117957120
567767744356294656
567788423352950784
567957027093245952
568077199162658816
568094199586938880
568587821264609280
569572536834498560
569598991463268352
569605452230754305
569608866138173440
569759999083171840
569970599377788928
569976426163777536
570042963021205504
570195668850995200
570197868813918208
570265811623002112
570274417546113025
567716403117957120
567767744356294656
567788423352950784
567957027093245952
568077199162658816
568094199586938880
568587821264609280
569572536834498560
569598991463268352
569605452230754305
569608866138173440
569759999083171840
569970599377788928
569976426163777536
570042963021205504
570195668850995200
570197868813918208
570265811623002112
570274417546113025
567716403117957120
567767744356294656
567788423352950784
567957027093245952
568077199162658816
568094199586938880
568587821264609280
569572536834498560
569598991463268352
569605452230754305
569608866138173440
569759999083171840
569970599377788928
569976426163777536
570042963021205504
570195668850995200
570197868813918208
570265811623002112
570274417546113025
567716403117957120
567767744356294656
567788423352950784
567957027093245952
568077199162658816
568094199586938880
568587821264609280
569572536834498560
569598991463268352
569605452230754305
569608866138173440
569759999083171840
569970599377788928
569976426163777536
570042963021205504
570195668850995200
570197868813918208
570265811623002112
570274417546113025
