568402562107498497
568834558268973056
569124893477842944
569178197499256832
569252439548952576
569347552484728832
569544528299995137
569544955800264704
569628521666117632
569640574971715584
569660306298945537
569661113593425920
569661154638872576
569669603443519490
569670354030989313
569682545375354880
569694350831161344
568402562107498497
568834558268973056
569124893477842944
569178197499256832
569252439548952576
569347552484728832
569544528299995137
569544955800264704
569628521666117632
569640574971715584
569660306298945537
569661113593425920
569661154638872576
569669603443519490
569670354030989313
569682545375354880
569694350831161344
568402562107498497
568834558268973056
569124893477842944
569178197499256832
569252439548952576
569347552484728832
569544528299995137
569544955800264704
569628521666117632
569640574971715584
569660306298945537
569661113593425920
569661154638872576
569669603443519490
569670354030989313
569682545375354880
569694350831161344
569959975566467072
570236169310437376
568402562107498497
568834558268973056
569124893477842944
569178197499256832
569252439548952576
569347552484728832
569544528299995137
569544955800264704
569628521666117632
569640574971715584
569660306298945537
569661113593425920
569661154638872576
569669603443519490
569670354030989313
569682545375354880
569694350831161344
569959975566467072
570236169310437376
568402562107498497
568834558268973056
569124893477842944
569178197499256832
569252439548952576
569347552484728832
569544528299995137
569544955800264704
569628521666117632
569640574971715584
569660306298945537
569661113593425920
569661154638872576
569669603443519490
569670354030989313
569682545375354880
569694350831161344
569959975566467072
570236169310437376
568402562107498497
568834558268973056
569124893477842944
569178197499256832
569252439548952576
569347552484728832
569544528299995137
569544955800264704
569628521666117632
569640574971715584
569660306298945537
569661113593425920
569661154638872576
569669603443519490
569670354030989313
569682545375354880
569694350831161344
569959975566467072
570236169310437376
568402562107498497
568834558268973056
569124893477842944
569178197499256832
569252439548952576
569347552484728832
569544528299995137
569544955800264704
569628521666117632
569640574971715584
569660306298945537
569661113593425920
569661154638872576
569669603443519490
569670354030989313
569682545375354880
569694350831161344
569959975566467072
570236169310437376
568402562107498497
568834558268973056
569124893477842944
569178197499256832
569252439548952576
569347552484728832
569544528299995137
569544955800264704
569628521666117632
569640574971715584
569660306298945537
569661113593425920
569661154638872576
569669603443519490
569670354030989313
569682545375354880
569694350831161344
569959975566467072
570236169310437376
