567808843373105152
567811913586876417
568141111601926145
568144896852299776
568187577909563392
568200934507057152
568203709802532864
568205359208230912
568613245839224832
568804253151731712
568826425538519041
568958322306650113
569076249487925248
569149949989879808
569165227847102465
569336252597731329
569364890307190784
569367755670966272
569393942296432640
569408185125052416
569419949007085568
569475000660422656
569479822226952192
569484900828491776
569491240481382400
569491537610059776
569493018081947649
569507632509267968
569543665221136384
569544528299995137
569548355489148928
569551994949648385
569555930028748800
569661926067736576
569667517146222592
569676227981791232
569687291007881216
569688822180503552
569716576850731008
567808843373105152
567811913586876417
568141111601926145
568144896852299776
568187577909563392
568200934507057152
568203709802532864
568205359208230912
568613245839224832
568804253151731712
568826425538519041
568958322306650113
569076249487925248
569149949989879808
569165227847102465
569336252597731329
569364890307190784
569367755670966272
569393942296432640
569408185125052416
569419949007085568
569475000660422656
569479822226952192
569484900828491776
569491240481382400
569491537610059776
569493018081947649
569507632509267968
569543665221136384
569544528299995137
569548355489148928
569551994949648385
569555930028748800
569661926067736576
569667517146222592
569676227981791232
569687291007881216
569688822180503552
569716576850731008
569835766416867328
567808843373105152
567811913586876417
568141111601926145
568144896852299776
568187577909563392
568200934507057152
568203709802532864
568205359208230912
568613245839224832
568804253151731712
568826425538519041
568958322306650113
569076249487925248
569149949989879808
569165227847102465
569336252597731329
569364890307190784
569367755670966272
569393942296432640
569408185125052416
569419949007085568
569475000660422656
569479822226952192
569484900828491776
569491240481382400
569491537610059776
569493018081947649
569507632509267968
569543665221136384
569544528299995137
569548355489148928
569551994949648385
569555930028748800
569661926067736576
569667517146222592
569676227981791232
569687291007881216
569688822180503552
569716576850731008
569835766416867328
569870130169163776
569887742479486976
569899203339657217
569913736774823936
569932287380467712
569961302338072576
569979612865925120
569981899332059136
570075101326024704
570128633957736448
570287651137445888
570294451261874177
