567733251620356096
567768224607911936
568165260605014016
568190276990140417
568194520497713152
568790015142178816
568903773491306496
569165517614944256
569609680961572866
569693689766907904
569721039158173697
567733251620356096
567768224607911936
568165260605014016
568190276990140417
568194520497713152
568790015142178816
568903773491306496
569165517614944256
569609680961572866
569693689766907904
569721039158173697
567733251620356096
567768224607911936
568165260605014016
568190276990140417
568194520497713152
568790015142178816
568903773491306496
569165517614944256
569609680961572866
569693689766907904
569721039158173697
569891023335387136
569943306613886976
570198775203016704
570199956704919552
567733251620356096
567768224607911936
568165260605014016
568190276990140417
568194520497713152
568790015142178816
568903773491306496
569165517614944256
569609680961572866
569693689766907904
569721039158173697
569891023335387136
569943306613886976
570198775203016704
570199956704919552
567733251620356096
567768224607911936
568165260605014016
568190276990140417
568194520497713152
568790015142178816
568903773491306496
569165517614944256
569609680961572866
569693689766907904
569721039158173697
569891023335387136
569943306613886976
570198775203016704
570199956704919552
567733251620356096
567768224607911936
568165260605014016
568190276990140417
568194520497713152
568790015142178816
568903773491306496
569165517614944256
569609680961572866
569693689766907904
569721039158173697
569891023335387136
569943306613886976
570198775203016704
570199956704919552
567733251620356096
567768224607911936
568165260605014016
568190276990140417
568194520497713152
568790015142178816
568903773491306496
569165517614944256
569609680961572866
569693689766907904
569721039158173697
569891023335387136
569943306613886976
570198775203016704
570199956704919552
567733251620356096
567768224607911936
568165260605014016
568190276990140417
568194520497713152
568790015142178816
568903773491306496
569165517614944256
569609680961572866
569693689766907904
569721039158173697
569891023335387136
569943306613886976
570198775203016704
570199956704919552
