567725125194493953
567730323988172800
567740187380170752
567741655587905537
567854782678982656
568118361701265408
568274949275824128
568434328943915009
568441899402584064
568444042851323904
568472783354773504
568564342150598656
568807901608828928
568861309384728577
568947623626846208
568947860424642560
568954558589702144
569226313220947969
569271943188209667
569272738826694656
569286569548320769
569470053348823040
569492106923806720
569525150263214080
569560151100821504
569609680961572866
569627624617611264
569634229627297793
569639780276953088
569640141989552128
569660452428513280
567725125194493953
567730323988172800
567740187380170752
567741655587905537
567854782678982656
568118361701265408
568274949275824128
568434328943915009
568441899402584064
568444042851323904
568472783354773504
568564342150598656
568807901608828928
568861309384728577
568947623626846208
568947860424642560
568954558589702144
569226313220947969
569271943188209667
569272738826694656
569286569548320769
569470053348823040
569492106923806720
569525150263214080
569560151100821504
569609680961572866
569627624617611264
569634229627297793
569639780276953088
569640141989552128
569660452428513280
567725125194493953
567730323988172800
567740187380170752
567741655587905537
567854782678982656
568118361701265408
568274949275824128
568434328943915009
568441899402584064
568444042851323904
568472783354773504
568564342150598656
568807901608828928
568861309384728577
568947623626846208
568947860424642560
568954558589702144
569226313220947969
569271943188209667
569272738826694656
569286569548320769
569470053348823040
569492106923806720
569525150263214080
569560151100821504
569609680961572866
569627624617611264
569634229627297793
569639780276953088
569640141989552128
569660452428513280
569894012800217088
569906378233356290
569916152283041792
569917692758630400
569918449121673216
569924793232785408
569931716049154051
569939149756755968
569943306613886976
569975684476641280
570224015656284160
570226695724244992
570226757380530176
570229222662410240
570260735294607360
