567731794498174978
567781675514343424
567811776025468929
568491813528576000
568784615877574656
568800998929661953
568805624164851712
568805696780824576
568821261767303168
568961064651460608
569021768788090881
569373650647945216
569464902164856832
569724186173640705
567731794498174978
567781675514343424
567811776025468929
568491813528576000
568784615877574656
568800998929661953
568805624164851712
568805696780824576
568821261767303168
568961064651460608
569021768788090881
569373650647945216
569464902164856832
569724186173640705
567731794498174978
567781675514343424
567811776025468929
568491813528576000
568784615877574656
568800998929661953
568805624164851712
568805696780824576
568821261767303168
568961064651460608
569021768788090881
569373650647945216
569464902164856832
569724186173640705
569874150636048384
569924355011932162
569929134639611904
569933360564342784
570273880486629377
570276439829774336
570289521113366531
