567763697230438400
567792296654299137
567847966989508608
567899604605218816
568037880859222016
568216196132302848
568414700326797312
568639242483556352
568757775205056512
569015379021795328
569016065600008193
569169274109100032
569169887689641984
569523635171405824
569539074106789889
569644902637813761
569645350379757568
569645701291843584
569646601398067200
569649433635368961
569649975342333952
569663725172436992
569668051764969474
569683240828723201
569717632993263616
567763697230438400
567792296654299137
567847966989508608
567899604605218816
568037880859222016
568216196132302848
568414700326797312
568639242483556352
568757775205056512
569015379021795328
569016065600008193
569169274109100032
569169887689641984
569523635171405824
569539074106789889
569644902637813761
569645350379757568
569645701291843584
569646601398067200
569649433635368961
569649975342333952
569663725172436992
569668051764969474
569683240828723201
569717632993263616
567763697230438400
567792296654299137
567847966989508608
567899604605218816
568037880859222016
568216196132302848
568414700326797312
568639242483556352
568757775205056512
569015379021795328
569016065600008193
569169274109100032
569169887689641984
569523635171405824
569539074106789889
569644902637813761
569645350379757568
569645701291843584
569646601398067200
569649433635368961
569649975342333952
569663725172436992
569668051764969474
569683240828723201
569717632993263616
569890695902662657
570030390309552128
570241050079420417
570307390752608257
567763697230438400
567792296654299137
567847966989508608
567899604605218816
568037880859222016
568216196132302848
568414700326797312
568639242483556352
568757775205056512
569015379021795328
569016065600008193
569169274109100032
569169887689641984
569523635171405824
569539074106789889
569644902637813761
569645350379757568
569645701291843584
569646601398067200
569649433635368961
569649975342333952
569663725172436992
569668051764969474
569683240828723201
569717632993263616
569890695902662657
570030390309552128
570241050079420417
570307390752608257
567763697230438400
567792296654299137
567847966989508608
567899604605218816
568037880859222016
568216196132302848
568414700326797312
568639242483556352
568757775205056512
569015379021795328
569016065600008193
569169274109100032
569169887689641984
569523635171405824
569539074106789889
569644902637813761
569645350379757568
569645701291843584
569646601398067200
569649433635368961
569649975342333952
569663725172436992
569668051764969474
569683240828723201
569717632993263616
569890695902662657
570030390309552128
570241050079420417
570307390752608257
567763697230438400
567792296654299137
567847966989508608
567899604605218816
568037880859222016
568216196132302848
568414700326797312
568639242483556352
568757775205056512
569015379021795328
569016065600008193
569169274109100032
569169887689641984
569523635171405824
569539074106789889
569644902637813761
569645350379757568
569645701291843584
569646601398067200
569649433635368961
569649975342333952
569663725172436992
569668051764969474
569683240828723201
569717632993263616
569890695902662657
570030390309552128
570241050079420417
570307390752608257
567763697230438400
567792296654299137
567847966989508608
567899604605218816
568037880859222016
568216196132302848
568414700326797312
568639242483556352
568757775205056512
569015379021795328
569016065600008193
569169274109100032
569169887689641984
569523635171405824
569539074106789889
569644902637813761
569645350379757568
569645701291843584
569646601398067200
569649433635368961
569649975342333952
569663725172436992
569668051764969474
569683240828723201
569717632993263616
569890695902662657
570030390309552128
570241050079420417
570307390752608257
567763697230438400
567792296654299137
567847966989508608
567899604605218816
568037880859222016
568216196132302848
568414700326797312
568639242483556352
568757775205056512
569015379021795328
569016065600008193
569169274109100032
569169887689641984
569523635171405824
569539074106789889
569644902637813761
569645350379757568
569645701291843584
569646601398067200
569649433635368961
569649975342333952
569663725172436992
569668051764969474
569683240828723201
569717632993263616
569890695902662657
570030390309552128
570241050079420417
570307390752608257
