567750428595871745
568832576468746240
569639305016152066
567750428595871745
568832576468746240
569639305016152066
567750428595871745
568832576468746240
569639305016152066
570044497330987008
567750428595871745
568832576468746240
569639305016152066
570044497330987008
567750428595871745
568832576468746240
569639305016152066
570044497330987008
567750428595871745
568832576468746240
569639305016152066
570044497330987008
567750428595871745
568832576468746240
569639305016152066
570044497330987008
567750428595871745
568832576468746240
569639305016152066
570044497330987008
