568055509795901440
568149201466617856
568413096940666881
568627064062009344
568668364144398336
568949970080018433
568965870178816000
569008601009762305
569011727532032001
569256307045179392
569539287118692352
569605602961281024
568055509795901440
568149201466617856
568413096940666881
568627064062009344
568668364144398336
568949970080018433
568965870178816000
569008601009762305
569011727532032001
569256307045179392
569539287118692352
569605602961281024
568055509795901440
568149201466617856
568413096940666881
568627064062009344
568668364144398336
568949970080018433
568965870178816000
569008601009762305
569011727532032001
569256307045179392
569539287118692352
569605602961281024
569863229356310528
569892413235294208
569893716711747584
570198409497288705
570286359983886336
568055509795901440
568149201466617856
568413096940666881
568627064062009344
568668364144398336
568949970080018433
568965870178816000
569008601009762305
569011727532032001
569256307045179392
569539287118692352
569605602961281024
569863229356310528
569892413235294208
569893716711747584
570198409497288705
570286359983886336
568055509795901440
568149201466617856
568413096940666881
568627064062009344
568668364144398336
568949970080018433
568965870178816000
569008601009762305
569011727532032001
569256307045179392
569539287118692352
569605602961281024
569863229356310528
569892413235294208
569893716711747584
570198409497288705
570286359983886336
568055509795901440
568149201466617856
568413096940666881
568627064062009344
568668364144398336
568949970080018433
568965870178816000
569008601009762305
569011727532032001
569256307045179392
569539287118692352
569605602961281024
569863229356310528
569892413235294208
569893716711747584
570198409497288705
570286359983886336
568055509795901440
568149201466617856
568413096940666881
568627064062009344
568668364144398336
568949970080018433
568965870178816000
569008601009762305
569011727532032001
569256307045179392
569539287118692352
569605602961281024
569863229356310528
569892413235294208
569893716711747584
570198409497288705
570286359983886336
568055509795901440
568149201466617856
568413096940666881
568627064062009344
568668364144398336
568949970080018433
568965870178816000
569008601009762305
569011727532032001
569256307045179392
569539287118692352
569605602961281024
569863229356310528
569892413235294208
569893716711747584
570198409497288705
570286359983886336
