567747668512735232
567769131663884290
567788423352950784
567790177063608320
567794720425144321
567808424696893440
567816475898310656
567833916196843520
567861975419457537
567876860647833600
567883674462588929
567898499540340736
568080078875324416
568184134666981376
568234992557527040
568250000028925952
568259593773518848
568469582295379969
568471227418832896
568588791830736896
568757671819661314
568770125114929152
568781213651087361
568797401772892161
568878340200906752
568932482323623937
568938647795314688
568957173692108800
568965870178816000
569130479690981376
569167347996495872
569183712606179329
569253190551498752
569253414971899905
569349274049368064
569376311824621568
569490499377061888
569504786879528962
569512239344054274
569513811285311488
569638013287862273
569653977714962433
569699027782012930
567747668512735232
567769131663884290
567788423352950784
567790177063608320
567794720425144321
567808424696893440
567816475898310656
567833916196843520
567861975419457537
567876860647833600
567883674462588929
567898499540340736
568080078875324416
568184134666981376
568234992557527040
568250000028925952
568259593773518848
568469582295379969
568471227418832896
568588791830736896
568757671819661314
568770125114929152
568781213651087361
568797401772892161
568878340200906752
568932482323623937
568938647795314688
568957173692108800
568965870178816000
569130479690981376
569167347996495872
569183712606179329
569253190551498752
569253414971899905
569349274049368064
569376311824621568
569490499377061888
569504786879528962
569512239344054274
569513811285311488
569638013287862273
569653977714962433
569699027782012930
567747668512735232
567769131663884290
567788423352950784
567790177063608320
567794720425144321
567808424696893440
567816475898310656
567833916196843520
567861975419457537
567876860647833600
567883674462588929
567898499540340736
568080078875324416
568184134666981376
568234992557527040
568250000028925952
568259593773518848
568469582295379969
568471227418832896
568588791830736896
568757671819661314
568770125114929152
568781213651087361
568797401772892161
568878340200906752
568932482323623937
568938647795314688
568957173692108800
568965870178816000
569130479690981376
569167347996495872
569183712606179329
569253190551498752
569253414971899905
569349274049368064
569376311824621568
569490499377061888
569504786879528962
569512239344054274
569513811285311488
569638013287862273
569653977714962433
569699027782012930
569899917935714305
569915576862183425
570031211336368128
570033309113131008
570038498566283264
570097596913623040
570100438487314432
570101817041747968
570135205123530752
570179236633432065
570240043022991361
570251472203587584
570292403309035520
570301130888122368
567747668512735232
567769131663884290
567788423352950784
567790177063608320
567794720425144321
567808424696893440
567816475898310656
567833916196843520
567861975419457537
567876860647833600
567883674462588929
567898499540340736
568080078875324416
568184134666981376
568234992557527040
568250000028925952
568259593773518848
568469582295379969
568471227418832896
568588791830736896
568757671819661314
568770125114929152
568781213651087361
568797401772892161
568878340200906752
568932482323623937
568938647795314688
568957173692108800
568965870178816000
569130479690981376
569167347996495872
569183712606179329
569253190551498752
569253414971899905
569349274049368064
569376311824621568
569490499377061888
569504786879528962
569512239344054274
569513811285311488
569638013287862273
569653977714962433
569699027782012930
569899917935714305
569915576862183425
570031211336368128
570033309113131008
570038498566283264
570097596913623040
570100438487314432
570101817041747968
570135205123530752
570179236633432065
570240043022991361
570251472203587584
570292403309035520
570301130888122368
567747668512735232
567769131663884290
567788423352950784
567790177063608320
567794720425144321
567808424696893440
567816475898310656
567833916196843520
567861975419457537
567876860647833600
567883674462588929
567898499540340736
568080078875324416
568184134666981376
568234992557527040
568250000028925952
568259593773518848
568469582295379969
568471227418832896
568588791830736896
568757671819661314
568770125114929152
568781213651087361
568797401772892161
568878340200906752
568932482323623937
568938647795314688
568957173692108800
568965870178816000
569130479690981376
569167347996495872
569183712606179329
569253190551498752
569253414971899905
569349274049368064
569376311824621568
569490499377061888
569504786879528962
569512239344054274
569513811285311488
569638013287862273
569653977714962433
569699027782012930
569899917935714305
569915576862183425
570031211336368128
570033309113131008
570038498566283264
570097596913623040
570100438487314432
570101817041747968
570135205123530752
570179236633432065
570240043022991361
570251472203587584
570292403309035520
570301130888122368
567747668512735232
567769131663884290
567788423352950784
567790177063608320
567794720425144321
567808424696893440
567816475898310656
567833916196843520
567861975419457537
567876860647833600
567883674462588929
567898499540340736
568080078875324416
568184134666981376
568234992557527040
568250000028925952
568259593773518848
568469582295379969
568471227418832896
568588791830736896
568757671819661314
568770125114929152
568781213651087361
568797401772892161
568878340200906752
568932482323623937
568938647795314688
568957173692108800
568965870178816000
569130479690981376
569167347996495872
569183712606179329
569253190551498752
569253414971899905
569349274049368064
569376311824621568
569490499377061888
569504786879528962
569512239344054274
569513811285311488
569638013287862273
569653977714962433
569699027782012930
569899917935714305
569915576862183425
570031211336368128
570033309113131008
570038498566283264
570097596913623040
570100438487314432
570101817041747968
570135205123530752
570179236633432065
570240043022991361
570251472203587584
570292403309035520
570301130888122368
567747668512735232
567769131663884290
567788423352950784
567790177063608320
567794720425144321
567808424696893440
567816475898310656
567833916196843520
567861975419457537
567876860647833600
567883674462588929
567898499540340736
568080078875324416
568184134666981376
568234992557527040
568250000028925952
568259593773518848
568469582295379969
568471227418832896
568588791830736896
568757671819661314
568770125114929152
568781213651087361
568797401772892161
568878340200906752
568932482323623937
568938647795314688
568957173692108800
568965870178816000
569130479690981376
569167347996495872
569183712606179329
569253190551498752
569253414971899905
569349274049368064
569376311824621568
569490499377061888
569504786879528962
569512239344054274
569513811285311488
569638013287862273
569653977714962433
569699027782012930
569899917935714305
569915576862183425
570031211336368128
570033309113131008
570038498566283264
570097596913623040
570100438487314432
570101817041747968
570135205123530752
570179236633432065
570240043022991361
570251472203587584
570292403309035520
570301130888122368
567747668512735232
567769131663884290
567788423352950784
567790177063608320
567794720425144321
567808424696893440
567816475898310656
567833916196843520
567861975419457537
567876860647833600
567883674462588929
567898499540340736
568080078875324416
568184134666981376
568234992557527040
568250000028925952
568259593773518848
568469582295379969
568471227418832896
568588791830736896
568757671819661314
568770125114929152
568781213651087361
568797401772892161
568878340200906752
568932482323623937
568938647795314688
568957173692108800
568965870178816000
569130479690981376
569167347996495872
569183712606179329
569253190551498752
569253414971899905
569349274049368064
569376311824621568
569490499377061888
569504786879528962
569512239344054274
569513811285311488
569638013287862273
569653977714962433
569699027782012930
569899917935714305
569915576862183425
570031211336368128
570033309113131008
570038498566283264
570097596913623040
570100438487314432
570101817041747968
570135205123530752
570179236633432065
570240043022991361
570251472203587584
570292403309035520
570301130888122368
