567848716738011136
568184857538498560
568466673990307840
567848716738011136
568184857538498560
568466673990307840
567848716738011136
568184857538498560
568466673990307840
569890681361186818
570261193685749760
570262096094498816
570267066919313408
570268646544510976
567848716738011136
568184857538498560
568466673990307840
569890681361186818
570261193685749760
570262096094498816
570267066919313408
570268646544510976
567848716738011136
568184857538498560
568466673990307840
569890681361186818
570261193685749760
570262096094498816
570267066919313408
570268646544510976
567848716738011136
568184857538498560
568466673990307840
569890681361186818
570261193685749760
570262096094498816
570267066919313408
570268646544510976
567848716738011136
568184857538498560
568466673990307840
569890681361186818
570261193685749760
570262096094498816
570267066919313408
570268646544510976
567848716738011136
568184857538498560
568466673990307840
569890681361186818
570261193685749760
570262096094498816
570267066919313408
570268646544510976
