567916937679884288
568076919146557440
568149912665198592
568152534507855872
568152817656930305
568156758025187329
568173792406740994
568193817943257088
568209150410248192
568209287517835265
568253469129187328
568269180153274368
568270768989081600
568417151176060929
568561938457690112
568588522069733376
568635298759860226
568676876866224128
569575780864241664
569577696793006080
569710260136640512
569734069988286464
567916937679884288
568076919146557440
568149912665198592
568152534507855872
568152817656930305
568156758025187329
568173792406740994
568193817943257088
568209150410248192
568209287517835265
568253469129187328
568269180153274368
568270768989081600
568417151176060929
568561938457690112
568588522069733376
568635298759860226
568676876866224128
569575780864241664
569577696793006080
569710260136640512
569734069988286464
567916937679884288
568076919146557440
568149912665198592
568152534507855872
568152817656930305
568156758025187329
568173792406740994
568193817943257088
568209150410248192
568209287517835265
568253469129187328
568269180153274368
568270768989081600
568417151176060929
568561938457690112
568588522069733376
568635298759860226
568676876866224128
569575780864241664
569577696793006080
569710260136640512
569734069988286464
569851855917830145
569938880495026176
569942287318458369
570193464467570688
570221178658418689
