568194475077570560
568462314388656128
569262065988308993
569465299495358466
569552552297041920
568194475077570560
568462314388656128
569262065988308993
569465299495358466
569552552297041920
568194475077570560
568462314388656128
569262065988308993
569465299495358466
569552552297041920
569847788986462209
568194475077570560
568462314388656128
569262065988308993
569465299495358466
569552552297041920
569847788986462209
568194475077570560
568462314388656128
569262065988308993
569465299495358466
569552552297041920
569847788986462209
568194475077570560
568462314388656128
569262065988308993
569465299495358466
569552552297041920
569847788986462209
568194475077570560
568462314388656128
569262065988308993
569465299495358466
569552552297041920
569847788986462209
568194475077570560
568462314388656128
569262065988308993
569465299495358466
569552552297041920
569847788986462209
