567738031398866944
567905220828606466
567949332395249664
568168661732724736
568173585484771328
568252805036638209
568269372151734273
568279994876571649
568437385844924416
568466642193104897
568549781502496768
568878340200906752
568964010101514240
568969143581413376
569107706302357504
569230859896803328
569257033972604929
569289995749494784
569328755409326080
569352134774415360
569380122194636800
569557167411478528
569573843825790976
569600023597428736
569612947833671680
569647618932002816
569678905344270336
569696080121569280
569697728890056704
569769643864408064
567738031398866944
567905220828606466
567949332395249664
568168661732724736
568173585484771328
568252805036638209
568269372151734273
568279994876571649
568437385844924416
568466642193104897
568549781502496768
568878340200906752
568964010101514240
568969143581413376
569107706302357504
569230859896803328
569257033972604929
569289995749494784
569328755409326080
569352134774415360
569380122194636800
569557167411478528
569573843825790976
569600023597428736
569612947833671680
569647618932002816
569678905344270336
569696080121569280
569697728890056704
569769643864408064
567738031398866944
567905220828606466
567949332395249664
568168661732724736
568173585484771328
568252805036638209
568269372151734273
568279994876571649
568437385844924416
568466642193104897
568549781502496768
568878340200906752
568964010101514240
568969143581413376
569107706302357504
569230859896803328
569257033972604929
569289995749494784
569328755409326080
569352134774415360
569380122194636800
569557167411478528
569573843825790976
569600023597428736
569612947833671680
569647618932002816
569678905344270336
569696080121569280
569697728890056704
569769643864408064
569895932394917888
569946428547551233
570023232851419136
570067181733580800
570079699595980802
570100438487314432
570175513035214848
570206113783795713
570251142942171136
570281470507352064
570289724453216256
567738031398866944
567905220828606466
567949332395249664
568168661732724736
568173585484771328
568252805036638209
568269372151734273
568279994876571649
568437385844924416
568466642193104897
568549781502496768
568878340200906752
568964010101514240
568969143581413376
569107706302357504
569230859896803328
569257033972604929
569289995749494784
569328755409326080
569352134774415360
569380122194636800
569557167411478528
569573843825790976
569600023597428736
569612947833671680
569647618932002816
569678905344270336
569696080121569280
569697728890056704
569769643864408064
569895932394917888
569946428547551233
570023232851419136
570067181733580800
570079699595980802
570100438487314432
570175513035214848
570206113783795713
570251142942171136
570281470507352064
570289724453216256
567738031398866944
567905220828606466
567949332395249664
568168661732724736
568173585484771328
568252805036638209
568269372151734273
568279994876571649
568437385844924416
568466642193104897
568549781502496768
568878340200906752
568964010101514240
568969143581413376
569107706302357504
569230859896803328
569257033972604929
569289995749494784
569328755409326080
569352134774415360
569380122194636800
569557167411478528
569573843825790976
569600023597428736
569612947833671680
569647618932002816
569678905344270336
569696080121569280
569697728890056704
569769643864408064
569895932394917888
569946428547551233
570023232851419136
570067181733580800
570079699595980802
570100438487314432
570175513035214848
570206113783795713
570251142942171136
570281470507352064
570289724453216256
567738031398866944
567905220828606466
567949332395249664
568168661732724736
568173585484771328
568252805036638209
568269372151734273
568279994876571649
568437385844924416
568466642193104897
568549781502496768
568878340200906752
568964010101514240
568969143581413376
569107706302357504
569230859896803328
569257033972604929
569289995749494784
569328755409326080
569352134774415360
569380122194636800
569557167411478528
569573843825790976
569600023597428736
569612947833671680
569647618932002816
569678905344270336
569696080121569280
569697728890056704
569769643864408064
569895932394917888
569946428547551233
570023232851419136
570067181733580800
570079699595980802
570100438487314432
570175513035214848
570206113783795713
570251142942171136
570281470507352064
570289724453216256
567738031398866944
567905220828606466
567949332395249664
568168661732724736
568173585484771328
568252805036638209
568269372151734273
568279994876571649
568437385844924416
568466642193104897
568549781502496768
568878340200906752
568964010101514240
568969143581413376
569107706302357504
569230859896803328
569257033972604929
569289995749494784
569328755409326080
569352134774415360
569380122194636800
569557167411478528
569573843825790976
569600023597428736
569612947833671680
569647618932002816
569678905344270336
569696080121569280
569697728890056704
569769643864408064
569895932394917888
569946428547551233
570023232851419136
570067181733580800
570079699595980802
570100438487314432
570175513035214848
570206113783795713
570251142942171136
570281470507352064
570289724453216256
567738031398866944
567905220828606466
567949332395249664
568168661732724736
568173585484771328
568252805036638209
568269372151734273
568279994876571649
568437385844924416
568466642193104897
568549781502496768
568878340200906752
568964010101514240
568969143581413376
569107706302357504
569230859896803328
569257033972604929
569289995749494784
569328755409326080
569352134774415360
569380122194636800
569557167411478528
569573843825790976
569600023597428736
569612947833671680
569647618932002816
569678905344270336
569696080121569280
569697728890056704
569769643864408064
569895932394917888
569946428547551233
570023232851419136
570067181733580800
570079699595980802
570100438487314432
570175513035214848
570206113783795713
570251142942171136
570281470507352064
570289724453216256
