567733682879086592
567781357355794432
567880317345771520
568213843618299904
568491460250742784
568526521910079488
568546414604750848
568649338005487618
568774385965932545
568776950665371648
568782407698149376
568803996774879232
568817985147654144
568861309384728577
568862320442662912
568878340200906752
568900980080709632
568928163058724865
569249769421295616
569497092655345664
569555146562080768
569615659333627904
569619751124795392
569634385823182852
569654749055864832
569661901468270592
569672448716742656
569720452987252736
569815061440679937
567733682879086592
567781357355794432
567880317345771520
568213843618299904
568491460250742784
568526521910079488
568546414604750848
568649338005487618
568774385965932545
568776950665371648
568782407698149376
568803996774879232
568817985147654144
568861309384728577
568862320442662912
568878340200906752
568900980080709632
568928163058724865
569249769421295616
569497092655345664
569555146562080768
569615659333627904
569619751124795392
569634385823182852
569654749055864832
569661901468270592
569672448716742656
569720452987252736
569815061440679937
567733682879086592
567781357355794432
567880317345771520
568213843618299904
568491460250742784
568526521910079488
568546414604750848
568649338005487618
568774385965932545
568776950665371648
568782407698149376
568803996774879232
568817985147654144
568861309384728577
568862320442662912
568878340200906752
568900980080709632
568928163058724865
569249769421295616
569497092655345664
569555146562080768
569615659333627904
569619751124795392
569634385823182852
569654749055864832
569661901468270592
569672448716742656
569720452987252736
569815061440679937
569857624549625856
569911528368926720
569939966584852480
570086488324485121
570089091276128258
570222445971382273
570222630525014017
570222748615598081
570229936285331457
570289587794407425
567733682879086592
567781357355794432
567880317345771520
568213843618299904
568491460250742784
568526521910079488
568546414604750848
568649338005487618
568774385965932545
568776950665371648
568782407698149376
568803996774879232
568817985147654144
568861309384728577
568862320442662912
568878340200906752
568900980080709632
568928163058724865
569249769421295616
569497092655345664
569555146562080768
569615659333627904
569619751124795392
569634385823182852
569654749055864832
569661901468270592
569672448716742656
569720452987252736
569815061440679937
569857624549625856
569911528368926720
569939966584852480
570086488324485121
570089091276128258
570222445971382273
570222630525014017
570222748615598081
570229936285331457
570289587794407425
567733682879086592
567781357355794432
567880317345771520
568213843618299904
568491460250742784
568526521910079488
568546414604750848
568649338005487618
568774385965932545
568776950665371648
568782407698149376
568803996774879232
568817985147654144
568861309384728577
568862320442662912
568878340200906752
568900980080709632
568928163058724865
569249769421295616
569497092655345664
569555146562080768
569615659333627904
569619751124795392
569634385823182852
569654749055864832
569661901468270592
569672448716742656
569720452987252736
569815061440679937
569857624549625856
569911528368926720
569939966584852480
570086488324485121
570089091276128258
570222445971382273
570222630525014017
570222748615598081
570229936285331457
570289587794407425
567733682879086592
567781357355794432
567880317345771520
568213843618299904
568491460250742784
568526521910079488
568546414604750848
568649338005487618
568774385965932545
568776950665371648
568782407698149376
568803996774879232
568817985147654144
568861309384728577
568862320442662912
568878340200906752
568900980080709632
568928163058724865
569249769421295616
569497092655345664
569555146562080768
569615659333627904
569619751124795392
569634385823182852
569654749055864832
569661901468270592
569672448716742656
569720452987252736
569815061440679937
569857624549625856
569911528368926720
569939966584852480
570086488324485121
570089091276128258
570222445971382273
570222630525014017
570222748615598081
570229936285331457
570289587794407425
567733682879086592
567781357355794432
567880317345771520
568213843618299904
568491460250742784
568526521910079488
568546414604750848
568649338005487618
568774385965932545
568776950665371648
568782407698149376
568803996774879232
568817985147654144
568861309384728577
568862320442662912
568878340200906752
568900980080709632
568928163058724865
569249769421295616
569497092655345664
569555146562080768
569615659333627904
569619751124795392
569634385823182852
569654749055864832
569661901468270592
569672448716742656
569720452987252736
569815061440679937
569857624549625856
569911528368926720
569939966584852480
570086488324485121
570089091276128258
570222445971382273
570222630525014017
570222748615598081
570229936285331457
570289587794407425
567733682879086592
567781357355794432
567880317345771520
568213843618299904
568491460250742784
568526521910079488
568546414604750848
568649338005487618
568774385965932545
568776950665371648
568782407698149376
568803996774879232
568817985147654144
568861309384728577
568862320442662912
568878340200906752
568900980080709632
568928163058724865
569249769421295616
569497092655345664
569555146562080768
569615659333627904
569619751124795392
569634385823182852
569654749055864832
569661901468270592
569672448716742656
569720452987252736
569815061440679937
569857624549625856
569911528368926720
569939966584852480
570086488324485121
570089091276128258
570222445971382273
570222630525014017
570222748615598081
570229936285331457
570289587794407425
