567987484556013568
568845553104068609
569569639543541762
569666885035409408
569760128343220224
567987484556013568
568845553104068609
569569639543541762
569666885035409408
569760128343220224
567987484556013568
568845553104068609
569569639543541762
569666885035409408
569760128343220224
570002509906837504
567987484556013568
568845553104068609
569569639543541762
569666885035409408
569760128343220224
570002509906837504
567987484556013568
568845553104068609
569569639543541762
569666885035409408
569760128343220224
570002509906837504
567987484556013568
568845553104068609
569569639543541762
569666885035409408
569760128343220224
570002509906837504
567987484556013568
568845553104068609
569569639543541762
569666885035409408
569760128343220224
570002509906837504
567987484556013568
568845553104068609
569569639543541762
569666885035409408
569760128343220224
570002509906837504
