568175282919739392
568834558268973056
569208751972065280
569347118034501632
568175282919739392
568834558268973056
569208751972065280
569347118034501632
568175282919739392
568834558268973056
569208751972065280
569347118034501632
570014602903339008
570287704728084480
568175282919739392
568834558268973056
569208751972065280
569347118034501632
570014602903339008
570287704728084480
568175282919739392
568834558268973056
569208751972065280
569347118034501632
570014602903339008
570287704728084480
568175282919739392
568834558268973056
569208751972065280
569347118034501632
570014602903339008
570287704728084480
568175282919739392
568834558268973056
569208751972065280
569347118034501632
570014602903339008
570287704728084480
568175282919739392
568834558268973056
569208751972065280
569347118034501632
570014602903339008
570287704728084480
