569229572123680769
569245342421491712
569617259548708864
569704005250777090
569705380282019841
569229572123680769
569245342421491712
569617259548708864
569704005250777090
569705380282019841
569229572123680769
569245342421491712
569617259548708864
569704005250777090
569705380282019841
569229572123680769
569245342421491712
569617259548708864
569704005250777090
569705380282019841
569229572123680769
569245342421491712
569617259548708864
569704005250777090
569705380282019841
569229572123680769
569245342421491712
569617259548708864
569704005250777090
569705380282019841
569229572123680769
569245342421491712
569617259548708864
569704005250777090
569705380282019841
569229572123680769
569245342421491712
569617259548708864
569704005250777090
569705380282019841
