568134058242400256
568543525505089536
568757933502148608
568801885567606784
569282249717194754
569617083194933248
568134058242400256
568543525505089536
568757933502148608
568801885567606784
569282249717194754
569617083194933248
568134058242400256
568543525505089536
568757933502148608
568801885567606784
569282249717194754
569617083194933248
570177745759678466
570239272575315969
568134058242400256
568543525505089536
568757933502148608
568801885567606784
569282249717194754
569617083194933248
570177745759678466
570239272575315969
568134058242400256
568543525505089536
568757933502148608
568801885567606784
569282249717194754
569617083194933248
570177745759678466
570239272575315969
568134058242400256
568543525505089536
568757933502148608
568801885567606784
569282249717194754
569617083194933248
570177745759678466
570239272575315969
568134058242400256
568543525505089536
568757933502148608
568801885567606784
569282249717194754
569617083194933248
570177745759678466
570239272575315969
568134058242400256
568543525505089536
568757933502148608
568801885567606784
569282249717194754
569617083194933248
570177745759678466
570239272575315969
