568885581297651713
568890017365561344
568892505829347329
568893072001646592
568894996683870208
568895188338380801
568885581297651713
568890017365561344
568892505829347329
568893072001646592
568894996683870208
568895188338380801
568885581297651713
568890017365561344
568892505829347329
568893072001646592
568894996683870208
568895188338380801
568885581297651713
568890017365561344
568892505829347329
568893072001646592
568894996683870208
568895188338380801
568885581297651713
568890017365561344
568892505829347329
568893072001646592
568894996683870208
568895188338380801
568885581297651713
568890017365561344
568892505829347329
568893072001646592
568894996683870208
568895188338380801
568885581297651713
568890017365561344
568892505829347329
568893072001646592
568894996683870208
568895188338380801
568885581297651713
568890017365561344
568892505829347329
568893072001646592
568894996683870208
568895188338380801
