567731810910498816
567733228690083841
567742857411166208
567748208844365825
567751489754382336
567752680514330624
567753815634370560
567756326718431232
567757771953561600
567760872739975168
567778498723737600
567780076926693376
567816651900583936
567832250110337024
567842370533867520
567842466851905536
567842726861021184
567843811990376449
567846026507390976
567853001534210049
567872411418247169
567886091975462912
567893924699770880
567919829589442560
568037591687270400
568058084846911488
568066302818058240
568079446592385025
568111010856480768
568128904260685824
568134930137550848
568135319876468736
568139253194067968
568170036248092674
568177609281896449
568186002759671808
568212538778906624
568276805972570112
568382196081229824
568387549867036672
568456085536935936
568476370130628608
568513072819646464
568534107875119105
568535405361913857
568542661684015105
568657247896788992
568787999036583936
568809617087696897
568846499431337984
568921407813521409
568925459540344833
568965774649520128
568981498046623744
569225085330071554
569233531483918337
569273409252827137
569273733334077440
569278644943757312
569287656607100929
569309864759050240
569310885191286784
569344334761316354
569349274049368064
569363188120207360
569428333500375040
569469169927720960
569480220203474944
569490427625086976
569495331399995392
569515688898875393
569529608862875648
569533799815630848
569540652935069696
569552426698723330
569587140490866689
569589319846854658
569596793941401601
569604400479649792
569604674715693057
569604909571678208
569605604416888832
569615100006440960
569616586178301952
569620452043317249
569621714046455808
569625607476158465
569628145030004736
569628503550906368
569629019412557826
569631041356320768
569641259826061312
569644766779936768
569657850856919041
569659515706028033
569674237079744512
569677478077136897
569677591055106048
569706320212787200
569714439517138944
569721721944735744
569730716692393984
569738845895335936
569745375713558528
567731810910498816
567733228690083841
567742857411166208
567748208844365825
567751489754382336
567752680514330624
567753815634370560
567756326718431232
567757771953561600
567760872739975168
567778498723737600
567780076926693376
567816651900583936
567832250110337024
567842370533867520
567842466851905536
567842726861021184
567843811990376449
567846026507390976
567853001534210049
567872411418247169
567886091975462912
567893924699770880
567919829589442560
568037591687270400
568058084846911488
568066302818058240
568079446592385025
568111010856480768
568128904260685824
568134930137550848
568135319876468736
568139253194067968
568170036248092674
568177609281896449
568186002759671808
568212538778906624
568276805972570112
568382196081229824
568387549867036672
568456085536935936
568476370130628608
568513072819646464
568534107875119105
568535405361913857
568542661684015105
568657247896788992
568787999036583936
568809617087696897
568846499431337984
568921407813521409
568925459540344833
568965774649520128
568981498046623744
569225085330071554
569233531483918337
569273409252827137
569273733334077440
569278644943757312
569287656607100929
569309864759050240
569310885191286784
569344334761316354
569349274049368064
569363188120207360
569428333500375040
569469169927720960
569480220203474944
569490427625086976
569495331399995392
569515688898875393
569529608862875648
569533799815630848
569540652935069696
569552426698723330
569587140490866689
569589319846854658
569596793941401601
569604400479649792
569604674715693057
569604909571678208
569605604416888832
569615100006440960
569616586178301952
569620452043317249
569621714046455808
569625607476158465
569628145030004736
569628503550906368
569629019412557826
569631041356320768
569641259826061312
569644766779936768
569657850856919041
569659515706028033
569674237079744512
569677478077136897
569677591055106048
569706320212787200
569714439517138944
569721721944735744
569730716692393984
569738845895335936
569745375713558528
567731810910498816
567733228690083841
567742857411166208
567748208844365825
567751489754382336
567752680514330624
567753815634370560
567756326718431232
567757771953561600
567760872739975168
567778498723737600
567780076926693376
567816651900583936
567832250110337024
567842370533867520
567842466851905536
567842726861021184
567843811990376449
567846026507390976
567853001534210049
567872411418247169
567886091975462912
567893924699770880
567919829589442560
568037591687270400
568058084846911488
568066302818058240
568079446592385025
568111010856480768
568128904260685824
568134930137550848
568135319876468736
568139253194067968
568170036248092674
568177609281896449
568186002759671808
568212538778906624
568276805972570112
568382196081229824
568387549867036672
568456085536935936
568476370130628608
568513072819646464
568534107875119105
568535405361913857
568542661684015105
568657247896788992
568787999036583936
568809617087696897
568846499431337984
568921407813521409
568925459540344833
568965774649520128
568981498046623744
569225085330071554
569233531483918337
569273409252827137
569273733334077440
569278644943757312
569287656607100929
569309864759050240
569310885191286784
569344334761316354
569349274049368064
569363188120207360
569428333500375040
569469169927720960
569480220203474944
569490427625086976
569495331399995392
569515688898875393
569529608862875648
569533799815630848
569540652935069696
569552426698723330
569587140490866689
569589319846854658
569596793941401601
569604400479649792
569604674715693057
569604909571678208
569605604416888832
569615100006440960
569616586178301952
569620452043317249
569621714046455808
569625607476158465
569628145030004736
569628503550906368
569629019412557826
569631041356320768
569641259826061312
569644766779936768
569657850856919041
569659515706028033
569674237079744512
569677478077136897
569677591055106048
569706320212787200
569714439517138944
569721721944735744
569730716692393984
569738845895335936
569745375713558528
569844379176853504
569857072310808578
569859218058162176
569862449559527426
569864863171764224
569878584967344128
569879623317659648
569891790343569408
569895618866315264
569899917935714305
569920723038416897
569921267601580032
569925091095646209
569928540004753409
569936348217352194
569941389208719360
569950482665308160
569957958634770432
569958642411122688
569958916668305408
569969447764566016
569972073201688576
569981026598043648
569983587572789248
569987227075239936
569988785330479104
570015876902232064
570021128032407552
570056859698270208
570270436463759360
570272511050383360
570280637946421249
570281731510571009
570298679250305024
570304178314190848
567731810910498816
567733228690083841
567742857411166208
567748208844365825
567751489754382336
567752680514330624
567753815634370560
567756326718431232
567757771953561600
567760872739975168
567778498723737600
567780076926693376
567816651900583936
567832250110337024
567842370533867520
567842466851905536
567842726861021184
567843811990376449
567846026507390976
567853001534210049
567872411418247169
567886091975462912
567893924699770880
567919829589442560
568037591687270400
568058084846911488
568066302818058240
568079446592385025
568111010856480768
568128904260685824
568134930137550848
568135319876468736
568139253194067968
568170036248092674
568177609281896449
568186002759671808
568212538778906624
568276805972570112
568382196081229824
568387549867036672
568456085536935936
568476370130628608
568513072819646464
568534107875119105
568535405361913857
568542661684015105
568657247896788992
568787999036583936
568809617087696897
568846499431337984
568921407813521409
568925459540344833
568965774649520128
568981498046623744
569225085330071554
569233531483918337
569273409252827137
569273733334077440
569278644943757312
569287656607100929
569309864759050240
569310885191286784
569344334761316354
569349274049368064
569363188120207360
569428333500375040
569469169927720960
569480220203474944
569490427625086976
569495331399995392
569515688898875393
569529608862875648
569533799815630848
569540652935069696
569552426698723330
569587140490866689
569589319846854658
569596793941401601
569604400479649792
569604674715693057
569604909571678208
569605604416888832
569615100006440960
569616586178301952
569620452043317249
569621714046455808
569625607476158465
569628145030004736
569628503550906368
569629019412557826
569631041356320768
569641259826061312
569644766779936768
569657850856919041
569659515706028033
569674237079744512
569677478077136897
569677591055106048
569706320212787200
569714439517138944
569721721944735744
569730716692393984
569738845895335936
569745375713558528
569844379176853504
569857072310808578
569859218058162176
569862449559527426
569864863171764224
569878584967344128
569879623317659648
569891790343569408
569895618866315264
569899917935714305
569920723038416897
569921267601580032
569925091095646209
569928540004753409
569936348217352194
569941389208719360
569950482665308160
569957958634770432
569958642411122688
569958916668305408
569969447764566016
569972073201688576
569981026598043648
569983587572789248
569987227075239936
569988785330479104
570015876902232064
570021128032407552
570056859698270208
570270436463759360
570272511050383360
570280637946421249
570281731510571009
570298679250305024
570304178314190848
567731810910498816
567733228690083841
567742857411166208
567748208844365825
567751489754382336
567752680514330624
567753815634370560
567756326718431232
567757771953561600
567760872739975168
567778498723737600
567780076926693376
567816651900583936
567832250110337024
567842370533867520
567842466851905536
567842726861021184
567843811990376449
567846026507390976
567853001534210049
567872411418247169
567886091975462912
567893924699770880
567919829589442560
568037591687270400
568058084846911488
568066302818058240
568079446592385025
568111010856480768
568128904260685824
568134930137550848
568135319876468736
568139253194067968
568170036248092674
568177609281896449
568186002759671808
568212538778906624
568276805972570112
568382196081229824
568387549867036672
568456085536935936
568476370130628608
568513072819646464
568534107875119105
568535405361913857
568542661684015105
568657247896788992
568787999036583936
568809617087696897
568846499431337984
568921407813521409
568925459540344833
568965774649520128
568981498046623744
569225085330071554
569233531483918337
569273409252827137
569273733334077440
569278644943757312
569287656607100929
569309864759050240
569310885191286784
569344334761316354
569349274049368064
569363188120207360
569428333500375040
569469169927720960
569480220203474944
569490427625086976
569495331399995392
569515688898875393
569529608862875648
569533799815630848
569540652935069696
569552426698723330
569587140490866689
569589319846854658
569596793941401601
569604400479649792
569604674715693057
569604909571678208
569605604416888832
569615100006440960
569616586178301952
569620452043317249
569621714046455808
569625607476158465
569628145030004736
569628503550906368
569629019412557826
569631041356320768
569641259826061312
569644766779936768
569657850856919041
569659515706028033
569674237079744512
569677478077136897
569677591055106048
569706320212787200
569714439517138944
569721721944735744
569730716692393984
569738845895335936
569745375713558528
569844379176853504
569857072310808578
569859218058162176
569862449559527426
569864863171764224
569878584967344128
569879623317659648
569891790343569408
569895618866315264
569899917935714305
569920723038416897
569921267601580032
569925091095646209
569928540004753409
569936348217352194
569941389208719360
569950482665308160
569957958634770432
569958642411122688
569958916668305408
569969447764566016
569972073201688576
569981026598043648
569983587572789248
569987227075239936
569988785330479104
570015876902232064
570021128032407552
570056859698270208
570270436463759360
570272511050383360
570280637946421249
570281731510571009
570298679250305024
570304178314190848
567731810910498816
567733228690083841
567742857411166208
567748208844365825
567751489754382336
567752680514330624
567753815634370560
567756326718431232
567757771953561600
567760872739975168
567778498723737600
567780076926693376
567816651900583936
567832250110337024
567842370533867520
567842466851905536
567842726861021184
567843811990376449
567846026507390976
567853001534210049
567872411418247169
567886091975462912
567893924699770880
567919829589442560
568037591687270400
568058084846911488
568066302818058240
568079446592385025
568111010856480768
568128904260685824
568134930137550848
568135319876468736
568139253194067968
568170036248092674
568177609281896449
568186002759671808
568212538778906624
568276805972570112
568382196081229824
568387549867036672
568456085536935936
568476370130628608
568513072819646464
568534107875119105
568535405361913857
568542661684015105
568657247896788992
568787999036583936
568809617087696897
568846499431337984
568921407813521409
568925459540344833
568965774649520128
568981498046623744
569225085330071554
569233531483918337
569273409252827137
569273733334077440
569278644943757312
569287656607100929
569309864759050240
569310885191286784
569344334761316354
569349274049368064
569363188120207360
569428333500375040
569469169927720960
569480220203474944
569490427625086976
569495331399995392
569515688898875393
569529608862875648
569533799815630848
569540652935069696
569552426698723330
569587140490866689
569589319846854658
569596793941401601
569604400479649792
569604674715693057
569604909571678208
569605604416888832
569615100006440960
569616586178301952
569620452043317249
569621714046455808
569625607476158465
569628145030004736
569628503550906368
569629019412557826
569631041356320768
569641259826061312
569644766779936768
569657850856919041
569659515706028033
569674237079744512
569677478077136897
569677591055106048
569706320212787200
569714439517138944
569721721944735744
569730716692393984
569738845895335936
569745375713558528
569844379176853504
569857072310808578
569859218058162176
569862449559527426
569864863171764224
569878584967344128
569879623317659648
569891790343569408
569895618866315264
569899917935714305
569920723038416897
569921267601580032
569925091095646209
569928540004753409
569936348217352194
569941389208719360
569950482665308160
569957958634770432
569958642411122688
569958916668305408
569969447764566016
569972073201688576
569981026598043648
569983587572789248
569987227075239936
569988785330479104
570015876902232064
570021128032407552
570056859698270208
570270436463759360
570272511050383360
570280637946421249
570281731510571009
570298679250305024
570304178314190848
567731810910498816
567733228690083841
567742857411166208
567748208844365825
567751489754382336
567752680514330624
567753815634370560
567756326718431232
567757771953561600
567760872739975168
567778498723737600
567780076926693376
567816651900583936
567832250110337024
567842370533867520
567842466851905536
567842726861021184
567843811990376449
567846026507390976
567853001534210049
567872411418247169
567886091975462912
567893924699770880
567919829589442560
568037591687270400
568058084846911488
568066302818058240
568079446592385025
568111010856480768
568128904260685824
568134930137550848
568135319876468736
568139253194067968
568170036248092674
568177609281896449
568186002759671808
568212538778906624
568276805972570112
568382196081229824
568387549867036672
568456085536935936
568476370130628608
568513072819646464
568534107875119105
568535405361913857
568542661684015105
568657247896788992
568787999036583936
568809617087696897
568846499431337984
568921407813521409
568925459540344833
568965774649520128
568981498046623744
569225085330071554
569233531483918337
569273409252827137
569273733334077440
569278644943757312
569287656607100929
569309864759050240
569310885191286784
569344334761316354
569349274049368064
569363188120207360
569428333500375040
569469169927720960
569480220203474944
569490427625086976
569495331399995392
569515688898875393
569529608862875648
569533799815630848
569540652935069696
569552426698723330
569587140490866689
569589319846854658
569596793941401601
569604400479649792
569604674715693057
569604909571678208
569605604416888832
569615100006440960
569616586178301952
569620452043317249
569621714046455808
569625607476158465
569628145030004736
569628503550906368
569629019412557826
569631041356320768
569641259826061312
569644766779936768
569657850856919041
569659515706028033
569674237079744512
569677478077136897
569677591055106048
569706320212787200
569714439517138944
569721721944735744
569730716692393984
569738845895335936
569745375713558528
569844379176853504
569857072310808578
569859218058162176
569862449559527426
569864863171764224
569878584967344128
569879623317659648
569891790343569408
569895618866315264
569899917935714305
569920723038416897
569921267601580032
569925091095646209
569928540004753409
569936348217352194
569941389208719360
569950482665308160
569957958634770432
569958642411122688
569958916668305408
569969447764566016
569972073201688576
569981026598043648
569983587572789248
569987227075239936
569988785330479104
570015876902232064
570021128032407552
570056859698270208
570270436463759360
570272511050383360
570280637946421249
570281731510571009
570298679250305024
570304178314190848
567731810910498816
567733228690083841
567742857411166208
567748208844365825
567751489754382336
567752680514330624
567753815634370560
567756326718431232
567757771953561600
567760872739975168
567778498723737600
567780076926693376
567816651900583936
567832250110337024
567842370533867520
567842466851905536
567842726861021184
567843811990376449
567846026507390976
567853001534210049
567872411418247169
567886091975462912
567893924699770880
567919829589442560
568037591687270400
568058084846911488
568066302818058240
568079446592385025
568111010856480768
568128904260685824
568134930137550848
568135319876468736
568139253194067968
568170036248092674
568177609281896449
568186002759671808
568212538778906624
568276805972570112
568382196081229824
568387549867036672
568456085536935936
568476370130628608
568513072819646464
568534107875119105
568535405361913857
568542661684015105
568657247896788992
568787999036583936
568809617087696897
568846499431337984
568921407813521409
568925459540344833
568965774649520128
568981498046623744
569225085330071554
569233531483918337
569273409252827137
569273733334077440
569278644943757312
569287656607100929
569309864759050240
569310885191286784
569344334761316354
569349274049368064
569363188120207360
569428333500375040
569469169927720960
569480220203474944
569490427625086976
569495331399995392
569515688898875393
569529608862875648
569533799815630848
569540652935069696
569552426698723330
569587140490866689
569589319846854658
569596793941401601
569604400479649792
569604674715693057
569604909571678208
569605604416888832
569615100006440960
569616586178301952
569620452043317249
569621714046455808
569625607476158465
569628145030004736
569628503550906368
569629019412557826
569631041356320768
569641259826061312
569644766779936768
569657850856919041
569659515706028033
569674237079744512
569677478077136897
569677591055106048
569706320212787200
569714439517138944
569721721944735744
569730716692393984
569738845895335936
569745375713558528
569844379176853504
569857072310808578
569859218058162176
569862449559527426
569864863171764224
569878584967344128
569879623317659648
569891790343569408
569895618866315264
569899917935714305
569920723038416897
569921267601580032
569925091095646209
569928540004753409
569936348217352194
569941389208719360
569950482665308160
569957958634770432
569958642411122688
569958916668305408
569969447764566016
569972073201688576
569981026598043648
569983587572789248
569987227075239936
569988785330479104
570015876902232064
570021128032407552
570056859698270208
570270436463759360
570272511050383360
570280637946421249
570281731510571009
570298679250305024
570304178314190848
