567670985403285504
567744963870752768
567753872967528448
567758699574226944
567773611591626752
567855926486667265
568034650477580289
568193817943257088
568221293914533889
568225650760413184
568442492569456640
568494910405517312
568574989688901632
568622478081306624
568626974278733826
568815354388078593
568851396923146240
568917792172351488
569220438397751299
569239947061927938
569302599591022592
569351220097216512
569520929128251392
569587663692554242
569720008630149120
567670985403285504
567744963870752768
567753872967528448
567758699574226944
567773611591626752
567855926486667265
568034650477580289
568193817943257088
568221293914533889
568225650760413184
568442492569456640
568494910405517312
568574989688901632
568622478081306624
568626974278733826
568815354388078593
568851396923146240
568917792172351488
569220438397751299
569239947061927938
569302599591022592
569351220097216512
569520929128251392
569587663692554242
569720008630149120
569824906638073856
567670985403285504
567744963870752768
567753872967528448
567758699574226944
567773611591626752
567855926486667265
568034650477580289
568193817943257088
568221293914533889
568225650760413184
568442492569456640
568494910405517312
568574989688901632
568622478081306624
568626974278733826
568815354388078593
568851396923146240
568917792172351488
569220438397751299
569239947061927938
569302599591022592
569351220097216512
569520929128251392
569587663692554242
569720008630149120
569824906638073856
569852965315584000
569893924942299136
569952664445808640
569984229393637377
570026470741032961
570060997907447810
570104704241307649
570177331358076929
570217450874146818
570232659282145280
570259131879309312
570298679250305024
570301395141836801
