569276854458310658
569459269394956288
569502353797173248
569632828478136320
569276854458310658
569459269394956288
569502353797173248
569632828478136320
569276854458310658
569459269394956288
569502353797173248
569632828478136320
570024174162485251
569276854458310658
569459269394956288
569502353797173248
569632828478136320
570024174162485251
569276854458310658
569459269394956288
569502353797173248
569632828478136320
570024174162485251
569276854458310658
569459269394956288
569502353797173248
569632828478136320
570024174162485251
569276854458310658
569459269394956288
569502353797173248
569632828478136320
570024174162485251
569276854458310658
569459269394956288
569502353797173248
569632828478136320
570024174162485251
