569064161747083266
569072664997801984
569079956912758784
569083218554519552
569088825420607488
569064161747083266
569072664997801984
569079956912758784
569083218554519552
569088825420607488
569064161747083266
569072664997801984
569079956912758784
569083218554519552
569088825420607488
569064161747083266
569072664997801984
569079956912758784
569083218554519552
569088825420607488
569064161747083266
569072664997801984
569079956912758784
569083218554519552
569088825420607488
569064161747083266
569072664997801984
569079956912758784
569083218554519552
569088825420607488
569064161747083266
569072664997801984
569079956912758784
569083218554519552
569088825420607488
569064161747083266
569072664997801984
569079956912758784
569083218554519552
569088825420607488
