567718653735731200
567753815634370560
567804350040416256
567804923782627330
568155246616121344
568162673981943808
568193698284118016
568245429491654656
568418165853540352
568624528131125248
568828240502128640
568854401802051584
569172570932690947
569174820308590592
569217929541238784
569247724496822272
569276518305820672
569302780013355008
569373258010660864
569375244751745025
569437674257276930
569492269000204288
569561754163769344
569618972535959552
569622656770646016
569646613183885312
569682010270101504
569697267856187392
569737333827887105
569754108321607680
569786809028255744
567718653735731200
567753815634370560
567804350040416256
567804923782627330
568155246616121344
568162673981943808
568193698284118016
568245429491654656
568418165853540352
568624528131125248
568828240502128640
568854401802051584
569172570932690947
569174820308590592
569217929541238784
569247724496822272
569276518305820672
569302780013355008
569373258010660864
569375244751745025
569437674257276930
569492269000204288
569561754163769344
569618972535959552
569622656770646016
569646613183885312
569682010270101504
569697267856187392
569737333827887105
569754108321607680
569786809028255744
569827699243544576
569837152332333056
567718653735731200
567753815634370560
567804350040416256
567804923782627330
568155246616121344
568162673981943808
568193698284118016
568245429491654656
568418165853540352
568624528131125248
568828240502128640
568854401802051584
569172570932690947
569174820308590592
569217929541238784
569247724496822272
569276518305820672
569302780013355008
569373258010660864
569375244751745025
569437674257276930
569492269000204288
569561754163769344
569618972535959552
569622656770646016
569646613183885312
569682010270101504
569697267856187392
569737333827887105
569754108321607680
569786809028255744
569827699243544576
569837152332333056
569871364603031553
569886288691773440
569903058299199488
569909641129402368
569911608278974465
569917869296758784
569944699877724160
569952639116447745
569967441591144450
569995961570856960
570033719609827328
570123495180410881
570247839563034624
570286925556424705
