567781176375803905
568079239343439872
568100973966569472
568148009722073089
568157857151102976
568173724974878720
568210310663835648
568419991030087681
568589019925368833
568620103895367680
568781819233091584
568795746721513472
568827568973066240
568884379600224258
568962582934978562
569336246474022912
569357497871437824
569364374755930112
569418351295926273
569490072975876097
569505479795326977
569547989007646721
569617089155211265
569657112109965312
569660363794468864
569692610543005697
569767473525862400
567781176375803905
568079239343439872
568100973966569472
568148009722073089
568157857151102976
568173724974878720
568210310663835648
568419991030087681
568589019925368833
568620103895367680
568781819233091584
568795746721513472
568827568973066240
568884379600224258
568962582934978562
569336246474022912
569357497871437824
569364374755930112
569418351295926273
569490072975876097
569505479795326977
569547989007646721
569617089155211265
569657112109965312
569660363794468864
569692610543005697
569767473525862400
569829960178905089
569830532516868097
567781176375803905
568079239343439872
568100973966569472
568148009722073089
568157857151102976
568173724974878720
568210310663835648
568419991030087681
568589019925368833
568620103895367680
568781819233091584
568795746721513472
568827568973066240
568884379600224258
568962582934978562
569336246474022912
569357497871437824
569364374755930112
569418351295926273
569490072975876097
569505479795326977
569547989007646721
569617089155211265
569657112109965312
569660363794468864
569692610543005697
569767473525862400
569829960178905089
569830532516868097
569927263040315392
569960311022850048
570002674747367424
570034025148108800
570034301774884865
570051666386374657
570083989601411072
570211810038521856
570222239603273729
567781176375803905
568079239343439872
568100973966569472
568148009722073089
568157857151102976
568173724974878720
568210310663835648
568419991030087681
568589019925368833
568620103895367680
568781819233091584
568795746721513472
568827568973066240
568884379600224258
568962582934978562
569336246474022912
569357497871437824
569364374755930112
569418351295926273
569490072975876097
569505479795326977
569547989007646721
569617089155211265
569657112109965312
569660363794468864
569692610543005697
569767473525862400
569829960178905089
569830532516868097
569927263040315392
569960311022850048
570002674747367424
570034025148108800
570034301774884865
570051666386374657
570083989601411072
570211810038521856
570222239603273729
567781176375803905
568079239343439872
568100973966569472
568148009722073089
568157857151102976
568173724974878720
568210310663835648
568419991030087681
568589019925368833
568620103895367680
568781819233091584
568795746721513472
568827568973066240
568884379600224258
568962582934978562
569336246474022912
569357497871437824
569364374755930112
569418351295926273
569490072975876097
569505479795326977
569547989007646721
569617089155211265
569657112109965312
569660363794468864
569692610543005697
569767473525862400
569829960178905089
569830532516868097
569927263040315392
569960311022850048
570002674747367424
570034025148108800
570034301774884865
570051666386374657
570083989601411072
570211810038521856
570222239603273729
567781176375803905
568079239343439872
568100973966569472
568148009722073089
568157857151102976
568173724974878720
568210310663835648
568419991030087681
568589019925368833
568620103895367680
568781819233091584
568795746721513472
568827568973066240
568884379600224258
568962582934978562
569336246474022912
569357497871437824
569364374755930112
569418351295926273
569490072975876097
569505479795326977
569547989007646721
569617089155211265
569657112109965312
569660363794468864
569692610543005697
569767473525862400
569829960178905089
569830532516868097
569927263040315392
569960311022850048
570002674747367424
570034025148108800
570034301774884865
570051666386374657
570083989601411072
570211810038521856
570222239603273729
567781176375803905
568079239343439872
568100973966569472
568148009722073089
568157857151102976
568173724974878720
568210310663835648
568419991030087681
568589019925368833
568620103895367680
568781819233091584
568795746721513472
568827568973066240
568884379600224258
568962582934978562
569336246474022912
569357497871437824
569364374755930112
569418351295926273
569490072975876097
569505479795326977
569547989007646721
569617089155211265
569657112109965312
569660363794468864
569692610543005697
569767473525862400
569829960178905089
569830532516868097
569927263040315392
569960311022850048
570002674747367424
570034025148108800
570034301774884865
570051666386374657
570083989601411072
570211810038521856
570222239603273729
567781176375803905
568079239343439872
568100973966569472
568148009722073089
568157857151102976
568173724974878720
568210310663835648
568419991030087681
568589019925368833
568620103895367680
568781819233091584
568795746721513472
568827568973066240
568884379600224258
568962582934978562
569336246474022912
569357497871437824
569364374755930112
569418351295926273
569490072975876097
569505479795326977
569547989007646721
569617089155211265
569657112109965312
569660363794468864
569692610543005697
569767473525862400
569829960178905089
569830532516868097
569927263040315392
569960311022850048
570002674747367424
570034025148108800
570034301774884865
570051666386374657
570083989601411072
570211810038521856
570222239603273729
