567800329824399360
567918161540046848
568183502161743873
568401790250700800
568789565483454464
569129269139537920
569490688569679872
569646045656948737
569744079027896320
569748687812845568
567800329824399360
567918161540046848
568183502161743873
568401790250700800
568789565483454464
569129269139537920
569490688569679872
569646045656948737
569744079027896320
569748687812845568
567800329824399360
567918161540046848
568183502161743873
568401790250700800
568789565483454464
569129269139537920
569490688569679872
569646045656948737
569744079027896320
569748687812845568
567800329824399360
567918161540046848
568183502161743873
568401790250700800
568789565483454464
569129269139537920
569490688569679872
569646045656948737
569744079027896320
569748687812845568
567800329824399360
567918161540046848
568183502161743873
568401790250700800
568789565483454464
569129269139537920
569490688569679872
569646045656948737
569744079027896320
569748687812845568
567800329824399360
567918161540046848
568183502161743873
568401790250700800
568789565483454464
569129269139537920
569490688569679872
569646045656948737
569744079027896320
569748687812845568
567800329824399360
567918161540046848
568183502161743873
568401790250700800
568789565483454464
569129269139537920
569490688569679872
569646045656948737
569744079027896320
569748687812845568
567800329824399360
567918161540046848
568183502161743873
568401790250700800
568789565483454464
569129269139537920
569490688569679872
569646045656948737
569744079027896320
569748687812845568
