567728227465310208
568224469480833024
569766662024630272
567728227465310208
568224469480833024
569766662024630272
567728227465310208
568224469480833024
569766662024630272
569915419018067968
567728227465310208
568224469480833024
569766662024630272
569915419018067968
567728227465310208
568224469480833024
569766662024630272
569915419018067968
567728227465310208
568224469480833024
569766662024630272
569915419018067968
567728227465310208
568224469480833024
569766662024630272
569915419018067968
567728227465310208
568224469480833024
569766662024630272
569915419018067968
