567728679426326528
567747769176432640
567760115579621376
567780624531222528
568030511530172416
568055537952284672
568105932917481472
568195153464143872
568222090769379328
568418165853540352
568448242804871168
568527941723774976
568621033273602048
568671211430891520
568786315820470272
568858974281314304
568859651980156928
568862460519813120
568945639834267648
568946686896132096
568957173692108800
569015669347319808
569086048388538368
569149498183659520
569232480181489665
569328854948573187
569374298168791040
569461666695524352
569500030459117568
569512132494159872
569521573268480002
569529412196167682
569576099018985472
569601869598867456
569610485101768704
569630959718551552
569645294708609025
569673939183493120
569678065422311424
569683366632493056
569684820604817408
569708507961950209
569759259480600577
569769708569767936
567728679426326528
567747769176432640
567760115579621376
567780624531222528
568030511530172416
568055537952284672
568105932917481472
568195153464143872
568222090769379328
568418165853540352
568448242804871168
568527941723774976
568621033273602048
568671211430891520
568786315820470272
568858974281314304
568859651980156928
568862460519813120
568945639834267648
568946686896132096
568957173692108800
569015669347319808
569086048388538368
569149498183659520
569232480181489665
569328854948573187
569374298168791040
569461666695524352
569500030459117568
569512132494159872
569521573268480002
569529412196167682
569576099018985472
569601869598867456
569610485101768704
569630959718551552
569645294708609025
569673939183493120
569678065422311424
569683366632493056
569684820604817408
569708507961950209
569759259480600577
569769708569767936
569835167944019968
567728679426326528
567747769176432640
567760115579621376
567780624531222528
568030511530172416
568055537952284672
568105932917481472
568195153464143872
568222090769379328
568418165853540352
568448242804871168
568527941723774976
568621033273602048
568671211430891520
568786315820470272
568858974281314304
568859651980156928
568862460519813120
568945639834267648
568946686896132096
568957173692108800
569015669347319808
569086048388538368
569149498183659520
569232480181489665
569328854948573187
569374298168791040
569461666695524352
569500030459117568
569512132494159872
569521573268480002
569529412196167682
569576099018985472
569601869598867456
569610485101768704
569630959718551552
569645294708609025
569673939183493120
569678065422311424
569683366632493056
569684820604817408
569708507961950209
569759259480600577
569769708569767936
569835167944019968
569854492126146560
569856109613166593
569934170819948544
570022372901847042
570022715072983041
570027031326535680
570226104839090176
570237238631669763
567728679426326528
567747769176432640
567760115579621376
567780624531222528
568030511530172416
568055537952284672
568105932917481472
568195153464143872
568222090769379328
568418165853540352
568448242804871168
568527941723774976
568621033273602048
568671211430891520
568786315820470272
568858974281314304
568859651980156928
568862460519813120
568945639834267648
568946686896132096
568957173692108800
569015669347319808
569086048388538368
569149498183659520
569232480181489665
569328854948573187
569374298168791040
569461666695524352
569500030459117568
569512132494159872
569521573268480002
569529412196167682
569576099018985472
569601869598867456
569610485101768704
569630959718551552
569645294708609025
569673939183493120
569678065422311424
569683366632493056
569684820604817408
569708507961950209
569759259480600577
569769708569767936
569835167944019968
569854492126146560
569856109613166593
569934170819948544
570022372901847042
570022715072983041
570027031326535680
570226104839090176
570237238631669763
567728679426326528
567747769176432640
567760115579621376
567780624531222528
568030511530172416
568055537952284672
568105932917481472
568195153464143872
568222090769379328
568418165853540352
568448242804871168
568527941723774976
568621033273602048
568671211430891520
568786315820470272
568858974281314304
568859651980156928
568862460519813120
568945639834267648
568946686896132096
568957173692108800
569015669347319808
569086048388538368
569149498183659520
569232480181489665
569328854948573187
569374298168791040
569461666695524352
569500030459117568
569512132494159872
569521573268480002
569529412196167682
569576099018985472
569601869598867456
569610485101768704
569630959718551552
569645294708609025
569673939183493120
569678065422311424
569683366632493056
569684820604817408
569708507961950209
569759259480600577
569769708569767936
569835167944019968
569854492126146560
569856109613166593
569934170819948544
570022372901847042
570022715072983041
570027031326535680
570226104839090176
570237238631669763
567728679426326528
567747769176432640
567760115579621376
567780624531222528
568030511530172416
568055537952284672
568105932917481472
568195153464143872
568222090769379328
568418165853540352
568448242804871168
568527941723774976
568621033273602048
568671211430891520
568786315820470272
568858974281314304
568859651980156928
568862460519813120
568945639834267648
568946686896132096
568957173692108800
569015669347319808
569086048388538368
569149498183659520
569232480181489665
569328854948573187
569374298168791040
569461666695524352
569500030459117568
569512132494159872
569521573268480002
569529412196167682
569576099018985472
569601869598867456
569610485101768704
569630959718551552
569645294708609025
569673939183493120
569678065422311424
569683366632493056
569684820604817408
569708507961950209
569759259480600577
569769708569767936
569835167944019968
569854492126146560
569856109613166593
569934170819948544
570022372901847042
570022715072983041
570027031326535680
570226104839090176
570237238631669763
567728679426326528
567747769176432640
567760115579621376
567780624531222528
568030511530172416
568055537952284672
568105932917481472
568195153464143872
568222090769379328
568418165853540352
568448242804871168
568527941723774976
568621033273602048
568671211430891520
568786315820470272
568858974281314304
568859651980156928
568862460519813120
568945639834267648
568946686896132096
568957173692108800
569015669347319808
569086048388538368
569149498183659520
569232480181489665
569328854948573187
569374298168791040
569461666695524352
569500030459117568
569512132494159872
569521573268480002
569529412196167682
569576099018985472
569601869598867456
569610485101768704
569630959718551552
569645294708609025
569673939183493120
569678065422311424
569683366632493056
569684820604817408
569708507961950209
569759259480600577
569769708569767936
569835167944019968
569854492126146560
569856109613166593
569934170819948544
570022372901847042
570022715072983041
570027031326535680
570226104839090176
570237238631669763
567728679426326528
567747769176432640
567760115579621376
567780624531222528
568030511530172416
568055537952284672
568105932917481472
568195153464143872
568222090769379328
568418165853540352
568448242804871168
568527941723774976
568621033273602048
568671211430891520
568786315820470272
568858974281314304
568859651980156928
568862460519813120
568945639834267648
568946686896132096
568957173692108800
569015669347319808
569086048388538368
569149498183659520
569232480181489665
569328854948573187
569374298168791040
569461666695524352
569500030459117568
569512132494159872
569521573268480002
569529412196167682
569576099018985472
569601869598867456
569610485101768704
569630959718551552
569645294708609025
569673939183493120
569678065422311424
569683366632493056
569684820604817408
569708507961950209
569759259480600577
569769708569767936
569835167944019968
569854492126146560
569856109613166593
569934170819948544
570022372901847042
570022715072983041
570027031326535680
570226104839090176
570237238631669763
