567722844319404033
567887437998997504
568085705479618560
568174911841177600
568490899396829186
568797768162127872
569496793668591617
569496936157487104
569588651925098496
569596364197199873
569604659712811009
569613284455948289
567722844319404033
567887437998997504
568085705479618560
568174911841177600
568490899396829186
568797768162127872
569496793668591617
569496936157487104
569588651925098496
569596364197199873
569604659712811009
569613284455948289
569826633152110592
567722844319404033
567887437998997504
568085705479618560
568174911841177600
568490899396829186
568797768162127872
569496793668591617
569496936157487104
569588651925098496
569596364197199873
569604659712811009
569613284455948289
569826633152110592
569899859995693056
569917117576949760
569935522497478656
569971526876962819
569977008077148161
569978312157589504
569998043761803264
570009135519035392
570015373447159808
570017357747380224
570024409630515202
570093520909832192
570192546367975424
570220966284025857
570240764812378112
570250470289068032
570258457804189696
570272714205863936
570298644475346945
