567732284959113216
568134058242400256
569293965448458240
567732284959113216
568134058242400256
569293965448458240
567732284959113216
568134058242400256
569293965448458240
569905336380989440
567732284959113216
568134058242400256
569293965448458240
569905336380989440
567732284959113216
568134058242400256
569293965448458240
569905336380989440
567732284959113216
568134058242400256
569293965448458240
569905336380989440
567732284959113216
568134058242400256
569293965448458240
569905336380989440
567732284959113216
568134058242400256
569293965448458240
569905336380989440
