567791526370365440
568210743390117888
568854082536001536
567791526370365440
568210743390117888
568854082536001536
567791526370365440
568210743390117888
568854082536001536
570283254743506944
567791526370365440
568210743390117888
568854082536001536
570283254743506944
567791526370365440
568210743390117888
568854082536001536
570283254743506944
567791526370365440
568210743390117888
568854082536001536
570283254743506944
567791526370365440
568210743390117888
568854082536001536
570283254743506944
567791526370365440
568210743390117888
568854082536001536
570283254743506944
