568055724078706689
568280527305715712
568457483301339136
568499629043687426
568574989688901632
568595620002279424
568644260129419264
568878121958694912
568923233866555392
568945958970531840
568957349534289920
569310253315174400
569535503827017730
569610889214754816
569651470615887872
568055724078706689
568280527305715712
568457483301339136
568499629043687426
568574989688901632
568595620002279424
568644260129419264
568878121958694912
568923233866555392
568945958970531840
568957349534289920
569310253315174400
569535503827017730
569610889214754816
569651470615887872
568055724078706689
568280527305715712
568457483301339136
568499629043687426
568574989688901632
568595620002279424
568644260129419264
568878121958694912
568923233866555392
568945958970531840
568957349534289920
569310253315174400
569535503827017730
569610889214754816
569651470615887872
569852332797775872
569857157778132993
570163259560452097
570188684881821696
570246963901427713
