567773445195583488
567856962521661440
567875758053400576
568160511264571392
568488247514554369
568490310524936192
568649053711380480
568825791644966912
568935494375108608
569227372223811584
569277733416513536
569525150263214080
569576624158437376
569591642367401984
569641346316640256
569683734951170048
569723985262354433
569724682695368705
567773445195583488
567856962521661440
567875758053400576
568160511264571392
568488247514554369
568490310524936192
568649053711380480
568825791644966912
568935494375108608
569227372223811584
569277733416513536
569525150263214080
569576624158437376
569591642367401984
569641346316640256
569683734951170048
569723985262354433
569724682695368705
567773445195583488
567856962521661440
567875758053400576
568160511264571392
568488247514554369
568490310524936192
568649053711380480
568825791644966912
568935494375108608
569227372223811584
569277733416513536
569525150263214080
569576624158437376
569591642367401984
569641346316640256
569683734951170048
569723985262354433
569724682695368705
569863765451255809
569869960195006464
569910410343804928
570006834674835456
570175761468030977
570253859412529152
570286925556424705
