567801079388471296
567813042576199680
568104590387884032
568107363195973633
568435677190336512
568438982301917184
568491765910659072
568608718994026496
568849994167529472
568918820632403969
569314329276715010
569480220203474944
569630148468670464
567801079388471296
567813042576199680
568104590387884032
568107363195973633
568435677190336512
568438982301917184
568491765910659072
568608718994026496
568849994167529472
568918820632403969
569314329276715010
569480220203474944
569630148468670464
567801079388471296
567813042576199680
568104590387884032
568107363195973633
568435677190336512
568438982301917184
568491765910659072
568608718994026496
568849994167529472
568918820632403969
569314329276715010
569480220203474944
569630148468670464
569846356409339906
569870252508635136
569939966584852480
570008443626647552
