567663504102940672
567721945954009088
567731810910498816
567738484082114561
567744887664439298
567745845781864449
567769620648828929
567773445195583488
567773609939058688
567783713833234432
567794802394406912
567801519207374849
567802829567467520
567827498660159489
567840815331991552
567849597931888640
567867498126770176
567878078782898176
567880908528832513
567882603405008896
567883246433878018
567885982340636672
567899906150703104
567916798747619328
567939242854215680
567969159927205888
568005542997860352
568029222574407680
568056665821413376
568064947214782464
568088470712950784
568152863962238976
568153752533733376
568163524314144768
568168505998229505
568173938292985858
568176078595985408
568201465958772736
568209603332214784
568213658117005314
568263079789608961
568371161484161025
568377392420356096
568438018572300289
568439319779790848
568460278662193152
568481405681999872
568497723109974016
568552775325364224
568553101587832832
568560914779078656
568572753403650049
568573661378174976
568584434376577024
568591345801158656
568608718994026496
568611474416906240
568644260129419264
568645962425446401
568676407729131520
568695647202717696
568706442850660352
568777504368005120
568812046747201537
568815893641211905
568824537338417154
568828267660054528
568845539405656064
568845552114405376
568866106317746176
568870394708545536
568873730182504448
568965774649520128
568972783234912257
569152740414218240
569164614921019392
569177868221202432
569213183455563776
569231763173560320
569259688887492608
569261347688607744
569278644943757312
569330337735696385
569343607326547968
569377633894445056
569394918675783681
569531988702576640
569533202835984385
569534372954681344
569550290753445889
569588348593025024
569597072350978048
569598991463268352
569600295833116672
569601264679559168
569602069335838720
569604777962643457
569615215144226816
569621879633391616
569622208588468224
569625782181617664
569627770613063680
569633282855301120
569634729324122112
569641346316640256
569648229295329280
569652510794887168
569658903044218880
569659230929555456
569660111976689664
569661233923629056
569669381128654848
569671435309809664
569672763536842752
569683748901367808
569685581787205632
569700071484338177
569701550039429121
569704219315318784
569705813142409217
569715074505420802
569716576850731008
569720247948861440
569724281334034432
569729569428627456
569737259999571968
569748316776325120
569770321563279360
569805215605456896
567663504102940672
567721945954009088
567731810910498816
567738484082114561
567744887664439298
567745845781864449
567769620648828929
567773445195583488
567773609939058688
567783713833234432
567794802394406912
567801519207374849
567802829567467520
567827498660159489
567840815331991552
567849597931888640
567867498126770176
567878078782898176
567880908528832513
567882603405008896
567883246433878018
567885982340636672
567899906150703104
567916798747619328
567939242854215680
567969159927205888
568005542997860352
568029222574407680
568056665821413376
568064947214782464
568088470712950784
568152863962238976
568153752533733376
568163524314144768
568168505998229505
568173938292985858
568176078595985408
568201465958772736
568209603332214784
568213658117005314
568263079789608961
568371161484161025
568377392420356096
568438018572300289
568439319779790848
568460278662193152
568481405681999872
568497723109974016
568552775325364224
568553101587832832
568560914779078656
568572753403650049
568573661378174976
568584434376577024
568591345801158656
568608718994026496
568611474416906240
568644260129419264
568645962425446401
568676407729131520
568695647202717696
568706442850660352
568777504368005120
568812046747201537
568815893641211905
568824537338417154
568828267660054528
568845539405656064
568845552114405376
568866106317746176
568870394708545536
568873730182504448
568965774649520128
568972783234912257
569152740414218240
569164614921019392
569177868221202432
569213183455563776
569231763173560320
569259688887492608
569261347688607744
569278644943757312
569330337735696385
569343607326547968
569377633894445056
569394918675783681
569531988702576640
569533202835984385
569534372954681344
569550290753445889
569588348593025024
569597072350978048
569598991463268352
569600295833116672
569601264679559168
569602069335838720
569604777962643457
569615215144226816
569621879633391616
569622208588468224
569625782181617664
569627770613063680
569633282855301120
569634729324122112
569641346316640256
569648229295329280
569652510794887168
569658903044218880
569659230929555456
569660111976689664
569661233923629056
569669381128654848
569671435309809664
569672763536842752
569683748901367808
569685581787205632
569700071484338177
569701550039429121
569704219315318784
569705813142409217
569715074505420802
569716576850731008
569720247948861440
569724281334034432
569729569428627456
569737259999571968
569748316776325120
569770321563279360
569805215605456896
569837569392967680
567663504102940672
567721945954009088
567731810910498816
567738484082114561
567744887664439298
567745845781864449
567769620648828929
567773445195583488
567773609939058688
567783713833234432
567794802394406912
567801519207374849
567802829567467520
567827498660159489
567840815331991552
567849597931888640
567867498126770176
567878078782898176
567880908528832513
567882603405008896
567883246433878018
567885982340636672
567899906150703104
567916798747619328
567939242854215680
567969159927205888
568005542997860352
568029222574407680
568056665821413376
568064947214782464
568088470712950784
568152863962238976
568153752533733376
568163524314144768
568168505998229505
568173938292985858
568176078595985408
568201465958772736
568209603332214784
568213658117005314
568263079789608961
568371161484161025
568377392420356096
568438018572300289
568439319779790848
568460278662193152
568481405681999872
568497723109974016
568552775325364224
568553101587832832
568560914779078656
568572753403650049
568573661378174976
568584434376577024
568591345801158656
568608718994026496
568611474416906240
568644260129419264
568645962425446401
568676407729131520
568695647202717696
568706442850660352
568777504368005120
568812046747201537
568815893641211905
568824537338417154
568828267660054528
568845539405656064
568845552114405376
568866106317746176
568870394708545536
568873730182504448
568965774649520128
568972783234912257
569152740414218240
569164614921019392
569177868221202432
569213183455563776
569231763173560320
569259688887492608
569261347688607744
569278644943757312
569330337735696385
569343607326547968
569377633894445056
569394918675783681
569531988702576640
569533202835984385
569534372954681344
569550290753445889
569588348593025024
569597072350978048
569598991463268352
569600295833116672
569601264679559168
569602069335838720
569604777962643457
569615215144226816
569621879633391616
569622208588468224
569625782181617664
569627770613063680
569633282855301120
569634729324122112
569641346316640256
569648229295329280
569652510794887168
569658903044218880
569659230929555456
569660111976689664
569661233923629056
569669381128654848
569671435309809664
569672763536842752
569683748901367808
569685581787205632
569700071484338177
569701550039429121
569704219315318784
569705813142409217
569715074505420802
569716576850731008
569720247948861440
569724281334034432
569729569428627456
569737259999571968
569748316776325120
569770321563279360
569805215605456896
569837569392967680
569850239789568000
569851952282112000
569865011788693504
569866490423349248
569873019499192320
569877301959065600
569879528891416577
569888119043915776
569892686624198657
569893064342437888
569896666465087488
569899437662863360
569899859995693056
569900705852608513
569903088632352769
569907544124219392
569914377442340865
569917869296758784
569930805688053761
569937119411462144
569944699877724160
569948356933332992
569954583209881600
569967045544005632
569972447329574912
569972513721229312
569974234908389376
569983093341347842
569986029463011328
569988762085806081
569989023478841345
569994045205803009
570002236065116160
570006834674835456
570007297927221249
570009228867293185
570019476235788288
570048726380765184
570050881879568384
570054549915873280
570055285500469248
570056907634798593
570057871058079745
570084871101661184
570085132251598850
570093520909832192
570100947923419136
570101550787350528
570115366023770112
570128126480674816
570134947828080640
570139364178530304
570181406787301378
570189507447775234
570197589280366592
570205132094349312
570216086173581312
570223703285477376
570227199766179840
570240764812378112
570246108699627521
570249102404923392
570265811623002112
570267457841033216
570270216694968320
570281010606120960
570281470507352064
570288282413633536
570295637708816384
570297970891075584
570305078470557697
