569345780244312067
569361887659294720
569368352868556800
569496068255195137
569602798867881985
569608257607737344
569642757767081984
569345780244312067
569361887659294720
569368352868556800
569496068255195137
569602798867881985
569608257607737344
569642757767081984
569345780244312067
569361887659294720
569368352868556800
569496068255195137
569602798867881985
569608257607737344
569642757767081984
569345780244312067
569361887659294720
569368352868556800
569496068255195137
569602798867881985
569608257607737344
569642757767081984
569345780244312067
569361887659294720
569368352868556800
569496068255195137
569602798867881985
569608257607737344
569642757767081984
569345780244312067
569361887659294720
569368352868556800
569496068255195137
569602798867881985
569608257607737344
569642757767081984
569345780244312067
569361887659294720
569368352868556800
569496068255195137
569602798867881985
569608257607737344
569642757767081984
569345780244312067
569361887659294720
569368352868556800
569496068255195137
569602798867881985
569608257607737344
569642757767081984
