567878436909228033
567893710949588993
568446450700558336
568608189089869825
568794864533385216
568951532252585987
569089388350738432
569540668403662849
569621991852019713
567878436909228033
567893710949588993
568446450700558336
568608189089869825
568794864533385216
568951532252585987
569089388350738432
569540668403662849
569621991852019713
567878436909228033
567893710949588993
568446450700558336
568608189089869825
568794864533385216
568951532252585987
569089388350738432
569540668403662849
569621991852019713
569970659297792000
570052879643381760
567878436909228033
567893710949588993
568446450700558336
568608189089869825
568794864533385216
568951532252585987
569089388350738432
569540668403662849
569621991852019713
569970659297792000
570052879643381760
567878436909228033
567893710949588993
568446450700558336
568608189089869825
568794864533385216
568951532252585987
569089388350738432
569540668403662849
569621991852019713
569970659297792000
570052879643381760
567878436909228033
567893710949588993
568446450700558336
568608189089869825
568794864533385216
568951532252585987
569089388350738432
569540668403662849
569621991852019713
569970659297792000
570052879643381760
567878436909228033
567893710949588993
568446450700558336
568608189089869825
568794864533385216
568951532252585987
569089388350738432
569540668403662849
569621991852019713
569970659297792000
570052879643381760
567878436909228033
567893710949588993
568446450700558336
568608189089869825
568794864533385216
568951532252585987
569089388350738432
569540668403662849
569621991852019713
569970659297792000
570052879643381760
