567738031398866944
567811142924656640
568118981170606080
568581984055906304
568918759664021504
568925579933671424
569217012980805632
569226313220947969
567738031398866944
567811142924656640
568118981170606080
568581984055906304
568918759664021504
568925579933671424
569217012980805632
569226313220947969
567738031398866944
567811142924656640
568118981170606080
568581984055906304
568918759664021504
568925579933671424
569217012980805632
569226313220947969
570253932880007168
567738031398866944
567811142924656640
568118981170606080
568581984055906304
568918759664021504
568925579933671424
569217012980805632
569226313220947969
570253932880007168
567738031398866944
567811142924656640
568118981170606080
568581984055906304
568918759664021504
568925579933671424
569217012980805632
569226313220947969
570253932880007168
567738031398866944
567811142924656640
568118981170606080
568581984055906304
568918759664021504
568925579933671424
569217012980805632
569226313220947969
570253932880007168
567738031398866944
567811142924656640
568118981170606080
568581984055906304
568918759664021504
568925579933671424
569217012980805632
569226313220947969
570253932880007168
567738031398866944
567811142924656640
568118981170606080
568581984055906304
568918759664021504
568925579933671424
569217012980805632
569226313220947969
570253932880007168
