567803109687443456
567811268900556802
567971836321009664
568078627687890946
568086132346322945
568094681256497152
568243352258236416
568248102018285570
568252909231738880
568266347450273793
568298411163852800
568422177571258368
568495808053702656
568631066736529409
568793043664560128
568794464749264896
568838743030956032
568901823215448064
568913508936458240
568937741037088768
569011185439285248
569103591966793728
569117839308800001
569186762947493888
569187853412012032
569247769166266368
569308224551309313
569483821080453121
569516736162050048
569573528149716992
569596665864130562
569598588378087426
569628053648904195
569639587842281473
569642526065471488
569669129130647552
569679642447052800
569690742169292802
569715248720007169
569746271336062978
567803109687443456
567811268900556802
567971836321009664
568078627687890946
568086132346322945
568094681256497152
568243352258236416
568248102018285570
568252909231738880
568266347450273793
568298411163852800
568422177571258368
568495808053702656
568631066736529409
568793043664560128
568794464749264896
568838743030956032
568901823215448064
568913508936458240
568937741037088768
569011185439285248
569103591966793728
569117839308800001
569186762947493888
569187853412012032
569247769166266368
569308224551309313
569483821080453121
569516736162050048
569573528149716992
569596665864130562
569598588378087426
569628053648904195
569639587842281473
569642526065471488
569669129130647552
569679642447052800
569690742169292802
569715248720007169
569746271336062978
567803109687443456
567811268900556802
567971836321009664
568078627687890946
568086132346322945
568094681256497152
568243352258236416
568248102018285570
568252909231738880
568266347450273793
568298411163852800
568422177571258368
568495808053702656
568631066736529409
568793043664560128
568794464749264896
568838743030956032
568901823215448064
568913508936458240
568937741037088768
569011185439285248
569103591966793728
569117839308800001
569186762947493888
569187853412012032
569247769166266368
569308224551309313
569483821080453121
569516736162050048
569573528149716992
569596665864130562
569598588378087426
569628053648904195
569639587842281473
569642526065471488
569669129130647552
569679642447052800
569690742169292802
569715248720007169
569746271336062978
569851241922207746
569877197093097472
569883910735159297
569914957552353280
569938470589718528
569974508435562496
569985813712392194
570012421345005568
570014884651380736
570056984986300418
570059874480091136
570179344833708033
570207643874123777
570278679491670016
570284312697765888
567803109687443456
567811268900556802
567971836321009664
568078627687890946
568086132346322945
568094681256497152
568243352258236416
568248102018285570
568252909231738880
568266347450273793
568298411163852800
568422177571258368
568495808053702656
568631066736529409
568793043664560128
568794464749264896
568838743030956032
568901823215448064
568913508936458240
568937741037088768
569011185439285248
569103591966793728
569117839308800001
569186762947493888
569187853412012032
569247769166266368
569308224551309313
569483821080453121
569516736162050048
569573528149716992
569596665864130562
569598588378087426
569628053648904195
569639587842281473
569642526065471488
569669129130647552
569679642447052800
569690742169292802
569715248720007169
569746271336062978
569851241922207746
569877197093097472
569883910735159297
569914957552353280
569938470589718528
569974508435562496
569985813712392194
570012421345005568
570014884651380736
570056984986300418
570059874480091136
570179344833708033
570207643874123777
570278679491670016
570284312697765888
567803109687443456
567811268900556802
567971836321009664
568078627687890946
568086132346322945
568094681256497152
568243352258236416
568248102018285570
568252909231738880
568266347450273793
568298411163852800
568422177571258368
568495808053702656
568631066736529409
568793043664560128
568794464749264896
568838743030956032
568901823215448064
568913508936458240
568937741037088768
569011185439285248
569103591966793728
569117839308800001
569186762947493888
569187853412012032
569247769166266368
569308224551309313
569483821080453121
569516736162050048
569573528149716992
569596665864130562
569598588378087426
569628053648904195
569639587842281473
569642526065471488
569669129130647552
569679642447052800
569690742169292802
569715248720007169
569746271336062978
569851241922207746
569877197093097472
569883910735159297
569914957552353280
569938470589718528
569974508435562496
569985813712392194
570012421345005568
570014884651380736
570056984986300418
570059874480091136
570179344833708033
570207643874123777
570278679491670016
570284312697765888
567803109687443456
567811268900556802
567971836321009664
568078627687890946
568086132346322945
568094681256497152
568243352258236416
568248102018285570
568252909231738880
568266347450273793
568298411163852800
568422177571258368
568495808053702656
568631066736529409
568793043664560128
568794464749264896
568838743030956032
568901823215448064
568913508936458240
568937741037088768
569011185439285248
569103591966793728
569117839308800001
569186762947493888
569187853412012032
569247769166266368
569308224551309313
569483821080453121
569516736162050048
569573528149716992
569596665864130562
569598588378087426
569628053648904195
569639587842281473
569642526065471488
569669129130647552
569679642447052800
569690742169292802
569715248720007169
569746271336062978
569851241922207746
569877197093097472
569883910735159297
569914957552353280
569938470589718528
569974508435562496
569985813712392194
570012421345005568
570014884651380736
570056984986300418
570059874480091136
570179344833708033
570207643874123777
570278679491670016
570284312697765888
567803109687443456
567811268900556802
567971836321009664
568078627687890946
568086132346322945
568094681256497152
568243352258236416
568248102018285570
568252909231738880
568266347450273793
568298411163852800
568422177571258368
568495808053702656
568631066736529409
568793043664560128
568794464749264896
568838743030956032
568901823215448064
568913508936458240
568937741037088768
569011185439285248
569103591966793728
569117839308800001
569186762947493888
569187853412012032
569247769166266368
569308224551309313
569483821080453121
569516736162050048
569573528149716992
569596665864130562
569598588378087426
569628053648904195
569639587842281473
569642526065471488
569669129130647552
569679642447052800
569690742169292802
569715248720007169
569746271336062978
569851241922207746
569877197093097472
569883910735159297
569914957552353280
569938470589718528
569974508435562496
569985813712392194
570012421345005568
570014884651380736
570056984986300418
570059874480091136
570179344833708033
570207643874123777
570278679491670016
570284312697765888
567803109687443456
567811268900556802
567971836321009664
568078627687890946
568086132346322945
568094681256497152
568243352258236416
568248102018285570
568252909231738880
568266347450273793
568298411163852800
568422177571258368
568495808053702656
568631066736529409
568793043664560128
568794464749264896
568838743030956032
568901823215448064
568913508936458240
568937741037088768
569011185439285248
569103591966793728
569117839308800001
569186762947493888
569187853412012032
569247769166266368
569308224551309313
569483821080453121
569516736162050048
569573528149716992
569596665864130562
569598588378087426
569628053648904195
569639587842281473
569642526065471488
569669129130647552
569679642447052800
569690742169292802
569715248720007169
569746271336062978
569851241922207746
569877197093097472
569883910735159297
569914957552353280
569938470589718528
569974508435562496
569985813712392194
570012421345005568
570014884651380736
570056984986300418
570059874480091136
570179344833708033
570207643874123777
570278679491670016
570284312697765888
