567790995148783616
567830991491997696
568101444391276544
568560083103137793
569211553930743809
569310249859080192
567790995148783616
567830991491997696
568101444391276544
568560083103137793
569211553930743809
569310249859080192
567790995148783616
567830991491997696
568101444391276544
568560083103137793
569211553930743809
569310249859080192
569960988499275776
569968197224439809
569974833418600449
570186533258416133
567790995148783616
567830991491997696
568101444391276544
568560083103137793
569211553930743809
569310249859080192
569960988499275776
569968197224439809
569974833418600449
570186533258416133
567790995148783616
567830991491997696
568101444391276544
568560083103137793
569211553930743809
569310249859080192
569960988499275776
569968197224439809
569974833418600449
570186533258416133
567790995148783616
567830991491997696
568101444391276544
568560083103137793
569211553930743809
569310249859080192
569960988499275776
569968197224439809
569974833418600449
570186533258416133
567790995148783616
567830991491997696
568101444391276544
568560083103137793
569211553930743809
569310249859080192
569960988499275776
569968197224439809
569974833418600449
570186533258416133
567790995148783616
567830991491997696
568101444391276544
568560083103137793
569211553930743809
569310249859080192
569960988499275776
569968197224439809
569974833418600449
570186533258416133
