567728229340172288
567832862130577408
567842439911858176
567863445422546944
568266347450273793
568396913726382080
568421124201017345
568569972529745920
569135011322064897
569264328186179584
569604507405037569
567728229340172288
567832862130577408
567842439911858176
567863445422546944
568266347450273793
568396913726382080
568421124201017345
568569972529745920
569135011322064897
569264328186179584
569604507405037569
567728229340172288
567832862130577408
567842439911858176
567863445422546944
568266347450273793
568396913726382080
568421124201017345
568569972529745920
569135011322064897
569264328186179584
569604507405037569
569859950215700480
569939265154617344
570222998919225344
567728229340172288
567832862130577408
567842439911858176
567863445422546944
568266347450273793
568396913726382080
568421124201017345
568569972529745920
569135011322064897
569264328186179584
569604507405037569
569859950215700480
569939265154617344
570222998919225344
567728229340172288
567832862130577408
567842439911858176
567863445422546944
568266347450273793
568396913726382080
568421124201017345
568569972529745920
569135011322064897
569264328186179584
569604507405037569
569859950215700480
569939265154617344
570222998919225344
567728229340172288
567832862130577408
567842439911858176
567863445422546944
568266347450273793
568396913726382080
568421124201017345
568569972529745920
569135011322064897
569264328186179584
569604507405037569
569859950215700480
569939265154617344
570222998919225344
567728229340172288
567832862130577408
567842439911858176
567863445422546944
568266347450273793
568396913726382080
568421124201017345
568569972529745920
569135011322064897
569264328186179584
569604507405037569
569859950215700480
569939265154617344
570222998919225344
567728229340172288
567832862130577408
567842439911858176
567863445422546944
568266347450273793
568396913726382080
568421124201017345
568569972529745920
569135011322064897
569264328186179584
569604507405037569
569859950215700480
569939265154617344
570222998919225344
