567754392682901504
567896040982069249
567922347669262336
567925957090238464
568095014435229696
568111779705958400
568113981866446848
568169732895051777
568200350697717760
568228505160433665
568255924130983936
568414700326797312
568444091836604416
568510886324744193
568515553666539520
568634515884789761
568797768162127872
568823817679847425
568959870445031424
568995277580996609
569282410170314753
569366479008862208
569372340309651457
569523635171405824
569577959440257025
569590013278756865
569610871934205954
569647413285265408
569657112109965312
569658340147646464
569664514142183424
569690626293305344
569719964023853056
567754392682901504
567896040982069249
567922347669262336
567925957090238464
568095014435229696
568111779705958400
568113981866446848
568169732895051777
568200350697717760
568228505160433665
568255924130983936
568414700326797312
568444091836604416
568510886324744193
568515553666539520
568634515884789761
568797768162127872
568823817679847425
568959870445031424
568995277580996609
569282410170314753
569366479008862208
569372340309651457
569523635171405824
569577959440257025
569590013278756865
569610871934205954
569647413285265408
569657112109965312
569658340147646464
569664514142183424
569690626293305344
569719964023853056
567754392682901504
567896040982069249
567922347669262336
567925957090238464
568095014435229696
568111779705958400
568113981866446848
568169732895051777
568200350697717760
568228505160433665
568255924130983936
568414700326797312
568444091836604416
568510886324744193
568515553666539520
568634515884789761
568797768162127872
568823817679847425
568959870445031424
568995277580996609
569282410170314753
569366479008862208
569372340309651457
569523635171405824
569577959440257025
569590013278756865
569610871934205954
569647413285265408
569657112109965312
569658340147646464
569664514142183424
569690626293305344
569719964023853056
569862572540878848
569927035524681728
569938470589718528
569946472751476737
569946740855582722
569961203197325312
570029442514333698
570122183072092160
570246800247902208
570286565894828032
570289532953874432
