567702414157824000
568055766130827264
568064382627921920
568112237765722113
568212796422406144
568441679503495169
568474442210283520
568900531696984064
568917429033652226
569072664997801984
569190811113525249
569482497496473600
569483821080453121
569484387055734784
569502753694691328
569539111222190081
569541106112827393
569610542723309568
569708173831094272
569734991862607872
569739154600300544
569770363623575552
567702414157824000
568055766130827264
568064382627921920
568112237765722113
568212796422406144
568441679503495169
568474442210283520
568900531696984064
568917429033652226
569072664997801984
569190811113525249
569482497496473600
569483821080453121
569484387055734784
569502753694691328
569539111222190081
569541106112827393
569610542723309568
569708173831094272
569734991862607872
569739154600300544
569770363623575552
569831418412429312
567702414157824000
568055766130827264
568064382627921920
568112237765722113
568212796422406144
568441679503495169
568474442210283520
568900531696984064
568917429033652226
569072664997801984
569190811113525249
569482497496473600
569483821080453121
569484387055734784
569502753694691328
569539111222190081
569541106112827393
569610542723309568
569708173831094272
569734991862607872
569739154600300544
569770363623575552
569831418412429312
569876427270701056
569889846472409088
569910441423417345
569927476463452160
570105020999344128
570116329694310400
570258457804189696
570267592478191617
570283309093113856
567702414157824000
568055766130827264
568064382627921920
568112237765722113
568212796422406144
568441679503495169
568474442210283520
568900531696984064
568917429033652226
569072664997801984
569190811113525249
569482497496473600
569483821080453121
569484387055734784
569502753694691328
569539111222190081
569541106112827393
569610542723309568
569708173831094272
569734991862607872
569739154600300544
569770363623575552
569831418412429312
569876427270701056
569889846472409088
569910441423417345
569927476463452160
570105020999344128
570116329694310400
570258457804189696
570267592478191617
570283309093113856
567702414157824000
568055766130827264
568064382627921920
568112237765722113
568212796422406144
568441679503495169
568474442210283520
568900531696984064
568917429033652226
569072664997801984
569190811113525249
569482497496473600
569483821080453121
569484387055734784
569502753694691328
569539111222190081
569541106112827393
569610542723309568
569708173831094272
569734991862607872
569739154600300544
569770363623575552
569831418412429312
569876427270701056
569889846472409088
569910441423417345
569927476463452160
570105020999344128
570116329694310400
570258457804189696
570267592478191617
570283309093113856
567702414157824000
568055766130827264
568064382627921920
568112237765722113
568212796422406144
568441679503495169
568474442210283520
568900531696984064
568917429033652226
569072664997801984
569190811113525249
569482497496473600
569483821080453121
569484387055734784
569502753694691328
569539111222190081
569541106112827393
569610542723309568
569708173831094272
569734991862607872
569739154600300544
569770363623575552
569831418412429312
569876427270701056
569889846472409088
569910441423417345
569927476463452160
570105020999344128
570116329694310400
570258457804189696
570267592478191617
570283309093113856
567702414157824000
568055766130827264
568064382627921920
568112237765722113
568212796422406144
568441679503495169
568474442210283520
568900531696984064
568917429033652226
569072664997801984
569190811113525249
569482497496473600
569483821080453121
569484387055734784
569502753694691328
569539111222190081
569541106112827393
569610542723309568
569708173831094272
569734991862607872
569739154600300544
569770363623575552
569831418412429312
569876427270701056
569889846472409088
569910441423417345
569927476463452160
570105020999344128
570116329694310400
570258457804189696
570267592478191617
570283309093113856
567702414157824000
568055766130827264
568064382627921920
568112237765722113
568212796422406144
568441679503495169
568474442210283520
568900531696984064
568917429033652226
569072664997801984
569190811113525249
569482497496473600
569483821080453121
569484387055734784
569502753694691328
569539111222190081
569541106112827393
569610542723309568
569708173831094272
569734991862607872
569739154600300544
569770363623575552
569831418412429312
569876427270701056
569889846472409088
569910441423417345
569927476463452160
570105020999344128
570116329694310400
570258457804189696
570267592478191617
570283309093113856
