568529886920335360
568832151119990784
568940002849255425
569237252154372097
568529886920335360
568832151119990784
568940002849255425
569237252154372097
568529886920335360
568832151119990784
568940002849255425
569237252154372097
568529886920335360
568832151119990784
568940002849255425
569237252154372097
568529886920335360
568832151119990784
568940002849255425
569237252154372097
568529886920335360
568832151119990784
568940002849255425
569237252154372097
568529886920335360
568832151119990784
568940002849255425
569237252154372097
568529886920335360
568832151119990784
568940002849255425
569237252154372097
