567733177590874114
567906248852533248
567915852260978688
567918545046081537
567921295473512448
568068509613178880
568076081665679360
568081386520723456
568424704597467137
568652268305666048
568881580015366145
568881812174299137
568882079091400705
568884491294351360
568910590921609216
569161583718473728
569168436280098816
569186384121954305
569192549170032640
569232738655412225
569387614265954304
569570013964689410
569648240150204416
569660698231308290
569703616426045441
569709195936735232
567733177590874114
567906248852533248
567915852260978688
567918545046081537
567921295473512448
568068509613178880
568076081665679360
568081386520723456
568424704597467137
568652268305666048
568881580015366145
568881812174299137
568882079091400705
568884491294351360
568910590921609216
569161583718473728
569168436280098816
569186384121954305
569192549170032640
569232738655412225
569387614265954304
569570013964689410
569648240150204416
569660698231308290
569703616426045441
569709195936735232
567733177590874114
567906248852533248
567915852260978688
567918545046081537
567921295473512448
568068509613178880
568076081665679360
568081386520723456
568424704597467137
568652268305666048
568881580015366145
568881812174299137
568882079091400705
568884491294351360
568910590921609216
569161583718473728
569168436280098816
569186384121954305
569192549170032640
569232738655412225
569387614265954304
569570013964689410
569648240150204416
569660698231308290
569703616426045441
569709195936735232
569856492477657088
569890099917246464
569983149028962304
569996479416438784
570306715880706049
