567862586374529026
567862940348579840
567921406807261184
569571763744452608
569576099018985472
569576321011077121
569624621047111680
569628752231018496
569713615047168000
567862586374529026
567862940348579840
567921406807261184
569571763744452608
569576099018985472
569576321011077121
569624621047111680
569628752231018496
569713615047168000
567862586374529026
567862940348579840
567921406807261184
569571763744452608
569576099018985472
569576321011077121
569624621047111680
569628752231018496
569713615047168000
567862586374529026
567862940348579840
567921406807261184
569571763744452608
569576099018985472
569576321011077121
569624621047111680
569628752231018496
569713615047168000
567862586374529026
567862940348579840
567921406807261184
569571763744452608
569576099018985472
569576321011077121
569624621047111680
569628752231018496
569713615047168000
567862586374529026
567862940348579840
567921406807261184
569571763744452608
569576099018985472
569576321011077121
569624621047111680
569628752231018496
569713615047168000
567862586374529026
567862940348579840
567921406807261184
569571763744452608
569576099018985472
569576321011077121
569624621047111680
569628752231018496
569713615047168000
567862586374529026
567862940348579840
567921406807261184
569571763744452608
569576099018985472
569576321011077121
569624621047111680
569628752231018496
569713615047168000
