567788514952368129
567802111321444352
568062560198664192
568136806224379904
568155779225788416
568180868126150656
568382780251480064
568441576206286848
568605539866976256
568648777315147777
568658885361438720
569247579692781569
569602645712769025
569614436660432896
569625606536732672
569644957188939777
569698150757244928
567788514952368129
567802111321444352
568062560198664192
568136806224379904
568155779225788416
568180868126150656
568382780251480064
568441576206286848
568605539866976256
568648777315147777
568658885361438720
569247579692781569
569602645712769025
569614436660432896
569625606536732672
569644957188939777
569698150757244928
569830322357084160
567788514952368129
567802111321444352
568062560198664192
568136806224379904
568155779225788416
568180868126150656
568382780251480064
568441576206286848
568605539866976256
568648777315147777
568658885361438720
569247579692781569
569602645712769025
569614436660432896
569625606536732672
569644957188939777
569698150757244928
569830322357084160
569887996071297024
569911816937033728
569989557644623875
570033062202863616
570078379421990912
570157210183069696
570159133795741696
570278432417972224
