568245800788221953
568403649753448448
568476518852247552
568245800788221953
568403649753448448
568476518852247552
568245800788221953
568403649753448448
568476518852247552
569850182784966656
569896025172742144
568245800788221953
568403649753448448
568476518852247552
569850182784966656
569896025172742144
568245800788221953
568403649753448448
568476518852247552
569850182784966656
569896025172742144
568245800788221953
568403649753448448
568476518852247552
569850182784966656
569896025172742144
568245800788221953
568403649753448448
568476518852247552
569850182784966656
569896025172742144
568245800788221953
568403649753448448
568476518852247552
569850182784966656
569896025172742144
