567793635892174848
567847344307347456
568116430966648833
568233193738018817
568485564112117760
568491900195500032
568858696198938624
569366138963959808
569528105557053442
569620782566875136
569703468736376832
569710019333107714
567793635892174848
567847344307347456
568116430966648833
568233193738018817
568485564112117760
568491900195500032
568858696198938624
569366138963959808
569528105557053442
569620782566875136
569703468736376832
569710019333107714
567793635892174848
567847344307347456
568116430966648833
568233193738018817
568485564112117760
568491900195500032
568858696198938624
569366138963959808
569528105557053442
569620782566875136
569703468736376832
569710019333107714
569846302663688192
569918484726964224
569928419435286528
569972513721229312
570083458925490176
570231607757381632
570265804748550144
570274371685777409
570284129138274304
570304779412508673
