568140628959358976
568430198254747649
569258544714911746
569630266664325120
569680920162258945
568140628959358976
568430198254747649
569258544714911746
569630266664325120
569680920162258945
568140628959358976
568430198254747649
569258544714911746
569630266664325120
569680920162258945
569967848078090240
569970775517741056
569976246135697408
569989168903819264
570173090774294528
570196424043814912
570272465299083264
570294002077061120
568140628959358976
568430198254747649
569258544714911746
569630266664325120
569680920162258945
569967848078090240
569970775517741056
569976246135697408
569989168903819264
570173090774294528
570196424043814912
570272465299083264
570294002077061120
568140628959358976
568430198254747649
569258544714911746
569630266664325120
569680920162258945
569967848078090240
569970775517741056
569976246135697408
569989168903819264
570173090774294528
570196424043814912
570272465299083264
570294002077061120
568140628959358976
568430198254747649
569258544714911746
569630266664325120
569680920162258945
569967848078090240
569970775517741056
569976246135697408
569989168903819264
570173090774294528
570196424043814912
570272465299083264
570294002077061120
568140628959358976
568430198254747649
569258544714911746
569630266664325120
569680920162258945
569967848078090240
569970775517741056
569976246135697408
569989168903819264
570173090774294528
570196424043814912
570272465299083264
570294002077061120
568140628959358976
568430198254747649
569258544714911746
569630266664325120
569680920162258945
569967848078090240
569970775517741056
569976246135697408
569989168903819264
570173090774294528
570196424043814912
570272465299083264
570294002077061120
