567588278875213824
567727701620822016
567754367860633600
567769468278988800
567890265416945664
567897563065511936
569294014026903552
567588278875213824
567727701620822016
567754367860633600
567769468278988800
567890265416945664
567897563065511936
569294014026903552
567588278875213824
567727701620822016
567754367860633600
567769468278988800
567890265416945664
567897563065511936
569294014026903552
567588278875213824
567727701620822016
567754367860633600
567769468278988800
567890265416945664
567897563065511936
569294014026903552
567588278875213824
567727701620822016
567754367860633600
567769468278988800
567890265416945664
567897563065511936
569294014026903552
567588278875213824
567727701620822016
567754367860633600
567769468278988800
567890265416945664
567897563065511936
569294014026903552
567588278875213824
567727701620822016
567754367860633600
567769468278988800
567890265416945664
567897563065511936
569294014026903552
567588278875213824
567727701620822016
567754367860633600
567769468278988800
567890265416945664
567897563065511936
569294014026903552
