567816074898513920
567871780188061696
568046603916996609
568179392293281792
568544549536198656
568910702070534144
569083132353204224
569311644934807552
569485181633089536
569589123218079745
569624091646431232
567816074898513920
567871780188061696
568046603916996609
568179392293281792
568544549536198656
568910702070534144
569083132353204224
569311644934807552
569485181633089536
569589123218079745
569624091646431232
569821309137514496
567816074898513920
567871780188061696
568046603916996609
568179392293281792
568544549536198656
568910702070534144
569083132353204224
569311644934807552
569485181633089536
569589123218079745
569624091646431232
569821309137514496
569856784086777856
569865838892691456
569923221341908992
569995961570856960
570047733236695040
567816074898513920
567871780188061696
568046603916996609
568179392293281792
568544549536198656
568910702070534144
569083132353204224
569311644934807552
569485181633089536
569589123218079745
569624091646431232
569821309137514496
569856784086777856
569865838892691456
569923221341908992
569995961570856960
570047733236695040
567816074898513920
567871780188061696
568046603916996609
568179392293281792
568544549536198656
568910702070534144
569083132353204224
569311644934807552
569485181633089536
569589123218079745
569624091646431232
569821309137514496
569856784086777856
569865838892691456
569923221341908992
569995961570856960
570047733236695040
567816074898513920
567871780188061696
568046603916996609
568179392293281792
568544549536198656
568910702070534144
569083132353204224
569311644934807552
569485181633089536
569589123218079745
569624091646431232
569821309137514496
569856784086777856
569865838892691456
569923221341908992
569995961570856960
570047733236695040
567816074898513920
567871780188061696
568046603916996609
568179392293281792
568544549536198656
568910702070534144
569083132353204224
569311644934807552
569485181633089536
569589123218079745
569624091646431232
569821309137514496
569856784086777856
569865838892691456
569923221341908992
569995961570856960
570047733236695040
567816074898513920
567871780188061696
568046603916996609
568179392293281792
568544549536198656
568910702070534144
569083132353204224
569311644934807552
569485181633089536
569589123218079745
569624091646431232
569821309137514496
569856784086777856
569865838892691456
569923221341908992
569995961570856960
570047733236695040
