567752407166103552
567801642633162753
567813515353804801
567863445422546944
567883722948763648
567885982340636672
568050718772314112
568072822955896832
568142966570807296
568146157534367744
568156758025187329
568157857151102976
568188639412400128
568611413687603200
568669880922165248
568767144407789569
569116399039344640
569339717990400000
569359780491476992
569364648576872448
569400431002173441
569570644632821760
569623606684209154
569626849183035392
569659878693695488
569679296572170240
569679450750750720
569705220088795136
567752407166103552
567801642633162753
567813515353804801
567863445422546944
567883722948763648
567885982340636672
568050718772314112
568072822955896832
568142966570807296
568146157534367744
568156758025187329
568157857151102976
568188639412400128
568611413687603200
568669880922165248
568767144407789569
569116399039344640
569339717990400000
569359780491476992
569364648576872448
569400431002173441
569570644632821760
569623606684209154
569626849183035392
569659878693695488
569679296572170240
569679450750750720
569705220088795136
567752407166103552
567801642633162753
567813515353804801
567863445422546944
567883722948763648
567885982340636672
568050718772314112
568072822955896832
568142966570807296
568146157534367744
568156758025187329
568157857151102976
568188639412400128
568611413687603200
568669880922165248
568767144407789569
569116399039344640
569339717990400000
569359780491476992
569364648576872448
569400431002173441
569570644632821760
569623606684209154
569626849183035392
569659878693695488
569679296572170240
569679450750750720
569705220088795136
569881453842042880
569942616617447424
570006917927575552
570074583379939328
570142263290011649
570145106415771648
570197804091621376
570244934634090496
570263130141564929
567752407166103552
567801642633162753
567813515353804801
567863445422546944
567883722948763648
567885982340636672
568050718772314112
568072822955896832
568142966570807296
568146157534367744
568156758025187329
568157857151102976
568188639412400128
568611413687603200
568669880922165248
568767144407789569
569116399039344640
569339717990400000
569359780491476992
569364648576872448
569400431002173441
569570644632821760
569623606684209154
569626849183035392
569659878693695488
569679296572170240
569679450750750720
569705220088795136
569881453842042880
569942616617447424
570006917927575552
570074583379939328
570142263290011649
570145106415771648
570197804091621376
570244934634090496
570263130141564929
567752407166103552
567801642633162753
567813515353804801
567863445422546944
567883722948763648
567885982340636672
568050718772314112
568072822955896832
568142966570807296
568146157534367744
568156758025187329
568157857151102976
568188639412400128
568611413687603200
568669880922165248
568767144407789569
569116399039344640
569339717990400000
569359780491476992
569364648576872448
569400431002173441
569570644632821760
569623606684209154
569626849183035392
569659878693695488
569679296572170240
569679450750750720
569705220088795136
569881453842042880
569942616617447424
570006917927575552
570074583379939328
570142263290011649
570145106415771648
570197804091621376
570244934634090496
570263130141564929
567752407166103552
567801642633162753
567813515353804801
567863445422546944
567883722948763648
567885982340636672
568050718772314112
568072822955896832
568142966570807296
568146157534367744
568156758025187329
568157857151102976
568188639412400128
568611413687603200
568669880922165248
568767144407789569
569116399039344640
569339717990400000
569359780491476992
569364648576872448
569400431002173441
569570644632821760
569623606684209154
569626849183035392
569659878693695488
569679296572170240
569679450750750720
569705220088795136
569881453842042880
569942616617447424
570006917927575552
570074583379939328
570142263290011649
570145106415771648
570197804091621376
570244934634090496
570263130141564929
567752407166103552
567801642633162753
567813515353804801
567863445422546944
567883722948763648
567885982340636672
568050718772314112
568072822955896832
568142966570807296
568146157534367744
568156758025187329
568157857151102976
568188639412400128
568611413687603200
568669880922165248
568767144407789569
569116399039344640
569339717990400000
569359780491476992
569364648576872448
569400431002173441
569570644632821760
569623606684209154
569626849183035392
569659878693695488
569679296572170240
569679450750750720
569705220088795136
569881453842042880
569942616617447424
570006917927575552
570074583379939328
570142263290011649
570145106415771648
570197804091621376
570244934634090496
570263130141564929
567752407166103552
567801642633162753
567813515353804801
567863445422546944
567883722948763648
567885982340636672
568050718772314112
568072822955896832
568142966570807296
568146157534367744
568156758025187329
568157857151102976
568188639412400128
568611413687603200
568669880922165248
568767144407789569
569116399039344640
569339717990400000
569359780491476992
569364648576872448
569400431002173441
569570644632821760
569623606684209154
569626849183035392
569659878693695488
569679296572170240
569679450750750720
569705220088795136
569881453842042880
569942616617447424
570006917927575552
570074583379939328
570142263290011649
570145106415771648
570197804091621376
570244934634090496
570263130141564929
