567803049130094592
567887623953457152
568105765442945024
568453351479721986
568614750508036096
568615063738646528
568672436977168385
569189803746574337
569513103970455552
567803049130094592
567887623953457152
568105765442945024
568453351479721986
568614750508036096
568615063738646528
568672436977168385
569189803746574337
569513103970455552
567803049130094592
567887623953457152
568105765442945024
568453351479721986
568614750508036096
568615063738646528
568672436977168385
569189803746574337
569513103970455552
569910536755748865
569960904852312064
