567760870630244352
567822717665198080
567837314782765056
567849520781893632
568084881303072770
568176529584173056
568200350697717760
568482893913333762
568803061361025024
568827677001428992
569091868153253888
569282844155125761
569325061892481024
569439089063280640
569531274991239168
569566712397471746
569580197709783040
569616335488966656
569652584761462784
569656322154565632
569668913916567552
569675527662874624
569720969947848704
569724119748636672
567760870630244352
567822717665198080
567837314782765056
567849520781893632
568084881303072770
568176529584173056
568200350697717760
568482893913333762
568803061361025024
568827677001428992
569091868153253888
569282844155125761
569325061892481024
569439089063280640
569531274991239168
569566712397471746
569580197709783040
569616335488966656
569652584761462784
569656322154565632
569668913916567552
569675527662874624
569720969947848704
569724119748636672
567760870630244352
567822717665198080
567837314782765056
567849520781893632
568084881303072770
568176529584173056
568200350697717760
568482893913333762
568803061361025024
568827677001428992
569091868153253888
569282844155125761
569325061892481024
569439089063280640
569531274991239168
569566712397471746
569580197709783040
569616335488966656
569652584761462784
569656322154565632
569668913916567552
569675527662874624
569720969947848704
569724119748636672
569851578276048896
569895817403768833
569927442657386496
569949217843605504
569975287364001792
570175764643094528
570306867878072320
