567783687980367872
568202174917976064
569230567759327233
569369662955261953
569594712337854464
567783687980367872
568202174917976064
569230567759327233
569369662955261953
569594712337854464
567783687980367872
568202174917976064
569230567759327233
569369662955261953
569594712337854464
570030761539182592
570059574268469248
570067529206358016
567783687980367872
568202174917976064
569230567759327233
569369662955261953
569594712337854464
570030761539182592
570059574268469248
570067529206358016
567783687980367872
568202174917976064
569230567759327233
569369662955261953
569594712337854464
570030761539182592
570059574268469248
570067529206358016
567783687980367872
568202174917976064
569230567759327233
569369662955261953
569594712337854464
570030761539182592
570059574268469248
570067529206358016
567783687980367872
568202174917976064
569230567759327233
569369662955261953
569594712337854464
570030761539182592
570059574268469248
570067529206358016
567783687980367872
568202174917976064
569230567759327233
569369662955261953
569594712337854464
570030761539182592
570059574268469248
570067529206358016
