567731810910498816
569604400479649792
569604909571678208
569620452043317249
569620597543739392
567731810910498816
569604400479649792
569604909571678208
569620452043317249
569620597543739392
567731810910498816
569604400479649792
569604909571678208
569620452043317249
569620597543739392
569941247546286080
567731810910498816
569604400479649792
569604909571678208
569620452043317249
569620597543739392
569941247546286080
567731810910498816
569604400479649792
569604909571678208
569620452043317249
569620597543739392
569941247546286080
567731810910498816
569604400479649792
569604909571678208
569620452043317249
569620597543739392
569941247546286080
567731810910498816
569604400479649792
569604909571678208
569620452043317249
569620597543739392
569941247546286080
567731810910498816
569604400479649792
569604909571678208
569620452043317249
569620597543739392
569941247546286080
