567719199850496000
567749243658858496
568079446592385025
568151905165316097
568171144504872961
568177521327509504
568194475077570560
568800184345468929
569374011131453441
569374127187820545
569380376709238784
569496729755652098
569538770808266754
569607661655715841
569618750946873344
569657781835460608
569662906842750976
569698504467021824
569722907187752960
567719199850496000
567749243658858496
568079446592385025
568151905165316097
568171144504872961
568177521327509504
568194475077570560
568800184345468929
569374011131453441
569374127187820545
569380376709238784
569496729755652098
569538770808266754
569607661655715841
569618750946873344
569657781835460608
569662906842750976
569698504467021824
569722907187752960
567719199850496000
567749243658858496
568079446592385025
568151905165316097
568171144504872961
568177521327509504
568194475077570560
568800184345468929
569374011131453441
569374127187820545
569380376709238784
569496729755652098
569538770808266754
569607661655715841
569618750946873344
569657781835460608
569662906842750976
569698504467021824
569722907187752960
569850216754618368
569885185170223105
569907965223763970
569922437195829248
569978197284130817
570048275367079937
570208313163550721
570239688755302401
570279220502511617
567719199850496000
567749243658858496
568079446592385025
568151905165316097
568171144504872961
568177521327509504
568194475077570560
568800184345468929
569374011131453441
569374127187820545
569380376709238784
569496729755652098
569538770808266754
569607661655715841
569618750946873344
569657781835460608
569662906842750976
569698504467021824
569722907187752960
569850216754618368
569885185170223105
569907965223763970
569922437195829248
569978197284130817
570048275367079937
570208313163550721
570239688755302401
570279220502511617
567719199850496000
567749243658858496
568079446592385025
568151905165316097
568171144504872961
568177521327509504
568194475077570560
568800184345468929
569374011131453441
569374127187820545
569380376709238784
569496729755652098
569538770808266754
569607661655715841
569618750946873344
569657781835460608
569662906842750976
569698504467021824
569722907187752960
569850216754618368
569885185170223105
569907965223763970
569922437195829248
569978197284130817
570048275367079937
570208313163550721
570239688755302401
570279220502511617
567719199850496000
567749243658858496
568079446592385025
568151905165316097
568171144504872961
568177521327509504
568194475077570560
568800184345468929
569374011131453441
569374127187820545
569380376709238784
569496729755652098
569538770808266754
569607661655715841
569618750946873344
569657781835460608
569662906842750976
569698504467021824
569722907187752960
569850216754618368
569885185170223105
569907965223763970
569922437195829248
569978197284130817
570048275367079937
570208313163550721
570239688755302401
570279220502511617
567719199850496000
567749243658858496
568079446592385025
568151905165316097
568171144504872961
568177521327509504
568194475077570560
568800184345468929
569374011131453441
569374127187820545
569380376709238784
569496729755652098
569538770808266754
569607661655715841
569618750946873344
569657781835460608
569662906842750976
569698504467021824
569722907187752960
569850216754618368
569885185170223105
569907965223763970
569922437195829248
569978197284130817
570048275367079937
570208313163550721
570239688755302401
570279220502511617
567719199850496000
567749243658858496
568079446592385025
568151905165316097
568171144504872961
568177521327509504
568194475077570560
568800184345468929
569374011131453441
569374127187820545
569380376709238784
569496729755652098
569538770808266754
569607661655715841
569618750946873344
569657781835460608
569662906842750976
569698504467021824
569722907187752960
569850216754618368
569885185170223105
569907965223763970
569922437195829248
569978197284130817
570048275367079937
570208313163550721
570239688755302401
570279220502511617
