567759268724887552
568862320442662912
568950706008231936
568997237176569856
569295556729823232
569322175175352322
569615659333627904
569648492190179328
569649806202642432
569661926067736576
569760118591467520
567759268724887552
568862320442662912
568950706008231936
568997237176569856
569295556729823232
569322175175352322
569615659333627904
569648492190179328
569649806202642432
569661926067736576
569760118591467520
567759268724887552
568862320442662912
568950706008231936
568997237176569856
569295556729823232
569322175175352322
569615659333627904
569648492190179328
569649806202642432
569661926067736576
569760118591467520
567759268724887552
568862320442662912
568950706008231936
568997237176569856
569295556729823232
569322175175352322
569615659333627904
569648492190179328
569649806202642432
569661926067736576
569760118591467520
567759268724887552
568862320442662912
568950706008231936
568997237176569856
569295556729823232
569322175175352322
569615659333627904
569648492190179328
569649806202642432
569661926067736576
569760118591467520
567759268724887552
568862320442662912
568950706008231936
568997237176569856
569295556729823232
569322175175352322
569615659333627904
569648492190179328
569649806202642432
569661926067736576
569760118591467520
567759268724887552
568862320442662912
568950706008231936
568997237176569856
569295556729823232
569322175175352322
569615659333627904
569648492190179328
569649806202642432
569661926067736576
569760118591467520
567759268724887552
568862320442662912
568950706008231936
568997237176569856
569295556729823232
569322175175352322
569615659333627904
569648492190179328
569649806202642432
569661926067736576
569760118591467520
