568192942088843264
568474189818146816
568845421390344192
569180541662027779
569662896344592385
569701377779183616
568192942088843264
568474189818146816
568845421390344192
569180541662027779
569662896344592385
569701377779183616
568192942088843264
568474189818146816
568845421390344192
569180541662027779
569662896344592385
569701377779183616
569926212400709632
570262424038699008
568192942088843264
568474189818146816
568845421390344192
569180541662027779
569662896344592385
569701377779183616
569926212400709632
570262424038699008
568192942088843264
568474189818146816
568845421390344192
569180541662027779
569662896344592385
569701377779183616
569926212400709632
570262424038699008
568192942088843264
568474189818146816
568845421390344192
569180541662027779
569662896344592385
569701377779183616
569926212400709632
570262424038699008
568192942088843264
568474189818146816
568845421390344192
569180541662027779
569662896344592385
569701377779183616
569926212400709632
570262424038699008
568192942088843264
568474189818146816
568845421390344192
569180541662027779
569662896344592385
569701377779183616
569926212400709632
570262424038699008
