569596089625661440
569627005852917762
569596089625661440
569627005852917762
569596089625661440
569627005852917762
569946472751476737
569946740855582722
569596089625661440
569627005852917762
569946472751476737
569946740855582722
569596089625661440
569627005852917762
569946472751476737
569946740855582722
569596089625661440
569627005852917762
569946472751476737
569946740855582722
569596089625661440
569627005852917762
569946472751476737
569946740855582722
569596089625661440
569627005852917762
569946472751476737
569946740855582722
