567743132180033536
568081281910587392
568588522069733376
569182336715243520
569379726562869248
569611735696580611
569641346316640256
569667675603009537
567743132180033536
568081281910587392
568588522069733376
569182336715243520
569379726562869248
569611735696580611
569641346316640256
569667675603009537
567743132180033536
568081281910587392
568588522069733376
569182336715243520
569379726562869248
569611735696580611
569641346316640256
569667675603009537
569852965315584000
569912094272782337
570086399627685888
