568372767810125825
568450710553174016
568460037737324545
568460512553353216
568766295761682432
569416670340636672
569546858122616833
569615109363929088
569676535973744640
568372767810125825
568450710553174016
568460037737324545
568460512553353216
568766295761682432
569416670340636672
569546858122616833
569615109363929088
569676535973744640
568372767810125825
568450710553174016
568460037737324545
568460512553353216
568766295761682432
569416670340636672
569546858122616833
569615109363929088
569676535973744640
569903812569276416
569920760522764288
570063322449616896
570065109961322496
568372767810125825
568450710553174016
568460037737324545
568460512553353216
568766295761682432
569416670340636672
569546858122616833
569615109363929088
569676535973744640
569903812569276416
569920760522764288
570063322449616896
570065109961322496
568372767810125825
568450710553174016
568460037737324545
568460512553353216
568766295761682432
569416670340636672
569546858122616833
569615109363929088
569676535973744640
569903812569276416
569920760522764288
570063322449616896
570065109961322496
568372767810125825
568450710553174016
568460037737324545
568460512553353216
568766295761682432
569416670340636672
569546858122616833
569615109363929088
569676535973744640
569903812569276416
569920760522764288
570063322449616896
570065109961322496
568372767810125825
568450710553174016
568460037737324545
568460512553353216
568766295761682432
569416670340636672
569546858122616833
569615109363929088
569676535973744640
569903812569276416
569920760522764288
570063322449616896
570065109961322496
568372767810125825
568450710553174016
568460037737324545
568460512553353216
568766295761682432
569416670340636672
569546858122616833
569615109363929088
569676535973744640
569903812569276416
569920760522764288
570063322449616896
570065109961322496
