567715917983776772
567726186038837248
567735710392659968
567759774016868352
567784773780013057
567911142955311104
568093497431101440
568119079371997186
568259593773518848
568284515728302080
568286497796812800
568425564282998785
568460512553353216
568464487931613185
568506661373145089
568558562810544129
568589359034859520
568629979719675904
568634185155358720
568710194575872001
568780741909319680
568818346042339328
568851381769134080
568891974687830016
568899587424931840
569133987668623360
569159165626716160
569269140386488320
569305802487439360
569387211025727488
569439674294337536
569569120951390209
569574074936123392
569596394819883008
569598544379817984
569602645712769025
569605930146353152
569626787875053568
569641319712169984
569646230264885249
569649152696516608
569670589646032896
569685194908819457
569717336959160323
569730182371635200
569758106395254784
569786249508048896
567715917983776772
567726186038837248
567735710392659968
567759774016868352
567784773780013057
567911142955311104
568093497431101440
568119079371997186
568259593773518848
568284515728302080
568286497796812800
568425564282998785
568460512553353216
568464487931613185
568506661373145089
568558562810544129
568589359034859520
568629979719675904
568634185155358720
568710194575872001
568780741909319680
568818346042339328
568851381769134080
568891974687830016
568899587424931840
569133987668623360
569159165626716160
569269140386488320
569305802487439360
569387211025727488
569439674294337536
569569120951390209
569574074936123392
569596394819883008
569598544379817984
569602645712769025
569605930146353152
569626787875053568
569641319712169984
569646230264885249
569649152696516608
569670589646032896
569685194908819457
569717336959160323
569730182371635200
569758106395254784
569786249508048896
569822277145133056
569836725612220416
567715917983776772
567726186038837248
567735710392659968
567759774016868352
567784773780013057
567911142955311104
568093497431101440
568119079371997186
568259593773518848
568284515728302080
568286497796812800
568425564282998785
568460512553353216
568464487931613185
568506661373145089
568558562810544129
568589359034859520
568629979719675904
568634185155358720
568710194575872001
568780741909319680
568818346042339328
568851381769134080
568891974687830016
568899587424931840
569133987668623360
569159165626716160
569269140386488320
569305802487439360
569387211025727488
569439674294337536
569569120951390209
569574074936123392
569596394819883008
569598544379817984
569602645712769025
569605930146353152
569626787875053568
569641319712169984
569646230264885249
569649152696516608
569670589646032896
569685194908819457
569717336959160323
569730182371635200
569758106395254784
569786249508048896
569822277145133056
569836725612220416
569936580883783680
569943647103406080
569961695835267073
570004391731847169
570020255793352704
570061375592136706
570065109961322496
570066805810601985
570105665093369856
570217831557677057
570221471844278273
570230559693078528
570239952975482881
570239998383038464
570258597180940288
570258822297579520
570291934306168834
