568128387576762370
568800389903962112
568869609622904832
569197967959154688
569353033915584513
569464902164856832
569485181633089536
569619309401546752
568128387576762370
568800389903962112
568869609622904832
569197967959154688
569353033915584513
569464902164856832
569485181633089536
569619309401546752
568128387576762370
568800389903962112
568869609622904832
569197967959154688
569353033915584513
569464902164856832
569485181633089536
569619309401546752
569889219805642752
569927792781086720
569967808446009345
570225899964129281
570268160202567680
570271479616573440
568128387576762370
568800389903962112
568869609622904832
569197967959154688
569353033915584513
569464902164856832
569485181633089536
569619309401546752
569889219805642752
569927792781086720
569967808446009345
570225899964129281
570268160202567680
570271479616573440
568128387576762370
568800389903962112
568869609622904832
569197967959154688
569353033915584513
569464902164856832
569485181633089536
569619309401546752
569889219805642752
569927792781086720
569967808446009345
570225899964129281
570268160202567680
570271479616573440
568128387576762370
568800389903962112
568869609622904832
569197967959154688
569353033915584513
569464902164856832
569485181633089536
569619309401546752
569889219805642752
569927792781086720
569967808446009345
570225899964129281
570268160202567680
570271479616573440
568128387576762370
568800389903962112
568869609622904832
569197967959154688
569353033915584513
569464902164856832
569485181633089536
569619309401546752
569889219805642752
569927792781086720
569967808446009345
570225899964129281
570268160202567680
570271479616573440
568128387576762370
568800389903962112
568869609622904832
569197967959154688
569353033915584513
569464902164856832
569485181633089536
569619309401546752
569889219805642752
569927792781086720
569967808446009345
570225899964129281
570268160202567680
570271479616573440
