567738171215994880
567757203093090305
567761790357209088
567794720425144321
567812709342822400
567814010914222080
568140468854198272
568416493446270976
568430681367453696
568672467889176577
568751647809273856
568807947423375360
568887349481861120
569267194028298241
569340341956038657
569345693770502144
569482497496473600
569515731022454784
569581828258078721
569595123799101440
569603962233622528
569615636869062659
569651816197169153
569674812781694976
569675498873159680
569699027782012930
569715552702345216
569723892358467584
567738171215994880
567757203093090305
567761790357209088
567794720425144321
567812709342822400
567814010914222080
568140468854198272
568416493446270976
568430681367453696
568672467889176577
568751647809273856
568807947423375360
568887349481861120
569267194028298241
569340341956038657
569345693770502144
569482497496473600
569515731022454784
569581828258078721
569595123799101440
569603962233622528
569615636869062659
569651816197169153
569674812781694976
569675498873159680
569699027782012930
569715552702345216
569723892358467584
569836433931808768
567738171215994880
567757203093090305
567761790357209088
567794720425144321
567812709342822400
567814010914222080
568140468854198272
568416493446270976
568430681367453696
568672467889176577
568751647809273856
568807947423375360
568887349481861120
569267194028298241
569340341956038657
569345693770502144
569482497496473600
569515731022454784
569581828258078721
569595123799101440
569603962233622528
569615636869062659
569651816197169153
569674812781694976
569675498873159680
569699027782012930
569715552702345216
569723892358467584
569836433931808768
569873968175259650
569886219057926144
569895266670612480
569944996616351746
569970225443172353
569995897234288640
570053838499143680
570059605662834688
570060273798631424
570084632999428096
570184073139912704
570222481618948096
570253919697244160
570287651137445888
570289587794407425
570290220589027328
