567725588937728000
569308881438052352
567725588937728000
569308881438052352
567725588937728000
569308881438052352
569941344053018625
569983338880114688
567725588937728000
569308881438052352
569941344053018625
569983338880114688
567725588937728000
569308881438052352
569941344053018625
569983338880114688
567725588937728000
569308881438052352
569941344053018625
569983338880114688
567725588937728000
569308881438052352
569941344053018625
569983338880114688
567725588937728000
569308881438052352
569941344053018625
569983338880114688
