567728057700876288
567739785406873601
568496664677363712
569568357030232066
567728057700876288
567739785406873601
568496664677363712
569568357030232066
567728057700876288
567739785406873601
568496664677363712
569568357030232066
569977223198822400
570021128032407552
570049295040307200
570197883716300800
567728057700876288
567739785406873601
568496664677363712
569568357030232066
569977223198822400
570021128032407552
570049295040307200
570197883716300800
567728057700876288
567739785406873601
568496664677363712
569568357030232066
569977223198822400
570021128032407552
570049295040307200
570197883716300800
567728057700876288
567739785406873601
568496664677363712
569568357030232066
569977223198822400
570021128032407552
570049295040307200
570197883716300800
567728057700876288
567739785406873601
568496664677363712
569568357030232066
569977223198822400
570021128032407552
570049295040307200
570197883716300800
567728057700876288
567739785406873601
568496664677363712
569568357030232066
569977223198822400
570021128032407552
570049295040307200
570197883716300800
