568913623327703040
569149498183659520
569648713980715010
569651226280751105
569656873315487746
569659956384788480
569664077049384961
569666244317618177
569675608969465856
568913623327703040
569149498183659520
569648713980715010
569651226280751105
569656873315487746
569659956384788480
569664077049384961
569666244317618177
569675608969465856
568913623327703040
569149498183659520
569648713980715010
569651226280751105
569656873315487746
569659956384788480
569664077049384961
569666244317618177
569675608969465856
569969599711571968
569997258772455424
