567734002287513602
567860325179072512
567861645084631041
568062560198664192
568639956622512128
568753398100692992
568788357431447552
568904684561408000
569138500626292736
569153098595192832
569579474762608640
569587728607633408
569617556857851904
569618440396398592
569647174277042176
569666501504073728
569702019797286913
567734002287513602
567860325179072512
567861645084631041
568062560198664192
568639956622512128
568753398100692992
568788357431447552
568904684561408000
569138500626292736
569153098595192832
569579474762608640
569587728607633408
569617556857851904
569618440396398592
569647174277042176
569666501504073728
569702019797286913
569838260077228032
567734002287513602
567860325179072512
567861645084631041
568062560198664192
568639956622512128
568753398100692992
568788357431447552
568904684561408000
569138500626292736
569153098595192832
569579474762608640
569587728607633408
569617556857851904
569618440396398592
569647174277042176
569666501504073728
569702019797286913
569838260077228032
570043937244622849
570044138302808064
570044715321569280
570214789487693824
570300355843661824
567734002287513602
567860325179072512
567861645084631041
568062560198664192
568639956622512128
568753398100692992
568788357431447552
568904684561408000
569138500626292736
569153098595192832
569579474762608640
569587728607633408
569617556857851904
569618440396398592
569647174277042176
569666501504073728
569702019797286913
569838260077228032
570043937244622849
570044138302808064
570044715321569280
570214789487693824
570300355843661824
567734002287513602
567860325179072512
567861645084631041
568062560198664192
568639956622512128
568753398100692992
568788357431447552
568904684561408000
569138500626292736
569153098595192832
569579474762608640
569587728607633408
569617556857851904
569618440396398592
569647174277042176
569666501504073728
569702019797286913
569838260077228032
570043937244622849
570044138302808064
570044715321569280
570214789487693824
570300355843661824
567734002287513602
567860325179072512
567861645084631041
568062560198664192
568639956622512128
568753398100692992
568788357431447552
568904684561408000
569138500626292736
569153098595192832
569579474762608640
569587728607633408
569617556857851904
569618440396398592
569647174277042176
569666501504073728
569702019797286913
569838260077228032
570043937244622849
570044138302808064
570044715321569280
570214789487693824
570300355843661824
567734002287513602
567860325179072512
567861645084631041
568062560198664192
568639956622512128
568753398100692992
568788357431447552
568904684561408000
569138500626292736
569153098595192832
569579474762608640
569587728607633408
569617556857851904
569618440396398592
569647174277042176
569666501504073728
569702019797286913
569838260077228032
570043937244622849
570044138302808064
570044715321569280
570214789487693824
570300355843661824
567734002287513602
567860325179072512
567861645084631041
568062560198664192
568639956622512128
568753398100692992
568788357431447552
568904684561408000
569138500626292736
569153098595192832
569579474762608640
569587728607633408
569617556857851904
569618440396398592
569647174277042176
569666501504073728
569702019797286913
569838260077228032
570043937244622849
570044138302808064
570044715321569280
570214789487693824
570300355843661824
