567727599627943936
567735983370539008
567811776566542336
567823996852428801
567842439911858176
567864939349557248
567867168429182976
567873196730421248
567903480993558528
567951376480907264
567979842882428928
568134930137550848
568138663864852481
568151138421207040
568157733746294787
568164721406418945
568169732895051777
568216890918637568
568250452057427970
568303293635522560
568387362239205376
568432328902610944
568449164951953408
568458999798108160
568470715009277952
568474442210283520
568498446216400896
568502870435336192
568550726311346177
568552809555103744
568591278805528576
568609999200477185
568639956622512128
568764059732058112
568804625257791488
568841068348878848
568876836324638720
568942331921092608
568958074230190080
569209084144005120
569293296872222720
569305311007399936
569306871242366977
569311644934807552
569505407862902784
569517484102909952
569567028136296450
569604777962643457
569607321908862977
569608734332162048
569638417505497088
569654988877668354
569669381128654848
569677660890116096
569769747019128832
569801303204851713
567727599627943936
567735983370539008
567811776566542336
567823996852428801
567842439911858176
567864939349557248
567867168429182976
567873196730421248
567903480993558528
567951376480907264
567979842882428928
568134930137550848
568138663864852481
568151138421207040
568157733746294787
568164721406418945
568169732895051777
568216890918637568
568250452057427970
568303293635522560
568387362239205376
568432328902610944
568449164951953408
568458999798108160
568470715009277952
568474442210283520
568498446216400896
568502870435336192
568550726311346177
568552809555103744
568591278805528576
568609999200477185
568639956622512128
568764059732058112
568804625257791488
568841068348878848
568876836324638720
568942331921092608
568958074230190080
569209084144005120
569293296872222720
569305311007399936
569306871242366977
569311644934807552
569505407862902784
569517484102909952
569567028136296450
569604777962643457
569607321908862977
569608734332162048
569638417505497088
569654988877668354
569669381128654848
569677660890116096
569769747019128832
569801303204851713
569818697113702400
567727599627943936
567735983370539008
567811776566542336
567823996852428801
567842439911858176
567864939349557248
567867168429182976
567873196730421248
567903480993558528
567951376480907264
567979842882428928
568134930137550848
568138663864852481
568151138421207040
568157733746294787
568164721406418945
568169732895051777
568216890918637568
568250452057427970
568303293635522560
568387362239205376
568432328902610944
568449164951953408
568458999798108160
568470715009277952
568474442210283520
568498446216400896
568502870435336192
568550726311346177
568552809555103744
568591278805528576
568609999200477185
568639956622512128
568764059732058112
568804625257791488
568841068348878848
568876836324638720
568942331921092608
568958074230190080
569209084144005120
569293296872222720
569305311007399936
569306871242366977
569311644934807552
569505407862902784
569517484102909952
569567028136296450
569604777962643457
569607321908862977
569608734332162048
569638417505497088
569654988877668354
569669381128654848
569677660890116096
569769747019128832
569801303204851713
569818697113702400
569847920192655361
569874098035142656
569896010010353664
569924654401495040
569925308368883713
569927288751587328
569927299908444160
569927739802652672
569927906241212416
569937700993818625
569937998806011905
569947389383065600
569947514633191424
569948710370717696
569949217843605504
569955386914181121
569974668406296577
569984791107338240
569993670482644992
569996707443970048
569998019694866432
570001906199887872
570003111772692480
570007995813273600
570008005774860289
570013472093642752
570033341250056193
570051731033235456
570060997907447810
570128847439417344
570196530566701056
570207643874123777
570250470289068032
570258822297579520
570280782373228544
570304445336178688
