567758009607421952
568440527328120832
568796551394549760
569191124373520384
569338966857687040
569428333500375040
569601913832022016
567758009607421952
568440527328120832
568796551394549760
569191124373520384
569338966857687040
569428333500375040
569601913832022016
567758009607421952
568440527328120832
568796551394549760
569191124373520384
569338966857687040
569428333500375040
569601913832022016
570277221916647425
570287408438120448
567758009607421952
568440527328120832
568796551394549760
569191124373520384
569338966857687040
569428333500375040
569601913832022016
570277221916647425
570287408438120448
567758009607421952
568440527328120832
568796551394549760
569191124373520384
569338966857687040
569428333500375040
569601913832022016
570277221916647425
570287408438120448
567758009607421952
568440527328120832
568796551394549760
569191124373520384
569338966857687040
569428333500375040
569601913832022016
570277221916647425
570287408438120448
567758009607421952
568440527328120832
568796551394549760
569191124373520384
569338966857687040
569428333500375040
569601913832022016
570277221916647425
570287408438120448
567758009607421952
568440527328120832
568796551394549760
569191124373520384
569338966857687040
569428333500375040
569601913832022016
570277221916647425
570287408438120448
