567729368110096385
567731738924032000
567732351774781440
567746540903493632
567767738886545408
567815252881977344
567875594785923072
567881925727113217
567924107183915009
568135421445545984
568249421877653505
568382290352590848
568516490405679104
568590189582536704
568611514711552000
568662343170674688
568716388866629632
568802013196242944
568963006547111936
568968312274718721
569128660101427200
569228892638019585
569243807331409920
569256434736746496
569272664344428545
569332471193595904
569357196141719552
569385862489776128
569454437288140800
569487788753555456
569543955622338560
569566712397471746
569622618195652608
569629215869382656
569631508379664384
569652497947734017
569672361890295808
569677563334942720
569687244031852544
569690603547697152
569718904131420161
567729368110096385
567731738924032000
567732351774781440
567746540903493632
567767738886545408
567815252881977344
567875594785923072
567881925727113217
567924107183915009
568135421445545984
568249421877653505
568382290352590848
568516490405679104
568590189582536704
568611514711552000
568662343170674688
568716388866629632
568802013196242944
568963006547111936
568968312274718721
569128660101427200
569228892638019585
569243807331409920
569256434736746496
569272664344428545
569332471193595904
569357196141719552
569385862489776128
569454437288140800
569487788753555456
569543955622338560
569566712397471746
569622618195652608
569629215869382656
569631508379664384
569652497947734017
569672361890295808
569677563334942720
569687244031852544
569690603547697152
569718904131420161
567729368110096385
567731738924032000
567732351774781440
567746540903493632
567767738886545408
567815252881977344
567875594785923072
567881925727113217
567924107183915009
568135421445545984
568249421877653505
568382290352590848
568516490405679104
568590189582536704
568611514711552000
568662343170674688
568716388866629632
568802013196242944
568963006547111936
568968312274718721
569128660101427200
569228892638019585
569243807331409920
569256434736746496
569272664344428545
569332471193595904
569357196141719552
569385862489776128
569454437288140800
569487788753555456
569543955622338560
569566712397471746
569622618195652608
569629215869382656
569631508379664384
569652497947734017
569672361890295808
569677563334942720
569687244031852544
569690603547697152
569718904131420161
569932833709527041
569954670006763520
569967850670018560
569969062228439040
569972073201688576
569997655713173504
570032541933051904
570051875652767744
570087305320357888
570124596180955136
570145106415771648
570288809532891137
570289584061480960
570308156699611137
567729368110096385
567731738924032000
567732351774781440
567746540903493632
567767738886545408
567815252881977344
567875594785923072
567881925727113217
567924107183915009
568135421445545984
568249421877653505
568382290352590848
568516490405679104
568590189582536704
568611514711552000
568662343170674688
568716388866629632
568802013196242944
568963006547111936
568968312274718721
569128660101427200
569228892638019585
569243807331409920
569256434736746496
569272664344428545
569332471193595904
569357196141719552
569385862489776128
569454437288140800
569487788753555456
569543955622338560
569566712397471746
569622618195652608
569629215869382656
569631508379664384
569652497947734017
569672361890295808
569677563334942720
569687244031852544
569690603547697152
569718904131420161
569932833709527041
569954670006763520
569967850670018560
569969062228439040
569972073201688576
569997655713173504
570032541933051904
570051875652767744
570087305320357888
570124596180955136
570145106415771648
570288809532891137
570289584061480960
570308156699611137
567729368110096385
567731738924032000
567732351774781440
567746540903493632
567767738886545408
567815252881977344
567875594785923072
567881925727113217
567924107183915009
568135421445545984
568249421877653505
568382290352590848
568516490405679104
568590189582536704
568611514711552000
568662343170674688
568716388866629632
568802013196242944
568963006547111936
568968312274718721
569128660101427200
569228892638019585
569243807331409920
569256434736746496
569272664344428545
569332471193595904
569357196141719552
569385862489776128
569454437288140800
569487788753555456
569543955622338560
569566712397471746
569622618195652608
569629215869382656
569631508379664384
569652497947734017
569672361890295808
569677563334942720
569687244031852544
569690603547697152
569718904131420161
569932833709527041
569954670006763520
569967850670018560
569969062228439040
569972073201688576
569997655713173504
570032541933051904
570051875652767744
570087305320357888
570124596180955136
570145106415771648
570288809532891137
570289584061480960
570308156699611137
567729368110096385
567731738924032000
567732351774781440
567746540903493632
567767738886545408
567815252881977344
567875594785923072
567881925727113217
567924107183915009
568135421445545984
568249421877653505
568382290352590848
568516490405679104
568590189582536704
568611514711552000
568662343170674688
568716388866629632
568802013196242944
568963006547111936
568968312274718721
569128660101427200
569228892638019585
569243807331409920
569256434736746496
569272664344428545
569332471193595904
569357196141719552
569385862489776128
569454437288140800
569487788753555456
569543955622338560
569566712397471746
569622618195652608
569629215869382656
569631508379664384
569652497947734017
569672361890295808
569677563334942720
569687244031852544
569690603547697152
569718904131420161
569932833709527041
569954670006763520
569967850670018560
569969062228439040
569972073201688576
569997655713173504
570032541933051904
570051875652767744
570087305320357888
570124596180955136
570145106415771648
570288809532891137
570289584061480960
570308156699611137
567729368110096385
567731738924032000
567732351774781440
567746540903493632
567767738886545408
567815252881977344
567875594785923072
567881925727113217
567924107183915009
568135421445545984
568249421877653505
568382290352590848
568516490405679104
568590189582536704
568611514711552000
568662343170674688
568716388866629632
568802013196242944
568963006547111936
568968312274718721
569128660101427200
569228892638019585
569243807331409920
569256434736746496
569272664344428545
569332471193595904
569357196141719552
569385862489776128
569454437288140800
569487788753555456
569543955622338560
569566712397471746
569622618195652608
569629215869382656
569631508379664384
569652497947734017
569672361890295808
569677563334942720
569687244031852544
569690603547697152
569718904131420161
569932833709527041
569954670006763520
569967850670018560
569969062228439040
569972073201688576
569997655713173504
570032541933051904
570051875652767744
570087305320357888
570124596180955136
570145106415771648
570288809532891137
570289584061480960
570308156699611137
567729368110096385
567731738924032000
567732351774781440
567746540903493632
567767738886545408
567815252881977344
567875594785923072
567881925727113217
567924107183915009
568135421445545984
568249421877653505
568382290352590848
568516490405679104
568590189582536704
568611514711552000
568662343170674688
568716388866629632
568802013196242944
568963006547111936
568968312274718721
569128660101427200
569228892638019585
569243807331409920
569256434736746496
569272664344428545
569332471193595904
569357196141719552
569385862489776128
569454437288140800
569487788753555456
569543955622338560
569566712397471746
569622618195652608
569629215869382656
569631508379664384
569652497947734017
569672361890295808
569677563334942720
569687244031852544
569690603547697152
569718904131420161
569932833709527041
569954670006763520
569967850670018560
569969062228439040
569972073201688576
569997655713173504
570032541933051904
570051875652767744
570087305320357888
570124596180955136
570145106415771648
570288809532891137
570289584061480960
570308156699611137
