567852704980017152
568107719737020417
568206634758983681
568784295759777797
568831929102913536
568912678917271552
568941851228528642
568954266628575232
569002746117902336
569058014650433536
569241970662645762
569303931916038144
569334621252526080
569341255399964672
569365278963798017
569367682811715585
569370900568502272
569419928173989889
569484400594952192
569514430393913344
569519040504287232
569539074106789889
569606467646578688
569615636869062659
569626673034850304
569638240233390081
569640998491578369
569645048696053761
569648671870099456
569656088817233921
569664828911919104
569682149277900800
569699965527666688
569710072491745280
569741306190172161
567852704980017152
568107719737020417
568206634758983681
568784295759777797
568831929102913536
568912678917271552
568941851228528642
568954266628575232
569002746117902336
569058014650433536
569241970662645762
569303931916038144
569334621252526080
569341255399964672
569365278963798017
569367682811715585
569370900568502272
569419928173989889
569484400594952192
569514430393913344
569519040504287232
569539074106789889
569606467646578688
569615636869062659
569626673034850304
569638240233390081
569640998491578369
569645048696053761
569648671870099456
569656088817233921
569664828911919104
569682149277900800
569699965527666688
569710072491745280
569741306190172161
569843749230133248
567852704980017152
568107719737020417
568206634758983681
568784295759777797
568831929102913536
568912678917271552
568941851228528642
568954266628575232
569002746117902336
569058014650433536
569241970662645762
569303931916038144
569334621252526080
569341255399964672
569365278963798017
569367682811715585
569370900568502272
569419928173989889
569484400594952192
569514430393913344
569519040504287232
569539074106789889
569606467646578688
569615636869062659
569626673034850304
569638240233390081
569640998491578369
569645048696053761
569648671870099456
569656088817233921
569664828911919104
569682149277900800
569699965527666688
569710072491745280
569741306190172161
569843749230133248
569884052758659072
569897003255083008
569898994408693760
569940147615113216
569943022474956802
569946428547551233
569971998572589057
569975778953142272
570021485466685440
570084690608201728
570245576815546368
567852704980017152
568107719737020417
568206634758983681
568784295759777797
568831929102913536
568912678917271552
568941851228528642
568954266628575232
569002746117902336
569058014650433536
569241970662645762
569303931916038144
569334621252526080
569341255399964672
569365278963798017
569367682811715585
569370900568502272
569419928173989889
569484400594952192
569514430393913344
569519040504287232
569539074106789889
569606467646578688
569615636869062659
569626673034850304
569638240233390081
569640998491578369
569645048696053761
569648671870099456
569656088817233921
569664828911919104
569682149277900800
569699965527666688
569710072491745280
569741306190172161
569843749230133248
569884052758659072
569897003255083008
569898994408693760
569940147615113216
569943022474956802
569946428547551233
569971998572589057
569975778953142272
570021485466685440
570084690608201728
570245576815546368
567852704980017152
568107719737020417
568206634758983681
568784295759777797
568831929102913536
568912678917271552
568941851228528642
568954266628575232
569002746117902336
569058014650433536
569241970662645762
569303931916038144
569334621252526080
569341255399964672
569365278963798017
569367682811715585
569370900568502272
569419928173989889
569484400594952192
569514430393913344
569519040504287232
569539074106789889
569606467646578688
569615636869062659
569626673034850304
569638240233390081
569640998491578369
569645048696053761
569648671870099456
569656088817233921
569664828911919104
569682149277900800
569699965527666688
569710072491745280
569741306190172161
569843749230133248
569884052758659072
569897003255083008
569898994408693760
569940147615113216
569943022474956802
569946428547551233
569971998572589057
569975778953142272
570021485466685440
570084690608201728
570245576815546368
567852704980017152
568107719737020417
568206634758983681
568784295759777797
568831929102913536
568912678917271552
568941851228528642
568954266628575232
569002746117902336
569058014650433536
569241970662645762
569303931916038144
569334621252526080
569341255399964672
569365278963798017
569367682811715585
569370900568502272
569419928173989889
569484400594952192
569514430393913344
569519040504287232
569539074106789889
569606467646578688
569615636869062659
569626673034850304
569638240233390081
569640998491578369
569645048696053761
569648671870099456
569656088817233921
569664828911919104
569682149277900800
569699965527666688
569710072491745280
569741306190172161
569843749230133248
569884052758659072
569897003255083008
569898994408693760
569940147615113216
569943022474956802
569946428547551233
569971998572589057
569975778953142272
570021485466685440
570084690608201728
570245576815546368
567852704980017152
568107719737020417
568206634758983681
568784295759777797
568831929102913536
568912678917271552
568941851228528642
568954266628575232
569002746117902336
569058014650433536
569241970662645762
569303931916038144
569334621252526080
569341255399964672
569365278963798017
569367682811715585
569370900568502272
569419928173989889
569484400594952192
569514430393913344
569519040504287232
569539074106789889
569606467646578688
569615636869062659
569626673034850304
569638240233390081
569640998491578369
569645048696053761
569648671870099456
569656088817233921
569664828911919104
569682149277900800
569699965527666688
569710072491745280
569741306190172161
569843749230133248
569884052758659072
569897003255083008
569898994408693760
569940147615113216
569943022474956802
569946428547551233
569971998572589057
569975778953142272
570021485466685440
570084690608201728
570245576815546368
567852704980017152
568107719737020417
568206634758983681
568784295759777797
568831929102913536
568912678917271552
568941851228528642
568954266628575232
569002746117902336
569058014650433536
569241970662645762
569303931916038144
569334621252526080
569341255399964672
569365278963798017
569367682811715585
569370900568502272
569419928173989889
569484400594952192
569514430393913344
569519040504287232
569539074106789889
569606467646578688
569615636869062659
569626673034850304
569638240233390081
569640998491578369
569645048696053761
569648671870099456
569656088817233921
569664828911919104
569682149277900800
569699965527666688
569710072491745280
569741306190172161
569843749230133248
569884052758659072
569897003255083008
569898994408693760
569940147615113216
569943022474956802
569946428547551233
569971998572589057
569975778953142272
570021485466685440
570084690608201728
570245576815546368
