568161493981794304
568210310663835648
568523935853051906
568546837231042560
568561938457690112
568578381320597504
568682740020690945
568706272788262912
568743141861228544
568876836324638720
568906503358259200
569297324285022209
568161493981794304
568210310663835648
568523935853051906
568546837231042560
568561938457690112
568578381320597504
568682740020690945
568706272788262912
568743141861228544
568876836324638720
568906503358259200
569297324285022209
568161493981794304
568210310663835648
568523935853051906
568546837231042560
568561938457690112
568578381320597504
568682740020690945
568706272788262912
568743141861228544
568876836324638720
568906503358259200
569297324285022209
570291817087930369
568161493981794304
568210310663835648
568523935853051906
568546837231042560
568561938457690112
568578381320597504
568682740020690945
568706272788262912
568743141861228544
568876836324638720
568906503358259200
569297324285022209
570291817087930369
568161493981794304
568210310663835648
568523935853051906
568546837231042560
568561938457690112
568578381320597504
568682740020690945
568706272788262912
568743141861228544
568876836324638720
568906503358259200
569297324285022209
570291817087930369
568161493981794304
568210310663835648
568523935853051906
568546837231042560
568561938457690112
568578381320597504
568682740020690945
568706272788262912
568743141861228544
568876836324638720
568906503358259200
569297324285022209
570291817087930369
568161493981794304
568210310663835648
568523935853051906
568546837231042560
568561938457690112
568578381320597504
568682740020690945
568706272788262912
568743141861228544
568876836324638720
568906503358259200
569297324285022209
570291817087930369
568161493981794304
568210310663835648
568523935853051906
568546837231042560
568561938457690112
568578381320597504
568682740020690945
568706272788262912
568743141861228544
568876836324638720
568906503358259200
569297324285022209
570291817087930369
