567747769176432640
567807786748284928
567845998166339584
567873229055991808
567892395867656193
567927503718731777
568171002208886784
568229427286405121
568535163690287104
568644931792687104
568738229274464256
568798264943902720
568850531642253312
568855090930429952
568881148325007360
568982494676172800
569011846432366592
569014098811351040
569021943828983808
569334462292434944
569387005131546624
569397984519016448
569551241967067136
569558235897688064
569567084721655808
569600023597428736
569618014141751298
569665692770967552
569695695868817410
569724119748636672
569728621344104448
569743891714347009
569799734774272002
567747769176432640
567807786748284928
567845998166339584
567873229055991808
567892395867656193
567927503718731777
568171002208886784
568229427286405121
568535163690287104
568644931792687104
568738229274464256
568798264943902720
568850531642253312
568855090930429952
568881148325007360
568982494676172800
569011846432366592
569014098811351040
569021943828983808
569334462292434944
569387005131546624
569397984519016448
569551241967067136
569558235897688064
569567084721655808
569600023597428736
569618014141751298
569665692770967552
569695695868817410
569724119748636672
569728621344104448
569743891714347009
569799734774272002
567747769176432640
567807786748284928
567845998166339584
567873229055991808
567892395867656193
567927503718731777
568171002208886784
568229427286405121
568535163690287104
568644931792687104
568738229274464256
568798264943902720
568850531642253312
568855090930429952
568881148325007360
568982494676172800
569011846432366592
569014098811351040
569021943828983808
569334462292434944
569387005131546624
569397984519016448
569551241967067136
569558235897688064
569567084721655808
569600023597428736
569618014141751298
569665692770967552
569695695868817410
569724119748636672
569728621344104448
569743891714347009
569799734774272002
569926412234326016
569926945535860736
569957240960094209
569978876861902848
570222626712514560
570280225625362432
570306867878072320
570307312675651585
567747769176432640
567807786748284928
567845998166339584
567873229055991808
567892395867656193
567927503718731777
568171002208886784
568229427286405121
568535163690287104
568644931792687104
568738229274464256
568798264943902720
568850531642253312
568855090930429952
568881148325007360
568982494676172800
569011846432366592
569014098811351040
569021943828983808
569334462292434944
569387005131546624
569397984519016448
569551241967067136
569558235897688064
569567084721655808
569600023597428736
569618014141751298
569665692770967552
569695695868817410
569724119748636672
569728621344104448
569743891714347009
569799734774272002
569926412234326016
569926945535860736
569957240960094209
569978876861902848
570222626712514560
570280225625362432
570306867878072320
570307312675651585
567747769176432640
567807786748284928
567845998166339584
567873229055991808
567892395867656193
567927503718731777
568171002208886784
568229427286405121
568535163690287104
568644931792687104
568738229274464256
568798264943902720
568850531642253312
568855090930429952
568881148325007360
568982494676172800
569011846432366592
569014098811351040
569021943828983808
569334462292434944
569387005131546624
569397984519016448
569551241967067136
569558235897688064
569567084721655808
569600023597428736
569618014141751298
569665692770967552
569695695868817410
569724119748636672
569728621344104448
569743891714347009
569799734774272002
569926412234326016
569926945535860736
569957240960094209
569978876861902848
570222626712514560
570280225625362432
570306867878072320
570307312675651585
567747769176432640
567807786748284928
567845998166339584
567873229055991808
567892395867656193
567927503718731777
568171002208886784
568229427286405121
568535163690287104
568644931792687104
568738229274464256
568798264943902720
568850531642253312
568855090930429952
568881148325007360
568982494676172800
569011846432366592
569014098811351040
569021943828983808
569334462292434944
569387005131546624
569397984519016448
569551241967067136
569558235897688064
569567084721655808
569600023597428736
569618014141751298
569665692770967552
569695695868817410
569724119748636672
569728621344104448
569743891714347009
569799734774272002
569926412234326016
569926945535860736
569957240960094209
569978876861902848
570222626712514560
570280225625362432
570306867878072320
570307312675651585
567747769176432640
567807786748284928
567845998166339584
567873229055991808
567892395867656193
567927503718731777
568171002208886784
568229427286405121
568535163690287104
568644931792687104
568738229274464256
568798264943902720
568850531642253312
568855090930429952
568881148325007360
568982494676172800
569011846432366592
569014098811351040
569021943828983808
569334462292434944
569387005131546624
569397984519016448
569551241967067136
569558235897688064
569567084721655808
569600023597428736
569618014141751298
569665692770967552
569695695868817410
569724119748636672
569728621344104448
569743891714347009
569799734774272002
569926412234326016
569926945535860736
569957240960094209
569978876861902848
570222626712514560
570280225625362432
570306867878072320
570307312675651585
567747769176432640
567807786748284928
567845998166339584
567873229055991808
567892395867656193
567927503718731777
568171002208886784
568229427286405121
568535163690287104
568644931792687104
568738229274464256
568798264943902720
568850531642253312
568855090930429952
568881148325007360
568982494676172800
569011846432366592
569014098811351040
569021943828983808
569334462292434944
569387005131546624
569397984519016448
569551241967067136
569558235897688064
569567084721655808
569600023597428736
569618014141751298
569665692770967552
569695695868817410
569724119748636672
569728621344104448
569743891714347009
569799734774272002
569926412234326016
569926945535860736
569957240960094209
569978876861902848
570222626712514560
570280225625362432
570306867878072320
570307312675651585
