567758009607421952
567764411205439488
567765690589790208
567793064221130752
567818953881419776
567832640289579008
567867311744380928
568011684067078144
568193698284118016
568217681838641152
568437450927955969
568518406959312897
568585196699664384
568773869512761345
568778115956092928
568808975828955136
568817526823456768
568899252149035008
569125697530101760
569276518305820672
569282312203997185
569378165610524672
569390507526369280
569500030459117568
569520929128251392
569608570066436096
569614024578600960
569619309401546752
569621714046455808
569693012885770240
569711253490409473
569808684252942336
567758009607421952
567764411205439488
567765690589790208
567793064221130752
567818953881419776
567832640289579008
567867311744380928
568011684067078144
568193698284118016
568217681838641152
568437450927955969
568518406959312897
568585196699664384
568773869512761345
568778115956092928
568808975828955136
568817526823456768
568899252149035008
569125697530101760
569276518305820672
569282312203997185
569378165610524672
569390507526369280
569500030459117568
569520929128251392
569608570066436096
569614024578600960
569619309401546752
569621714046455808
569693012885770240
569711253490409473
569808684252942336
567758009607421952
567764411205439488
567765690589790208
567793064221130752
567818953881419776
567832640289579008
567867311744380928
568011684067078144
568193698284118016
568217681838641152
568437450927955969
568518406959312897
568585196699664384
568773869512761345
568778115956092928
568808975828955136
568817526823456768
568899252149035008
569125697530101760
569276518305820672
569282312203997185
569378165610524672
569390507526369280
569500030459117568
569520929128251392
569608570066436096
569614024578600960
569619309401546752
569621714046455808
569693012885770240
569711253490409473
569808684252942336
569852334324518912
569858330421694465
569905884425383936
569923242015764480
570070740566990848
570177752973885440
570230752476049408
570246490473566208
570280653389996034
