567831549539966976
567872077899763712
567873006501888000
568052677881565185
568067065388642304
568094760151486464
568115571788808192
568115829616861184
568183699658944512
568250993776803840
568251373189349376
568352692466278400
568364074427420672
568432782386466816
568635531900243968
568824193380425731
568826215089475584
568948323916255233
568951922734055424
568962249177436160
568964227366387713
569260955953176578
569262534232039427
569439089063280640
569589123218079745
569600989055086592
569601264679559168
569666679963312129
569721721944735744
569746542275354625
567831549539966976
567872077899763712
567873006501888000
568052677881565185
568067065388642304
568094760151486464
568115571788808192
568115829616861184
568183699658944512
568250993776803840
568251373189349376
568352692466278400
568364074427420672
568432782386466816
568635531900243968
568824193380425731
568826215089475584
568948323916255233
568951922734055424
568962249177436160
568964227366387713
569260955953176578
569262534232039427
569439089063280640
569589123218079745
569600989055086592
569601264679559168
569666679963312129
569721721944735744
569746542275354625
569828681297870848
567831549539966976
567872077899763712
567873006501888000
568052677881565185
568067065388642304
568094760151486464
568115571788808192
568115829616861184
568183699658944512
568250993776803840
568251373189349376
568352692466278400
568364074427420672
568432782386466816
568635531900243968
568824193380425731
568826215089475584
568948323916255233
568951922734055424
568962249177436160
568964227366387713
569260955953176578
569262534232039427
569439089063280640
569589123218079745
569600989055086592
569601264679559168
569666679963312129
569721721944735744
569746542275354625
569828681297870848
569878584967344128
569883285989531649
569910395667935232
569917117576949760
569998992475627521
570002432375148544
570138307767578625
570265596220166144
570271846718775296
