567670985403285504
567718099794006016
567725125194493953
567737803060940800
567764858817773570
567780392179351553
567781607797305345
567786475262345216
567831160978677760
567840103122509825
567863082346627072
567871783107452930
567893822585327616
567904438834167809
568083251866152960
568133754142793728
568166099184783360
568353091407495168
568454321219596289
568502226597101568
568540097639030784
568588936852799488
568592520659267584
568626612314308608
568947860424642560
568956596862066688
569006176186183680
569016588411789312
569185684268789761
569220096490483712
569248055817404416
569249783216537601
569264736455536641
569273785553178624
569302490421833729
569346433305993216
569356513061556225
569418216935723008
569487075797565440
569489753332191232
569529020892651521
569541879441858560
569542699222573056
569596502558920707
569601934853873664
569603357406576641
569607757784952832
569615410720432128
569616362223628289
569624798860587008
569644213224148993
569651818453708800
569666687253008384
569676387113672704
569685194908819457
569692110619877376
569695357858238464
569740152966238208
569763137819267072
567670985403285504
567718099794006016
567725125194493953
567737803060940800
567764858817773570
567780392179351553
567781607797305345
567786475262345216
567831160978677760
567840103122509825
567863082346627072
567871783107452930
567893822585327616
567904438834167809
568083251866152960
568133754142793728
568166099184783360
568353091407495168
568454321219596289
568502226597101568
568540097639030784
568588936852799488
568592520659267584
568626612314308608
568947860424642560
568956596862066688
569006176186183680
569016588411789312
569185684268789761
569220096490483712
569248055817404416
569249783216537601
569264736455536641
569273785553178624
569302490421833729
569346433305993216
569356513061556225
569418216935723008
569487075797565440
569489753332191232
569529020892651521
569541879441858560
569542699222573056
569596502558920707
569601934853873664
569603357406576641
569607757784952832
569615410720432128
569616362223628289
569624798860587008
569644213224148993
569651818453708800
569666687253008384
569676387113672704
569685194908819457
569692110619877376
569695357858238464
569740152966238208
569763137819267072
567670985403285504
567718099794006016
567725125194493953
567737803060940800
567764858817773570
567780392179351553
567781607797305345
567786475262345216
567831160978677760
567840103122509825
567863082346627072
567871783107452930
567893822585327616
567904438834167809
568083251866152960
568133754142793728
568166099184783360
568353091407495168
568454321219596289
568502226597101568
568540097639030784
568588936852799488
568592520659267584
568626612314308608
568947860424642560
568956596862066688
569006176186183680
569016588411789312
569185684268789761
569220096490483712
569248055817404416
569249783216537601
569264736455536641
569273785553178624
569302490421833729
569346433305993216
569356513061556225
569418216935723008
569487075797565440
569489753332191232
569529020892651521
569541879441858560
569542699222573056
569596502558920707
569601934853873664
569603357406576641
569607757784952832
569615410720432128
569616362223628289
569624798860587008
569644213224148993
569651818453708800
569666687253008384
569676387113672704
569685194908819457
569692110619877376
569695357858238464
569740152966238208
569763137819267072
569844812783996928
569863183961165826
569865540098871298
569869884164714498
569870007368331264
569870837815205888
569887996071297024
569893988846546945
569910943720669184
569912710848057344
569970518381744128
569975155964772352
569995513623408641
570009035455344640
570034025148108800
570101371409559552
570123207824568320
570141242769559552
570157210183069696
570198506222194692
570221955976187904
570224727047872514
570241070577139713
570247428139569152
570260387746029568
570278679491670016
570282089863626752
570298455068971008
570303797605617665
570308799950692353
567670985403285504
567718099794006016
567725125194493953
567737803060940800
567764858817773570
567780392179351553
567781607797305345
567786475262345216
567831160978677760
567840103122509825
567863082346627072
567871783107452930
567893822585327616
567904438834167809
568083251866152960
568133754142793728
568166099184783360
568353091407495168
568454321219596289
568502226597101568
568540097639030784
568588936852799488
568592520659267584
568626612314308608
568947860424642560
568956596862066688
569006176186183680
569016588411789312
569185684268789761
569220096490483712
569248055817404416
569249783216537601
569264736455536641
569273785553178624
569302490421833729
569346433305993216
569356513061556225
569418216935723008
569487075797565440
569489753332191232
569529020892651521
569541879441858560
569542699222573056
569596502558920707
569601934853873664
569603357406576641
569607757784952832
569615410720432128
569616362223628289
569624798860587008
569644213224148993
569651818453708800
569666687253008384
569676387113672704
569685194908819457
569692110619877376
569695357858238464
569740152966238208
569763137819267072
569844812783996928
569863183961165826
569865540098871298
569869884164714498
569870007368331264
569870837815205888
569887996071297024
569893988846546945
569910943720669184
569912710848057344
569970518381744128
569975155964772352
569995513623408641
570009035455344640
570034025148108800
570101371409559552
570123207824568320
570141242769559552
570157210183069696
570198506222194692
570221955976187904
570224727047872514
570241070577139713
570247428139569152
570260387746029568
570278679491670016
570282089863626752
570298455068971008
570303797605617665
570308799950692353
567670985403285504
567718099794006016
567725125194493953
567737803060940800
567764858817773570
567780392179351553
567781607797305345
567786475262345216
567831160978677760
567840103122509825
567863082346627072
567871783107452930
567893822585327616
567904438834167809
568083251866152960
568133754142793728
568166099184783360
568353091407495168
568454321219596289
568502226597101568
568540097639030784
568588936852799488
568592520659267584
568626612314308608
568947860424642560
568956596862066688
569006176186183680
569016588411789312
569185684268789761
569220096490483712
569248055817404416
569249783216537601
569264736455536641
569273785553178624
569302490421833729
569346433305993216
569356513061556225
569418216935723008
569487075797565440
569489753332191232
569529020892651521
569541879441858560
569542699222573056
569596502558920707
569601934853873664
569603357406576641
569607757784952832
569615410720432128
569616362223628289
569624798860587008
569644213224148993
569651818453708800
569666687253008384
569676387113672704
569685194908819457
569692110619877376
569695357858238464
569740152966238208
569763137819267072
569844812783996928
569863183961165826
569865540098871298
569869884164714498
569870007368331264
569870837815205888
569887996071297024
569893988846546945
569910943720669184
569912710848057344
569970518381744128
569975155964772352
569995513623408641
570009035455344640
570034025148108800
570101371409559552
570123207824568320
570141242769559552
570157210183069696
570198506222194692
570221955976187904
570224727047872514
570241070577139713
570247428139569152
570260387746029568
570278679491670016
570282089863626752
570298455068971008
570303797605617665
570308799950692353
567670985403285504
567718099794006016
567725125194493953
567737803060940800
567764858817773570
567780392179351553
567781607797305345
567786475262345216
567831160978677760
567840103122509825
567863082346627072
567871783107452930
567893822585327616
567904438834167809
568083251866152960
568133754142793728
568166099184783360
568353091407495168
568454321219596289
568502226597101568
568540097639030784
568588936852799488
568592520659267584
568626612314308608
568947860424642560
568956596862066688
569006176186183680
569016588411789312
569185684268789761
569220096490483712
569248055817404416
569249783216537601
569264736455536641
569273785553178624
569302490421833729
569346433305993216
569356513061556225
569418216935723008
569487075797565440
569489753332191232
569529020892651521
569541879441858560
569542699222573056
569596502558920707
569601934853873664
569603357406576641
569607757784952832
569615410720432128
569616362223628289
569624798860587008
569644213224148993
569651818453708800
569666687253008384
569676387113672704
569685194908819457
569692110619877376
569695357858238464
569740152966238208
569763137819267072
569844812783996928
569863183961165826
569865540098871298
569869884164714498
569870007368331264
569870837815205888
569887996071297024
569893988846546945
569910943720669184
569912710848057344
569970518381744128
569975155964772352
569995513623408641
570009035455344640
570034025148108800
570101371409559552
570123207824568320
570141242769559552
570157210183069696
570198506222194692
570221955976187904
570224727047872514
570241070577139713
570247428139569152
570260387746029568
570278679491670016
570282089863626752
570298455068971008
570303797605617665
570308799950692353
567670985403285504
567718099794006016
567725125194493953
567737803060940800
567764858817773570
567780392179351553
567781607797305345
567786475262345216
567831160978677760
567840103122509825
567863082346627072
567871783107452930
567893822585327616
567904438834167809
568083251866152960
568133754142793728
568166099184783360
568353091407495168
568454321219596289
568502226597101568
568540097639030784
568588936852799488
568592520659267584
568626612314308608
568947860424642560
568956596862066688
569006176186183680
569016588411789312
569185684268789761
569220096490483712
569248055817404416
569249783216537601
569264736455536641
569273785553178624
569302490421833729
569346433305993216
569356513061556225
569418216935723008
569487075797565440
569489753332191232
569529020892651521
569541879441858560
569542699222573056
569596502558920707
569601934853873664
569603357406576641
569607757784952832
569615410720432128
569616362223628289
569624798860587008
569644213224148993
569651818453708800
569666687253008384
569676387113672704
569685194908819457
569692110619877376
569695357858238464
569740152966238208
569763137819267072
569844812783996928
569863183961165826
569865540098871298
569869884164714498
569870007368331264
569870837815205888
569887996071297024
569893988846546945
569910943720669184
569912710848057344
569970518381744128
569975155964772352
569995513623408641
570009035455344640
570034025148108800
570101371409559552
570123207824568320
570141242769559552
570157210183069696
570198506222194692
570221955976187904
570224727047872514
570241070577139713
570247428139569152
570260387746029568
570278679491670016
570282089863626752
570298455068971008
570303797605617665
570308799950692353
567670985403285504
567718099794006016
567725125194493953
567737803060940800
567764858817773570
567780392179351553
567781607797305345
567786475262345216
567831160978677760
567840103122509825
567863082346627072
567871783107452930
567893822585327616
567904438834167809
568083251866152960
568133754142793728
568166099184783360
568353091407495168
568454321219596289
568502226597101568
568540097639030784
568588936852799488
568592520659267584
568626612314308608
568947860424642560
568956596862066688
569006176186183680
569016588411789312
569185684268789761
569220096490483712
569248055817404416
569249783216537601
569264736455536641
569273785553178624
569302490421833729
569346433305993216
569356513061556225
569418216935723008
569487075797565440
569489753332191232
569529020892651521
569541879441858560
569542699222573056
569596502558920707
569601934853873664
569603357406576641
569607757784952832
569615410720432128
569616362223628289
569624798860587008
569644213224148993
569651818453708800
569666687253008384
569676387113672704
569685194908819457
569692110619877376
569695357858238464
569740152966238208
569763137819267072
569844812783996928
569863183961165826
569865540098871298
569869884164714498
569870007368331264
569870837815205888
569887996071297024
569893988846546945
569910943720669184
569912710848057344
569970518381744128
569975155964772352
569995513623408641
570009035455344640
570034025148108800
570101371409559552
570123207824568320
570141242769559552
570157210183069696
570198506222194692
570221955976187904
570224727047872514
570241070577139713
570247428139569152
570260387746029568
570278679491670016
570282089863626752
570298455068971008
570303797605617665
570308799950692353
