569372422509453313
569631377865515008
569372422509453313
569631377865515008
569372422509453313
569631377865515008
569888183409893377
569901314026692611
569372422509453313
569631377865515008
569888183409893377
569901314026692611
569372422509453313
569631377865515008
569888183409893377
569901314026692611
569372422509453313
569631377865515008
569888183409893377
569901314026692611
569372422509453313
569631377865515008
569888183409893377
569901314026692611
569372422509453313
569631377865515008
569888183409893377
569901314026692611
