567758882484793344
567848843372601346
568045949999661058
568165573869199361
568448282239713280
569161583718473728
569587371693355008
569589079710380032
569606513859305473
569633482915209216
569650813070483457
569652564544761856
569689743061069824
569690131235340288
567758882484793344
567848843372601346
568045949999661058
568165573869199361
568448282239713280
569161583718473728
569587371693355008
569589079710380032
569606513859305473
569633482915209216
569650813070483457
569652564544761856
569689743061069824
569690131235340288
567758882484793344
567848843372601346
568045949999661058
568165573869199361
568448282239713280
569161583718473728
569587371693355008
569589079710380032
569606513859305473
569633482915209216
569650813070483457
569652564544761856
569689743061069824
569690131235340288
569872009380941825
569966745982791680
569986246648442881
570058699676520448
570072227942674432
570081695342309377
570295174385016832
567758882484793344
567848843372601346
568045949999661058
568165573869199361
568448282239713280
569161583718473728
569587371693355008
569589079710380032
569606513859305473
569633482915209216
569650813070483457
569652564544761856
569689743061069824
569690131235340288
569872009380941825
569966745982791680
569986246648442881
570058699676520448
570072227942674432
570081695342309377
570295174385016832
567758882484793344
567848843372601346
568045949999661058
568165573869199361
568448282239713280
569161583718473728
569587371693355008
569589079710380032
569606513859305473
569633482915209216
569650813070483457
569652564544761856
569689743061069824
569690131235340288
569872009380941825
569966745982791680
569986246648442881
570058699676520448
570072227942674432
570081695342309377
570295174385016832
567758882484793344
567848843372601346
568045949999661058
568165573869199361
568448282239713280
569161583718473728
569587371693355008
569589079710380032
569606513859305473
569633482915209216
569650813070483457
569652564544761856
569689743061069824
569690131235340288
569872009380941825
569966745982791680
569986246648442881
570058699676520448
570072227942674432
570081695342309377
570295174385016832
567758882484793344
567848843372601346
568045949999661058
568165573869199361
568448282239713280
569161583718473728
569587371693355008
569589079710380032
569606513859305473
569633482915209216
569650813070483457
569652564544761856
569689743061069824
569690131235340288
569872009380941825
569966745982791680
569986246648442881
570058699676520448
570072227942674432
570081695342309377
570295174385016832
567758882484793344
567848843372601346
568045949999661058
568165573869199361
568448282239713280
569161583718473728
569587371693355008
569589079710380032
569606513859305473
569633482915209216
569650813070483457
569652564544761856
569689743061069824
569690131235340288
569872009380941825
569966745982791680
569986246648442881
570058699676520448
570072227942674432
570081695342309377
570295174385016832
