567726949049454592
567731246462033920
567760115579621376
567765457731624960
567779815227260928
567780076926693376
567787583138230272
567793635892174848
567800801248161792
568080061372502016
568126682336534529
568180928746369027
568220313370013696
568233937761230848
568440527328120832
568494397144358914
568575335148580864
568587228353585154
568589740833939456
568781450146787328
568825542792720385
568828574641328128
568834328937009152
568849994167529472
568882359409340416
568905924217217024
568969519252680706
568987434051989504
569124760224813056
569148114193530881
569180541662027779
569206711443181569
569302780013355008
569304533140185088
569304845091524608
569321988591906818
569332471193595904
569384007550394369
569483821080453121
569491061543796737
569667075280498688
569672091550658560
569676204728389632
567726949049454592
567731246462033920
567760115579621376
567765457731624960
567779815227260928
567780076926693376
567787583138230272
567793635892174848
567800801248161792
568080061372502016
568126682336534529
568180928746369027
568220313370013696
568233937761230848
568440527328120832
568494397144358914
568575335148580864
568587228353585154
568589740833939456
568781450146787328
568825542792720385
568828574641328128
568834328937009152
568849994167529472
568882359409340416
568905924217217024
568969519252680706
568987434051989504
569124760224813056
569148114193530881
569180541662027779
569206711443181569
569302780013355008
569304533140185088
569304845091524608
569321988591906818
569332471193595904
569384007550394369
569483821080453121
569491061543796737
569667075280498688
569672091550658560
569676204728389632
567726949049454592
567731246462033920
567760115579621376
567765457731624960
567779815227260928
567780076926693376
567787583138230272
567793635892174848
567800801248161792
568080061372502016
568126682336534529
568180928746369027
568220313370013696
568233937761230848
568440527328120832
568494397144358914
568575335148580864
568587228353585154
568589740833939456
568781450146787328
568825542792720385
568828574641328128
568834328937009152
568849994167529472
568882359409340416
568905924217217024
568969519252680706
568987434051989504
569124760224813056
569148114193530881
569180541662027779
569206711443181569
569302780013355008
569304533140185088
569304845091524608
569321988591906818
569332471193595904
569384007550394369
569483821080453121
569491061543796737
569667075280498688
569672091550658560
569676204728389632
569980631548973057
570013108070014976
570032108447494144
570100409009770497
570183297759752192
570264316743544832
570264474784894976
