567853497435160577
567882458357714944
568464356687679488
568468724048646145
568645576008400896
568812129308053504
568826365878730753
568862241497305088
568881357583097857
568897720410374145
569117360965193728
569231300843970561
569268918566719488
569318589817364481
569567144318365696
569616699604934656
569641346316640256
569720394782875649
567853497435160577
567882458357714944
568464356687679488
568468724048646145
568645576008400896
568812129308053504
568826365878730753
568862241497305088
568881357583097857
568897720410374145
569117360965193728
569231300843970561
569268918566719488
569318589817364481
569567144318365696
569616699604934656
569641346316640256
569720394782875649
567853497435160577
567882458357714944
568464356687679488
568468724048646145
568645576008400896
568812129308053504
568826365878730753
568862241497305088
568881357583097857
568897720410374145
569117360965193728
569231300843970561
569268918566719488
569318589817364481
569567144318365696
569616699604934656
569641346316640256
569720394782875649
569880105507540992
569966422744395776
570051875652767744
570051991277342720
570172549910409217
570304445336178688
567853497435160577
567882458357714944
568464356687679488
568468724048646145
568645576008400896
568812129308053504
568826365878730753
568862241497305088
568881357583097857
568897720410374145
569117360965193728
569231300843970561
569268918566719488
569318589817364481
569567144318365696
569616699604934656
569641346316640256
569720394782875649
569880105507540992
569966422744395776
570051875652767744
570051991277342720
570172549910409217
570304445336178688
567853497435160577
567882458357714944
568464356687679488
568468724048646145
568645576008400896
568812129308053504
568826365878730753
568862241497305088
568881357583097857
568897720410374145
569117360965193728
569231300843970561
569268918566719488
569318589817364481
569567144318365696
569616699604934656
569641346316640256
569720394782875649
569880105507540992
569966422744395776
570051875652767744
570051991277342720
570172549910409217
570304445336178688
567853497435160577
567882458357714944
568464356687679488
568468724048646145
568645576008400896
568812129308053504
568826365878730753
568862241497305088
568881357583097857
568897720410374145
569117360965193728
569231300843970561
569268918566719488
569318589817364481
569567144318365696
569616699604934656
569641346316640256
569720394782875649
569880105507540992
569966422744395776
570051875652767744
570051991277342720
570172549910409217
570304445336178688
567853497435160577
567882458357714944
568464356687679488
568468724048646145
568645576008400896
568812129308053504
568826365878730753
568862241497305088
568881357583097857
568897720410374145
569117360965193728
569231300843970561
569268918566719488
569318589817364481
569567144318365696
569616699604934656
569641346316640256
569720394782875649
569880105507540992
569966422744395776
570051875652767744
570051991277342720
570172549910409217
570304445336178688
567853497435160577
567882458357714944
568464356687679488
568468724048646145
568645576008400896
568812129308053504
568826365878730753
568862241497305088
568881357583097857
568897720410374145
569117360965193728
569231300843970561
569268918566719488
569318589817364481
569567144318365696
569616699604934656
569641346316640256
569720394782875649
569880105507540992
569966422744395776
570051875652767744
570051991277342720
570172549910409217
570304445336178688
