567671602280923136
567713338873118722
567719005713334276
567720839408533504
567724266045837313
567725387904720896
567727159096385536
567729241312489472
567729700110602240
567732427691683840
567733847132229632
567736507687895040
567737554087059457
567737653118779392
567738375755415552
567739553251725312
567739813114417152
567740053967736832
567743010322935808
567744627143213056
567749243658858496
567752558207586304
567755768037130241
567756085583302656
567758065320361985
567759012806029312
567760872739975168
567762099708112897
567764034418909186
567767009908109312
567768830265401344
567770993159307264
567772219549478912
567772770604298240
567773445195583488
567777978327633920
567778512548167680
567783802492420096
567786652991770629
567788199175786496
567789749013086208
567793072060276736
567793696956231680
567795026307325952
567796029056385024
567796570197086208
567797327071838208
567798535262060544
567800671572926464
567800930683609088
567802781877407744
567803467282046976
567804700951855104
567805894885638144
567806151191191553
567807967706488832
567810259675537408
567811236231954433
567812402764374016
567812544099827712
567813437003411456
567814633047728128
567815174045868032
567815252881977344
567816909816635392
567818055771918336
567821133245067264
567823967555178496
567826439392927744
567829387485130752
567829906861793280
567831160748916736
567832153670705152
567832640289579008
567833231434723328
567833247242264577
567834021293596672
567842806930239488
567844362601697280
567845165781532672
567847344307347456
567847753277120512
567850015600685056
567850537716092928
567850746319753217
567854566122864640
567860450676903936
567862240419934208
567862628460158976
567862814578061312
567863197341847552
567864832235405313
567865403101298688
567872810770657280
567878078782898176
567878239156338688
567880664600698880
567880908528832513
567881096647569408
567883722948763648
567884863031762945
567885982340636672
567890395322920960
567891805867483136
567901267063803904
567905158346207233
567907212154118145
567909106553483264
567915499868131328
567918161540046848
567925957090238464
567931567881875457
567939242854215680
567946595481706496
567971610801664000
567999609248858112
568014567089029120
568020304510869504
568027443052720130
568027698452426752
568029222574407680
568031706944540672
568031932719566849
568037591687270400
568039128001937408
568039503065174016
568041225174953985
568041723642961920
568045766280933377
568051605247021056
568052101504372737
568052343922507776
568053732929359872
568062560198664192
568063386321158145
568064545568092160
568064947214782464
568067065388642304
568068509613178880
568070522908442625
568072770103308288
568073698877554689
568074993856335872
568082656413552640
568089179520954368
568093988516802560
568094172508336128
568095863731433473
568102992110465025
568103967185444866
568104397869350912
568108322924191744
568112237765722113
568112409841238016
568112842261594112
568113383242911744
568118442454355968
568124226135130112
568126169008218112
568127465224323072
568128390487789568
568129909408841728
568133264168214528
568134058242400256
568135839814807552
568140329821577217
568140850963881984
568146157534367744
568147319155073024
568148807684198401
568149600403660800
568152863962238976
568155933832044544
568155954484797442
568157856576475136
568159336104636417
568160713170149376
568162409837400064
568165907975053312
568166054624669696
568167414493532161
568168661732724736
568169732895051777
568170119664443393
568171144504872961
568172386903851008
568172839758630912
568173388663013377
568173938292985858
568176902801735680
568179591480811521
568182492055912449
568185516971204608
568187636449472513
568188243713372161
568188595456118785
568189945308786688
568192024026996736
568198349393768448
568200350697717760
568202855166967808
568204964742496256
568206570540163072
568210186755813376
568211739059326976
568213658117005314
568215031608815617
568215698524246016
568220313370013696
568221167288344577
568223380375076864
568225650760413184
568226026209341441
568228505160433665
568231742449922049
568233965800304640
568238227791822850
568238605036064768
568245800788221953
568246340246999041
568251373189349376
568257389402710016
568258333649604608
568264441906618368
568278231973044225
568279415370735618
568350913858965504
568358096290111489
568377392420356096
568382290352590848
568385676737167360
568394432900431872
568405950958333952
568408653562294272
568412546673352705
568413673330331648
568416519073468416
568423588077936640
568425317028610049
568425737092513792
568426870963712000
568434482270707712
568436081303158784
568438000843034624
568440180769746946
568441576206286848
568442328794464256
568446450700558336
568447131431931904
568450017649778688
568450407204139008
568450413365571584
568452186977361921
568458813189197824
568463644503240704
568464337146404864
568472783354773504
568473401544859648
568483773467262976
568484677868265473
568490190194515970
568491035564879872
568491900195500032
568494466929188864
568499953041080321
568502766747971585
568505615208693761
568510570799869952
568510632930050048
568515101319254016
568517386795507712
568525368572817408
568527517910319104
568529856977199104
568531076915662848
568541965060427776
568542364207325185
568544738032242688
568547007003955200
568547201208565760
568547227527819264
568548205421563906
568553101587832832
568556148368019456
568559680894550016
568560130117251072
568562631616942080
568562728585064449
568562804837490688
568564006329434113
568564799593820161
568567048801906688
568569662717313024
568572506300243968
568575417650679808
568576810474201088
568579880046227457
568584029106266113
568585356586586113
568589359034859520
568598412544704512
568598882613133314
568602007583354880
568602941940043776
568603081274986496
568604690767872000
568605449659895808
568605590735294464
568612680937766912
568621100914991104
568621210986090497
568624528131125248
568625636639506433
568629979719675904
568633361595412481
568636400419151873
568640713635676160
568646083162836992
568647206695120896
568647808619659264
568650439639437313
568654300802473985
568656507480481792
568659661861175297
568669880922165248
568672467889176577
568716015338717184
568748360599019520
568752061682208768
568752793999286273
568755032138469376
568757166674460672
568758001856847872
568769373122342912
568769786890424320
568772614639845377
568780675672907776
568781747128803328
568782405965713408
568782761852596225
568784261064622080
568784868257214464
568785504004497408
568786315820470272
568788947859607552
568789267180331008
568789565483454464
568794248654426112
568795746721513472
568796340714639360
568799486392143872
568800846789545984
568801442770743296
568802013196242944
568803231335387137
568803598638796800
568805571647942656
568806618097455104
568808165636214784
568808318560550912
568810539939459072
568814251311288320
568818695562260481
568822440631144448
568825140898873344
568828267660054528
568834182694240256
568835134603931649
568837615220166657
568838781907935233
568840506148573186
568845539405656064
568845724110213120
568849994167529472
568853249551409153
568853412617560064
568854763057475584
568855468975759360
568855505747095552
568857976733376512
568859726315827200
568860389640962048
568860978231709697
568863304975839233
568868515857321985
568870394708545536
568871330495406080
568872365146251264
568872880865325056
568875591308611584
568881580015366145
568882182686707712
568882321119510528
568884211739971584
568884252110159873
568888167681695744
568889252185903104
568891974687830016
568899516872568832
568903082765000704
568908255310827520
568908748732760064
568910753652199424
568910988361244672
568916446710857728
568917936783491073
568921315069042688
568921625715814401
568922138348019712
568926999680569344
568929754151145472
568929979981033472
568931762518110208
568932998051016704
568933672033910784
568934749571387392
568940291530493952
568947768149938176
568949545972961280
568951063463616512
568951064688373760
568954934084788224
568957488021827585
568961404067164160
568962609375895552
568963494390820864
568964652455092224
568964945259466752
568965165783388160
568973348840943616
568976617453658113
568977696786673664
568982505551851520
568982915956277249
568983580585517056
568987648691449857
568995447768899584
568997394345533440
569006801192161280
569011849976348672
569012722169466880
569023489492955136
569030463760650241
569039105775939584
569088825420607488
569091378438746112
569111291454840833
569113910776881152
569118085245898752
569121160149012480
569124024426618881
569126841354743809
569130620963696640
569136050951622656
569143946930196483
569148114193530881
569154503188070400
569162600237236224
569165517614944256
569165709516759042
569173103009525760
569176528338202624
569176777056079874
569177940027674624
569188266089381888
569189483469410305
569189550570016768
569194348375613441
569200932577280000
569205125278859265
569207912251289600
569212300265017345
569212457706782720
569213183455563776
569215035089690624
569215779830280192
569220243123544065
569221210019487745
569221337077587968
569221909231104000
569223830759059458
569226857272516608
569226875349835776
569227372223811584
569230515833856000
569230567759327233
569230652433936384
569231102428250112
569233955951480832
569234592420331520
569238749802074113
569239947061927938
569242047917502464
569248400836726786
569250438882705410
569250469178175488
569253382898126850
569256471046823937
569257033972604929
569257626715889664
569258013950808064
569262631258705920
569275935905722368
569276207696453632
569276854458310658
569277733416513536
569278644943757312
569278858123300864
569282312203997185
569284604567228416
569292859909672960
569294070129930240
569296707982221312
569298165855338497
569301244948324353
569302758018420736
569305239834136576
569305409925873664
569307917712805889
569310070825226241
569310731486699520
569311060903268352
569312129456545792
569312396097003520
569312734896136193
569316547673526272
569320520728113152
569322657822285824
569328005677494272
569330782537437184
569337274707660800
569337605223006209
569341791482220545
569343607326547968
569346870423769088
569351618522705920
569353641615687680
569357127040540673
569358701317869571
569359788120907776
569394015055040512
569394918675783681
569418497694035969
569435866902302720
569439674294337536
569439829328408576
569440689253158912
569444898660691968
569453313462132736
569456035930484737
569474700386045955
569475245708419072
569476281974132736
569476889313562624
569479404428120064
569487156399378434
569488587135295488
569489114707431424
569491590105980929
569503518224211968
569503649677750272
569516736162050048
569519571314589696
569519918833643521
569521778797744128
569523831460761601
569527176350969856
569527641025306624
569529412196167682
569530599129501696
569531969110974464
569533098402009088
569533355248766976
569535962604310529
569538135916351489
569538840735703040
569541336224927744
569541848877957120
569542114234671104
569544271017037824
569546412121202689
569547989007646721
569551779752386560
569552552297041920
569556131078475777
569558235897688064
569559370104639488
569560633957609472
569568300528635906
569572095794917376
569572707299299328
569573704902049793
569574221216661505
569574646229684224
569581903965265920
569581977889869825
569586189776371712
569587157574135808
569588348593025024
569588473050611712
569591285150908416
569591393540288512
569592022635585536
569596665864130562
569599713499963394
569600757516914688
569601275672829952
569601869598867456
569602057285574656
569603156927246336
569603326947364864
569603962233622528
569604777962643457
569605022197153792
569605593159352322
569606467646578688
569608322925473792
569609396461936640
569610759795314688
569611482234687488
569612804350717953
569615644448186369
569618371148443649
569618489788346368
569619075246235648
569619171866222592
569619984802054144
569620902742233088
569620944160886784
569621238152368128
569624798860587008
569625356942098432
569627574336421888
569627778892443648
569627907871502338
569629990129520641
569633562879619073
569635291490693120
569637822929317890
569638063825154049
569638848214507520
569641234769309696
569642267385798657
569643671198572544
569643921543958530
569644350906310657
569644456376340480
569644697309872128
569645505950695424
569646535215939585
569646827567501312
569646982282612736
569648229295329280
569650423318982657
569652497947734017
569652510794887168
569654428636049408
569655113477988352
569655141890170880
569657850856919041
569658243871608832
569659473804947456
569659620517662721
569660461601447936
569661321744134144
569662906842750976
569663701017624576
569666686086819840
569666826352898048
569666892882952192
569670523765960704
569670634718023680
569670708818780161
569670802867556352
569671087820111872
569671435309809664
569672010734968832
569672361890295808
569672477967835136
569672501753724928
569674930842775552
569676138253049859
569676387113672704
569677827068579840
569678349846450177
569679210454724609
569681251734409216
569681499928158208
569683397657767937
569683748901367808
569684820604817408
569685261518376960
569686267354599426
569686397789057024
569687244031852544
569688901922615296
569691049116839936
569694483769659392
569696824061235200
569698882797641728
569700243383537664
569700277244141568
569700696624246785
569701794714128384
569701848476745728
569702019797286913
569704219315318784
569705276481282048
569705813142409217
569706873525391360
569707583646375936
569708573762023424
569710446112067584
569711253490409473
569714127792254976
569714918951391232
569715563385085952
569717037464838144
569717632993263616
569718162595426304
569720491830878208
569721779645767680
569724254473850880
569727223357427712
569727598130962432
569729569428627456
569733539899568128
569733572606763008
569738779931623425
569741783896367104
569744378354401280
569748937545883648
569757094166994944
569757272760397824
569759558777892864
569774692371820544
569788202174713856
569791667827388416
569795913788428288
569806083981758464
569814855349346304
569815182265978880
567671602280923136
567713338873118722
567719005713334276
567720839408533504
567724266045837313
567725387904720896
567727159096385536
567729241312489472
567729700110602240
567732427691683840
567733847132229632
567736507687895040
567737554087059457
567737653118779392
567738375755415552
567739553251725312
567739813114417152
567740053967736832
567743010322935808
567744627143213056
567749243658858496
567752558207586304
567755768037130241
567756085583302656
567758065320361985
567759012806029312
567760872739975168
567762099708112897
567764034418909186
567767009908109312
567768830265401344
567770993159307264
567772219549478912
567772770604298240
567773445195583488
567777978327633920
567778512548167680
567783802492420096
567786652991770629
567788199175786496
567789749013086208
567793072060276736
567793696956231680
567795026307325952
567796029056385024
567796570197086208
567797327071838208
567798535262060544
567800671572926464
567800930683609088
567802781877407744
567803467282046976
567804700951855104
567805894885638144
567806151191191553
567807967706488832
567810259675537408
567811236231954433
567812402764374016
567812544099827712
567813437003411456
567814633047728128
567815174045868032
567815252881977344
567816909816635392
567818055771918336
567821133245067264
567823967555178496
567826439392927744
567829387485130752
567829906861793280
567831160748916736
567832153670705152
567832640289579008
567833231434723328
567833247242264577
567834021293596672
567842806930239488
567844362601697280
567845165781532672
567847344307347456
567847753277120512
567850015600685056
567850537716092928
567850746319753217
567854566122864640
567860450676903936
567862240419934208
567862628460158976
567862814578061312
567863197341847552
567864832235405313
567865403101298688
567872810770657280
567878078782898176
567878239156338688
567880664600698880
567880908528832513
567881096647569408
567883722948763648
567884863031762945
567885982340636672
567890395322920960
567891805867483136
567901267063803904
567905158346207233
567907212154118145
567909106553483264
567915499868131328
567918161540046848
567925957090238464
567931567881875457
567939242854215680
567946595481706496
567971610801664000
567999609248858112
568014567089029120
568020304510869504
568027443052720130
568027698452426752
568029222574407680
568031706944540672
568031932719566849
568037591687270400
568039128001937408
568039503065174016
568041225174953985
568041723642961920
568045766280933377
568051605247021056
568052101504372737
568052343922507776
568053732929359872
568062560198664192
568063386321158145
568064545568092160
568064947214782464
568067065388642304
568068509613178880
568070522908442625
568072770103308288
568073698877554689
568074993856335872
568082656413552640
568089179520954368
568093988516802560
568094172508336128
568095863731433473
568102992110465025
568103967185444866
568104397869350912
568108322924191744
568112237765722113
568112409841238016
568112842261594112
568113383242911744
568118442454355968
568124226135130112
568126169008218112
568127465224323072
568128390487789568
568129909408841728
568133264168214528
568134058242400256
568135839814807552
568140329821577217
568140850963881984
568146157534367744
568147319155073024
568148807684198401
568149600403660800
568152863962238976
568155933832044544
568155954484797442
568157856576475136
568159336104636417
568160713170149376
568162409837400064
568165907975053312
568166054624669696
568167414493532161
568168661732724736
568169732895051777
568170119664443393
568171144504872961
568172386903851008
568172839758630912
568173388663013377
568173938292985858
568176902801735680
568179591480811521
568182492055912449
568185516971204608
568187636449472513
568188243713372161
568188595456118785
568189945308786688
568192024026996736
568198349393768448
568200350697717760
568202855166967808
568204964742496256
568206570540163072
568210186755813376
568211739059326976
568213658117005314
568215031608815617
568215698524246016
568220313370013696
568221167288344577
568223380375076864
568225650760413184
568226026209341441
568228505160433665
568231742449922049
568233965800304640
568238227791822850
568238605036064768
568245800788221953
568246340246999041
568251373189349376
568257389402710016
568258333649604608
568264441906618368
568278231973044225
568279415370735618
568350913858965504
568358096290111489
568377392420356096
568382290352590848
568385676737167360
568394432900431872
568405950958333952
568408653562294272
568412546673352705
568413673330331648
568416519073468416
568423588077936640
568425317028610049
568425737092513792
568426870963712000
568434482270707712
568436081303158784
568438000843034624
568440180769746946
568441576206286848
568442328794464256
568446450700558336
568447131431931904
568450017649778688
568450407204139008
568450413365571584
568452186977361921
568458813189197824
568463644503240704
568464337146404864
568472783354773504
568473401544859648
568483773467262976
568484677868265473
568490190194515970
568491035564879872
568491900195500032
568494466929188864
568499953041080321
568502766747971585
568505615208693761
568510570799869952
568510632930050048
568515101319254016
568517386795507712
568525368572817408
568527517910319104
568529856977199104
568531076915662848
568541965060427776
568542364207325185
568544738032242688
568547007003955200
568547201208565760
568547227527819264
568548205421563906
568553101587832832
568556148368019456
568559680894550016
568560130117251072
568562631616942080
568562728585064449
568562804837490688
568564006329434113
568564799593820161
568567048801906688
568569662717313024
568572506300243968
568575417650679808
568576810474201088
568579880046227457
568584029106266113
568585356586586113
568589359034859520
568598412544704512
568598882613133314
568602007583354880
568602941940043776
568603081274986496
568604690767872000
568605449659895808
568605590735294464
568612680937766912
568621100914991104
568621210986090497
568624528131125248
568625636639506433
568629979719675904
568633361595412481
568636400419151873
568640713635676160
568646083162836992
568647206695120896
568647808619659264
568650439639437313
568654300802473985
568656507480481792
568659661861175297
568669880922165248
568672467889176577
568716015338717184
568748360599019520
568752061682208768
568752793999286273
568755032138469376
568757166674460672
568758001856847872
568769373122342912
568769786890424320
568772614639845377
568780675672907776
568781747128803328
568782405965713408
568782761852596225
568784261064622080
568784868257214464
568785504004497408
568786315820470272
568788947859607552
568789267180331008
568789565483454464
568794248654426112
568795746721513472
568796340714639360
568799486392143872
568800846789545984
568801442770743296
568802013196242944
568803231335387137
568803598638796800
568805571647942656
568806618097455104
568808165636214784
568808318560550912
568810539939459072
568814251311288320
568818695562260481
568822440631144448
568825140898873344
568828267660054528
568834182694240256
568835134603931649
568837615220166657
568838781907935233
568840506148573186
568845539405656064
568845724110213120
568849994167529472
568853249551409153
568853412617560064
568854763057475584
568855468975759360
568855505747095552
568857976733376512
568859726315827200
568860389640962048
568860978231709697
568863304975839233
568868515857321985
568870394708545536
568871330495406080
568872365146251264
568872880865325056
568875591308611584
568881580015366145
568882182686707712
568882321119510528
568884211739971584
568884252110159873
568888167681695744
568889252185903104
568891974687830016
568899516872568832
568903082765000704
568908255310827520
568908748732760064
568910753652199424
568910988361244672
568916446710857728
568917936783491073
568921315069042688
568921625715814401
568922138348019712
568926999680569344
568929754151145472
568929979981033472
568931762518110208
568932998051016704
568933672033910784
568934749571387392
568940291530493952
568947768149938176
568949545972961280
568951063463616512
568951064688373760
568954934084788224
568957488021827585
568961404067164160
568962609375895552
568963494390820864
568964652455092224
568964945259466752
568965165783388160
568973348840943616
568976617453658113
568977696786673664
568982505551851520
568982915956277249
568983580585517056
568987648691449857
568995447768899584
568997394345533440
569006801192161280
569011849976348672
569012722169466880
569023489492955136
569030463760650241
569039105775939584
569088825420607488
569091378438746112
569111291454840833
569113910776881152
569118085245898752
569121160149012480
569124024426618881
569126841354743809
569130620963696640
569136050951622656
569143946930196483
569148114193530881
569154503188070400
569162600237236224
569165517614944256
569165709516759042
569173103009525760
569176528338202624
569176777056079874
569177940027674624
569188266089381888
569189483469410305
569189550570016768
569194348375613441
569200932577280000
569205125278859265
569207912251289600
569212300265017345
569212457706782720
569213183455563776
569215035089690624
569215779830280192
569220243123544065
569221210019487745
569221337077587968
569221909231104000
569223830759059458
569226857272516608
569226875349835776
569227372223811584
569230515833856000
569230567759327233
569230652433936384
569231102428250112
569233955951480832
569234592420331520
569238749802074113
569239947061927938
569242047917502464
569248400836726786
569250438882705410
569250469178175488
569253382898126850
569256471046823937
569257033972604929
569257626715889664
569258013950808064
569262631258705920
569275935905722368
569276207696453632
569276854458310658
569277733416513536
569278644943757312
569278858123300864
569282312203997185
569284604567228416
569292859909672960
569294070129930240
569296707982221312
569298165855338497
569301244948324353
569302758018420736
569305239834136576
569305409925873664
569307917712805889
569310070825226241
569310731486699520
569311060903268352
569312129456545792
569312396097003520
569312734896136193
569316547673526272
569320520728113152
569322657822285824
569328005677494272
569330782537437184
569337274707660800
569337605223006209
569341791482220545
569343607326547968
569346870423769088
569351618522705920
569353641615687680
569357127040540673
569358701317869571
569359788120907776
569394015055040512
569394918675783681
569418497694035969
569435866902302720
569439674294337536
569439829328408576
569440689253158912
569444898660691968
569453313462132736
569456035930484737
569474700386045955
569475245708419072
569476281974132736
569476889313562624
569479404428120064
569487156399378434
569488587135295488
569489114707431424
569491590105980929
569503518224211968
569503649677750272
569516736162050048
569519571314589696
569519918833643521
569521778797744128
569523831460761601
569527176350969856
569527641025306624
569529412196167682
569530599129501696
569531969110974464
569533098402009088
569533355248766976
569535962604310529
569538135916351489
569538840735703040
569541336224927744
569541848877957120
569542114234671104
569544271017037824
569546412121202689
569547989007646721
569551779752386560
569552552297041920
569556131078475777
569558235897688064
569559370104639488
569560633957609472
569568300528635906
569572095794917376
569572707299299328
569573704902049793
569574221216661505
569574646229684224
569581903965265920
569581977889869825
569586189776371712
569587157574135808
569588348593025024
569588473050611712
569591285150908416
569591393540288512
569592022635585536
569596665864130562
569599713499963394
569600757516914688
569601275672829952
569601869598867456
569602057285574656
569603156927246336
569603326947364864
569603962233622528
569604777962643457
569605022197153792
569605593159352322
569606467646578688
569608322925473792
569609396461936640
569610759795314688
569611482234687488
569612804350717953
569615644448186369
569618371148443649
569618489788346368
569619075246235648
569619171866222592
569619984802054144
569620902742233088
569620944160886784
569621238152368128
569624798860587008
569625356942098432
569627574336421888
569627778892443648
569627907871502338
569629990129520641
569633562879619073
569635291490693120
569637822929317890
569638063825154049
569638848214507520
569641234769309696
569642267385798657
569643671198572544
569643921543958530
569644350906310657
569644456376340480
569644697309872128
569645505950695424
569646535215939585
569646827567501312
569646982282612736
569648229295329280
569650423318982657
569652497947734017
569652510794887168
569654428636049408
569655113477988352
569655141890170880
569657850856919041
569658243871608832
569659473804947456
569659620517662721
569660461601447936
569661321744134144
569662906842750976
569663701017624576
569666686086819840
569666826352898048
569666892882952192
569670523765960704
569670634718023680
569670708818780161
569670802867556352
569671087820111872
569671435309809664
569672010734968832
569672361890295808
569672477967835136
569672501753724928
569674930842775552
569676138253049859
569676387113672704
569677827068579840
569678349846450177
569679210454724609
569681251734409216
569681499928158208
569683397657767937
569683748901367808
569684820604817408
569685261518376960
569686267354599426
569686397789057024
569687244031852544
569688901922615296
569691049116839936
569694483769659392
569696824061235200
569698882797641728
569700243383537664
569700277244141568
569700696624246785
569701794714128384
569701848476745728
569702019797286913
569704219315318784
569705276481282048
569705813142409217
569706873525391360
569707583646375936
569708573762023424
569710446112067584
569711253490409473
569714127792254976
569714918951391232
569715563385085952
569717037464838144
569717632993263616
569718162595426304
569720491830878208
569721779645767680
569724254473850880
569727223357427712
569727598130962432
569729569428627456
569733539899568128
569733572606763008
569738779931623425
569741783896367104
569744378354401280
569748937545883648
569757094166994944
569757272760397824
569759558777892864
569774692371820544
569788202174713856
569791667827388416
569795913788428288
569806083981758464
569814855349346304
569815182265978880
569820619682009088
569822277145133056
569828817960869888
569833680316829696
569834388919328768
569835167944019968
569836232999612417
569838973490765824
569840840861839360
569843082994315264
567671602280923136
567713338873118722
567719005713334276
567720839408533504
567724266045837313
567725387904720896
567727159096385536
567729241312489472
567729700110602240
567732427691683840
567733847132229632
567736507687895040
567737554087059457
567737653118779392
567738375755415552
567739553251725312
567739813114417152
567740053967736832
567743010322935808
567744627143213056
567749243658858496
567752558207586304
567755768037130241
567756085583302656
567758065320361985
567759012806029312
567760872739975168
567762099708112897
567764034418909186
567767009908109312
567768830265401344
567770993159307264
567772219549478912
567772770604298240
567773445195583488
567777978327633920
567778512548167680
567783802492420096
567786652991770629
567788199175786496
567789749013086208
567793072060276736
567793696956231680
567795026307325952
567796029056385024
567796570197086208
567797327071838208
567798535262060544
567800671572926464
567800930683609088
567802781877407744
567803467282046976
567804700951855104
567805894885638144
567806151191191553
567807967706488832
567810259675537408
567811236231954433
567812402764374016
567812544099827712
567813437003411456
567814633047728128
567815174045868032
567815252881977344
567816909816635392
567818055771918336
567821133245067264
567823967555178496
567826439392927744
567829387485130752
567829906861793280
567831160748916736
567832153670705152
567832640289579008
567833231434723328
567833247242264577
567834021293596672
567842806930239488
567844362601697280
567845165781532672
567847344307347456
567847753277120512
567850015600685056
567850537716092928
567850746319753217
567854566122864640
567860450676903936
567862240419934208
567862628460158976
567862814578061312
567863197341847552
567864832235405313
567865403101298688
567872810770657280
567878078782898176
567878239156338688
567880664600698880
567880908528832513
567881096647569408
567883722948763648
567884863031762945
567885982340636672
567890395322920960
567891805867483136
567901267063803904
567905158346207233
567907212154118145
567909106553483264
567915499868131328
567918161540046848
567925957090238464
567931567881875457
567939242854215680
567946595481706496
567971610801664000
567999609248858112
568014567089029120
568020304510869504
568027443052720130
568027698452426752
568029222574407680
568031706944540672
568031932719566849
568037591687270400
568039128001937408
568039503065174016
568041225174953985
568041723642961920
568045766280933377
568051605247021056
568052101504372737
568052343922507776
568053732929359872
568062560198664192
568063386321158145
568064545568092160
568064947214782464
568067065388642304
568068509613178880
568070522908442625
568072770103308288
568073698877554689
568074993856335872
568082656413552640
568089179520954368
568093988516802560
568094172508336128
568095863731433473
568102992110465025
568103967185444866
568104397869350912
568108322924191744
568112237765722113
568112409841238016
568112842261594112
568113383242911744
568118442454355968
568124226135130112
568126169008218112
568127465224323072
568128390487789568
568129909408841728
568133264168214528
568134058242400256
568135839814807552
568140329821577217
568140850963881984
568146157534367744
568147319155073024
568148807684198401
568149600403660800
568152863962238976
568155933832044544
568155954484797442
568157856576475136
568159336104636417
568160713170149376
568162409837400064
568165907975053312
568166054624669696
568167414493532161
568168661732724736
568169732895051777
568170119664443393
568171144504872961
568172386903851008
568172839758630912
568173388663013377
568173938292985858
568176902801735680
568179591480811521
568182492055912449
568185516971204608
568187636449472513
568188243713372161
568188595456118785
568189945308786688
568192024026996736
568198349393768448
568200350697717760
568202855166967808
568204964742496256
568206570540163072
568210186755813376
568211739059326976
568213658117005314
568215031608815617
568215698524246016
568220313370013696
568221167288344577
568223380375076864
568225650760413184
568226026209341441
568228505160433665
568231742449922049
568233965800304640
568238227791822850
568238605036064768
568245800788221953
568246340246999041
568251373189349376
568257389402710016
568258333649604608
568264441906618368
568278231973044225
568279415370735618
568350913858965504
568358096290111489
568377392420356096
568382290352590848
568385676737167360
568394432900431872
568405950958333952
568408653562294272
568412546673352705
568413673330331648
568416519073468416
568423588077936640
568425317028610049
568425737092513792
568426870963712000
568434482270707712
568436081303158784
568438000843034624
568440180769746946
568441576206286848
568442328794464256
568446450700558336
568447131431931904
568450017649778688
568450407204139008
568450413365571584
568452186977361921
568458813189197824
568463644503240704
568464337146404864
568472783354773504
568473401544859648
568483773467262976
568484677868265473
568490190194515970
568491035564879872
568491900195500032
568494466929188864
568499953041080321
568502766747971585
568505615208693761
568510570799869952
568510632930050048
568515101319254016
568517386795507712
568525368572817408
568527517910319104
568529856977199104
568531076915662848
568541965060427776
568542364207325185
568544738032242688
568547007003955200
568547201208565760
568547227527819264
568548205421563906
568553101587832832
568556148368019456
568559680894550016
568560130117251072
568562631616942080
568562728585064449
568562804837490688
568564006329434113
568564799593820161
568567048801906688
568569662717313024
568572506300243968
568575417650679808
568576810474201088
568579880046227457
568584029106266113
568585356586586113
568589359034859520
568598412544704512
568598882613133314
568602007583354880
568602941940043776
568603081274986496
568604690767872000
568605449659895808
568605590735294464
568612680937766912
568621100914991104
568621210986090497
568624528131125248
568625636639506433
568629979719675904
568633361595412481
568636400419151873
568640713635676160
568646083162836992
568647206695120896
568647808619659264
568650439639437313
568654300802473985
568656507480481792
568659661861175297
568669880922165248
568672467889176577
568716015338717184
568748360599019520
568752061682208768
568752793999286273
568755032138469376
568757166674460672
568758001856847872
568769373122342912
568769786890424320
568772614639845377
568780675672907776
568781747128803328
568782405965713408
568782761852596225
568784261064622080
568784868257214464
568785504004497408
568786315820470272
568788947859607552
568789267180331008
568789565483454464
568794248654426112
568795746721513472
568796340714639360
568799486392143872
568800846789545984
568801442770743296
568802013196242944
568803231335387137
568803598638796800
568805571647942656
568806618097455104
568808165636214784
568808318560550912
568810539939459072
568814251311288320
568818695562260481
568822440631144448
568825140898873344
568828267660054528
568834182694240256
568835134603931649
568837615220166657
568838781907935233
568840506148573186
568845539405656064
568845724110213120
568849994167529472
568853249551409153
568853412617560064
568854763057475584
568855468975759360
568855505747095552
568857976733376512
568859726315827200
568860389640962048
568860978231709697
568863304975839233
568868515857321985
568870394708545536
568871330495406080
568872365146251264
568872880865325056
568875591308611584
568881580015366145
568882182686707712
568882321119510528
568884211739971584
568884252110159873
568888167681695744
568889252185903104
568891974687830016
568899516872568832
568903082765000704
568908255310827520
568908748732760064
568910753652199424
568910988361244672
568916446710857728
568917936783491073
568921315069042688
568921625715814401
568922138348019712
568926999680569344
568929754151145472
568929979981033472
568931762518110208
568932998051016704
568933672033910784
568934749571387392
568940291530493952
568947768149938176
568949545972961280
568951063463616512
568951064688373760
568954934084788224
568957488021827585
568961404067164160
568962609375895552
568963494390820864
568964652455092224
568964945259466752
568965165783388160
568973348840943616
568976617453658113
568977696786673664
568982505551851520
568982915956277249
568983580585517056
568987648691449857
568995447768899584
568997394345533440
569006801192161280
569011849976348672
569012722169466880
569023489492955136
569030463760650241
569039105775939584
569088825420607488
569091378438746112
569111291454840833
569113910776881152
569118085245898752
569121160149012480
569124024426618881
569126841354743809
569130620963696640
569136050951622656
569143946930196483
569148114193530881
569154503188070400
569162600237236224
569165517614944256
569165709516759042
569173103009525760
569176528338202624
569176777056079874
569177940027674624
569188266089381888
569189483469410305
569189550570016768
569194348375613441
569200932577280000
569205125278859265
569207912251289600
569212300265017345
569212457706782720
569213183455563776
569215035089690624
569215779830280192
569220243123544065
569221210019487745
569221337077587968
569221909231104000
569223830759059458
569226857272516608
569226875349835776
569227372223811584
569230515833856000
569230567759327233
569230652433936384
569231102428250112
569233955951480832
569234592420331520
569238749802074113
569239947061927938
569242047917502464
569248400836726786
569250438882705410
569250469178175488
569253382898126850
569256471046823937
569257033972604929
569257626715889664
569258013950808064
569262631258705920
569275935905722368
569276207696453632
569276854458310658
569277733416513536
569278644943757312
569278858123300864
569282312203997185
569284604567228416
569292859909672960
569294070129930240
569296707982221312
569298165855338497
569301244948324353
569302758018420736
569305239834136576
569305409925873664
569307917712805889
569310070825226241
569310731486699520
569311060903268352
569312129456545792
569312396097003520
569312734896136193
569316547673526272
569320520728113152
569322657822285824
569328005677494272
569330782537437184
569337274707660800
569337605223006209
569341791482220545
569343607326547968
569346870423769088
569351618522705920
569353641615687680
569357127040540673
569358701317869571
569359788120907776
569394015055040512
569394918675783681
569418497694035969
569435866902302720
569439674294337536
569439829328408576
569440689253158912
569444898660691968
569453313462132736
569456035930484737
569474700386045955
569475245708419072
569476281974132736
569476889313562624
569479404428120064
569487156399378434
569488587135295488
569489114707431424
569491590105980929
569503518224211968
569503649677750272
569516736162050048
569519571314589696
569519918833643521
569521778797744128
569523831460761601
569527176350969856
569527641025306624
569529412196167682
569530599129501696
569531969110974464
569533098402009088
569533355248766976
569535962604310529
569538135916351489
569538840735703040
569541336224927744
569541848877957120
569542114234671104
569544271017037824
569546412121202689
569547989007646721
569551779752386560
569552552297041920
569556131078475777
569558235897688064
569559370104639488
569560633957609472
569568300528635906
569572095794917376
569572707299299328
569573704902049793
569574221216661505
569574646229684224
569581903965265920
569581977889869825
569586189776371712
569587157574135808
569588348593025024
569588473050611712
569591285150908416
569591393540288512
569592022635585536
569596665864130562
569599713499963394
569600757516914688
569601275672829952
569601869598867456
569602057285574656
569603156927246336
569603326947364864
569603962233622528
569604777962643457
569605022197153792
569605593159352322
569606467646578688
569608322925473792
569609396461936640
569610759795314688
569611482234687488
569612804350717953
569615644448186369
569618371148443649
569618489788346368
569619075246235648
569619171866222592
569619984802054144
569620902742233088
569620944160886784
569621238152368128
569624798860587008
569625356942098432
569627574336421888
569627778892443648
569627907871502338
569629990129520641
569633562879619073
569635291490693120
569637822929317890
569638063825154049
569638848214507520
569641234769309696
569642267385798657
569643671198572544
569643921543958530
569644350906310657
569644456376340480
569644697309872128
569645505950695424
569646535215939585
569646827567501312
569646982282612736
569648229295329280
569650423318982657
569652497947734017
569652510794887168
569654428636049408
569655113477988352
569655141890170880
569657850856919041
569658243871608832
569659473804947456
569659620517662721
569660461601447936
569661321744134144
569662906842750976
569663701017624576
569666686086819840
569666826352898048
569666892882952192
569670523765960704
569670634718023680
569670708818780161
569670802867556352
569671087820111872
569671435309809664
569672010734968832
569672361890295808
569672477967835136
569672501753724928
569674930842775552
569676138253049859
569676387113672704
569677827068579840
569678349846450177
569679210454724609
569681251734409216
569681499928158208
569683397657767937
569683748901367808
569684820604817408
569685261518376960
569686267354599426
569686397789057024
569687244031852544
569688901922615296
569691049116839936
569694483769659392
569696824061235200
569698882797641728
569700243383537664
569700277244141568
569700696624246785
569701794714128384
569701848476745728
569702019797286913
569704219315318784
569705276481282048
569705813142409217
569706873525391360
569707583646375936
569708573762023424
569710446112067584
569711253490409473
569714127792254976
569714918951391232
569715563385085952
569717037464838144
569717632993263616
569718162595426304
569720491830878208
569721779645767680
569724254473850880
569727223357427712
569727598130962432
569729569428627456
569733539899568128
569733572606763008
569738779931623425
569741783896367104
569744378354401280
569748937545883648
569757094166994944
569757272760397824
569759558777892864
569774692371820544
569788202174713856
569791667827388416
569795913788428288
569806083981758464
569814855349346304
569815182265978880
569820619682009088
569822277145133056
569828817960869888
569833680316829696
569834388919328768
569835167944019968
569836232999612417
569838973490765824
569840840861839360
569843082994315264
569846963350454272
569847318062632960
569847852605812737
569848857498161154
569850808029859840
569851578276048896
569852332797775872
569857209745584129
569858507341606912
569860221755117568
569861759240171522
569864693998690304
569864892695490560
569865352986951680
569866490423349248
569867211852156928
569867363580903424
569868055502696449
569869506560069633
569871068833435648
569871932251729920
569873065464573952
569875419412828161
569875456415170560
569876171875328000
569876837087580161
569878117583622145
569878685723049985
569879497891303424
569879528891416577
569880251767123968
569883383930621952
569884071758835712
569884948091396096
569885015615664129
569887230019284993
569888159707738113
569889139593646080
569890213570457600
569892361691463682
569892980712013824
569893064342437888
569895406869483520
569897573294743552
569897798692286465
569898033128693760
569898995327377408
569900367254831104
569902284710084608
569903812569276416
569903840507506688
569904537739382784
569906117100351493
569907031693520896
569907323650633728
569907544124219392
569910410343804928
569912094272782337
569913796875161600
569914369905201153
569916061891633153
569916606064828416
569917442455175168
569918453722656768
569919092540510208
569919996568215552
569920778306584576
569922730008518656
569922837353402368
569925645204987904
569927644575182849
569927965007417344
569930403106172928
569932197735604224
569934371488202752
569936580883783680
569936893166489600
569937905872822272
569938485844422656
569938864028012544
569940323746516993
569941609225293824
569942888643227648
569943328701095937
569945910546989057
569947048574758912
569948646717812736
569949439101546496
569949946146742272
569950482665308160
569950724983025665
569950766485540864
569950945389518848
569951016033980416
569951222515539968
569951353205870592
569952376473300992
569952984257294336
569953411988369408
569956201934385152
569957053432639488
569957163138883584
569957235033399297
569958189862486016
569961695835267073
569962245620248576
569962873209937920
569963395652280320
569964332026634241
569964493066919936
569965494519734272
569966076047437824
569966496698343424
569967841727942657
569967910417866752
569967938607972352
569967965346664448
569967974284713984
569968023592943616
569969374875881472
569970775517741056
569972985521532929
569974234908389376
569974318463119361
569975113694760960
569976246135697408
569978187465166848
569978537953902592
569980358206361601
569980923179094016
569981947612676096
569984178764308480
569984791107338240
569989697449140224
569990229576196098
569993908324663296
569993952469880832
569994045205803009
569998120999759872
570001064424026112
570002674747367424
570003111772692480
570008179280646146
570008684413104128
570009035455344640
570009897846374400
570012094570958850
570012934287568898
570015223408668672
570015432750399488
570015794387685376
570022265343123456
570028083606122497
570031615130394624
570034833633767424
570037336886546432
570038991527002112
570039635541274625
570040411206631424
570040644451708930
570040802845421568
570041112624295936
570042296357539840
570043607954137090
570044700951838720
570049623697461248
570050603927392257
570051834188075008
570052879643381760
570053254836416512
570053736950685696
570054257577041921
570054647689322496
570056002692710400
570057809037008896
570057930332102656
570060846241611777
570066283233972224
570070877351469057
570071877089148928
570076090917650432
570077011324096514
570078718028222464
570079536815034368
570080608996556800
570085589011148801
570088573598355456
570089091276128258
570094120993054720
570095043169529857
570096448571731968
570097596913623040
570098159076171776
570098324172206080
570100035167379456
570100214733737985
570100829396406272
570101027439046656
570101194678517761
570101550787350528
570101777934086146
570101910402940928
570104544622981122
570105020999344128
570105665093369856
570115366023770112
570116487278501888
570119247982137344
570132410588917760
570134947828080640
570142665246965760
570153000079126528
570156777297350656
570160394494480384
570167726972538880
570188115077259266
570192886689628160
570195089869447168
570205132094349312
570206562855329793
570208036314222592
570208115205021696
570212118059995136
570212246053220352
570212491134930945
570213186139525120
570215793511825408
570217425100148738
570217639584395264
570217918195220480
570218339118800896
570220301465681921
570220968435716097
570224968417603584
570226870119215104
570229557740969984
570229813937463299
570231786824994816
570237762063831040
570239463089000449
570242205463359488
570244934634090496
570245367607857153
570246108699627521
570248695670841344
570250053710819328
570250236402094080
570256329543012352
570258457804189696
570261981569159169
570263448828780547
570264011574415360
570265876911403009
570267535515324417
570269272502607873
570270435478122497
570271367519604737
570271713512046592
570271896887017472
570272778840104960
570273710210469888
570273819287531520
570274148364242947
570274371685777409
570275944012783616
570278619416694784
570279036582109184
570279118438182913
570282087065919488
570283712409051136
570283824040382464
570284111425892353
570285904809598977
570287622343540736
570288803849637888
570291157340704769
570293289045364736
570293527982301184
570294002077061120
570295745921880064
570295901555699712
570296516314845185
570297414848000000
570298744723415040
570299819610251265
570299824760860672
570299889688702976
570302358242115584
570302717085790209
570304544128815104
570305063052283904
570305098557091840
570305365159632899
570306733010264064
570307390752608257
570307847281614848
570307876897628160
570307949614256128
