568068214325784576
568438000843034624
568611966937214976
568791283575201792
568793782164062208
568793902267936769
568839596261249024
569180541662027779
569353669738688512
569589643487928321
568068214325784576
568438000843034624
568611966937214976
568791283575201792
568793782164062208
568793902267936769
568839596261249024
569180541662027779
569353669738688512
569589643487928321
568068214325784576
568438000843034624
568611966937214976
568791283575201792
568793782164062208
568793902267936769
568839596261249024
569180541662027779
569353669738688512
569589643487928321
569929187101966336
569931716049154051
569932669288652800
570041591714455552
568068214325784576
568438000843034624
568611966937214976
568791283575201792
568793782164062208
568793902267936769
568839596261249024
569180541662027779
569353669738688512
569589643487928321
569929187101966336
569931716049154051
569932669288652800
570041591714455552
568068214325784576
568438000843034624
568611966937214976
568791283575201792
568793782164062208
568793902267936769
568839596261249024
569180541662027779
569353669738688512
569589643487928321
569929187101966336
569931716049154051
569932669288652800
570041591714455552
568068214325784576
568438000843034624
568611966937214976
568791283575201792
568793782164062208
568793902267936769
568839596261249024
569180541662027779
569353669738688512
569589643487928321
569929187101966336
569931716049154051
569932669288652800
570041591714455552
568068214325784576
568438000843034624
568611966937214976
568791283575201792
568793782164062208
568793902267936769
568839596261249024
569180541662027779
569353669738688512
569589643487928321
569929187101966336
569931716049154051
569932669288652800
570041591714455552
568068214325784576
568438000843034624
568611966937214976
568791283575201792
568793782164062208
568793902267936769
568839596261249024
569180541662027779
569353669738688512
569589643487928321
569929187101966336
569931716049154051
569932669288652800
570041591714455552
