567701830805618688
567703258425081857
567734795849834497
567738031398866944
567770722882580480
567787449053872128
567805458053099520
567828603976597504
567861727833894913
567873519356284928
567886241179377664
567893924699770880
567894002286096384
567903480993558528
567943461476806656
567946616792952832
567967189237518337
567972174398689280
568017128286261248
568026425535516674
568029718173356033
568044610955681793
568046603916996609
568047468384002048
568057232392380416
568081281910587392
568090175122907136
568101162672500736
568103931307405312
568105106647838720
568150866890522628
568152863962238976
568154816414789632
568172001300340736
568180868126150656
568189430202130432
568193698284118016
568209150410248192
568210342880227328
568210563991363584
568212443433865217
568214541852495872
568214796514004992
568226977070632960
568355672225673216
568400096586395649
568413746726457344
568454157478326272
568464798926524417
568501367754661888
568505615208693761
568506797805318144
568522747501895680
568526521910079488
568531207459221506
568542052205666305
568545534056787968
568548764484542464
568579873926746112
568604366690627584
568621210986090497
568623603496792064
568633802433507329
568655789247762432
568781555784507392
568781747128803328
568782761852596225
568793221809250304
568797557914148865
568813356296982528
568818998445522944
568846188725841920
568854243097976832
568889146179072000
568893275907575808
568898792755470336
568924897575088130
568932070447140864
568943214130040832
568967907042037761
568968480717983744
569104886119297024
569114030268424192
569115621213884417
569144026084962305
569174663089287169
569206152510226432
569221589822083072
569225573773369344
569232785786998785
569234806543929344
569235062862036992
569240866684071936
569245155837882368
569247724496822272
569248084934443010
569248700947689474
569248898071580672
569254331725139968
569256471046823937
569269140386488320
569297162795937792
569300193503367168
569329378061979648
569330337735696385
569355826248474624
569378015429447680
569379997175177216
569387211025727488
569413676337274880
569451362687143936
569456923663151104
569459836389335040
569462004332646400
569487075797565440
569506217271427072
569509505022746624
569521573268480002
569522820725788674
569525760337162241
569526029859094528
569526143730077696
569534882952716288
569535820270583809
569539746348675073
569555929798217730
569562007671853056
569572180012371968
569577434657492992
569579474762608640
569583943772610560
569585203666161664
569587728607633408
569589123218079745
569604208661409792
569617202984255490
569618317440208896
569619569372823552
569619751124795392
569623248205430785
569624299788750848
569628591475924994
569633221748637696
569639587842281473
569639607639285761
569643287918845952
569671454419079169
569671485930876928
569672763536842752
569677591055106048
569693820398510080
569698504467021824
569703794453295104
569708507961950209
569716270184173568
569720394782875649
569724119748636672
569810928449003521
567701830805618688
567703258425081857
567734795849834497
567738031398866944
567770722882580480
567787449053872128
567805458053099520
567828603976597504
567861727833894913
567873519356284928
567886241179377664
567893924699770880
567894002286096384
567903480993558528
567943461476806656
567946616792952832
567967189237518337
567972174398689280
568017128286261248
568026425535516674
568029718173356033
568044610955681793
568046603916996609
568047468384002048
568057232392380416
568081281910587392
568090175122907136
568101162672500736
568103931307405312
568105106647838720
568150866890522628
568152863962238976
568154816414789632
568172001300340736
568180868126150656
568189430202130432
568193698284118016
568209150410248192
568210342880227328
568210563991363584
568212443433865217
568214541852495872
568214796514004992
568226977070632960
568355672225673216
568400096586395649
568413746726457344
568454157478326272
568464798926524417
568501367754661888
568505615208693761
568506797805318144
568522747501895680
568526521910079488
568531207459221506
568542052205666305
568545534056787968
568548764484542464
568579873926746112
568604366690627584
568621210986090497
568623603496792064
568633802433507329
568655789247762432
568781555784507392
568781747128803328
568782761852596225
568793221809250304
568797557914148865
568813356296982528
568818998445522944
568846188725841920
568854243097976832
568889146179072000
568893275907575808
568898792755470336
568924897575088130
568932070447140864
568943214130040832
568967907042037761
568968480717983744
569104886119297024
569114030268424192
569115621213884417
569144026084962305
569174663089287169
569206152510226432
569221589822083072
569225573773369344
569232785786998785
569234806543929344
569235062862036992
569240866684071936
569245155837882368
569247724496822272
569248084934443010
569248700947689474
569248898071580672
569254331725139968
569256471046823937
569269140386488320
569297162795937792
569300193503367168
569329378061979648
569330337735696385
569355826248474624
569378015429447680
569379997175177216
569387211025727488
569413676337274880
569451362687143936
569456923663151104
569459836389335040
569462004332646400
569487075797565440
569506217271427072
569509505022746624
569521573268480002
569522820725788674
569525760337162241
569526029859094528
569526143730077696
569534882952716288
569535820270583809
569539746348675073
569555929798217730
569562007671853056
569572180012371968
569577434657492992
569579474762608640
569583943772610560
569585203666161664
569587728607633408
569589123218079745
569604208661409792
569617202984255490
569618317440208896
569619569372823552
569619751124795392
569623248205430785
569624299788750848
569628591475924994
569633221748637696
569639587842281473
569639607639285761
569643287918845952
569671454419079169
569671485930876928
569672763536842752
569677591055106048
569693820398510080
569698504467021824
569703794453295104
569708507961950209
569716270184173568
569720394782875649
569724119748636672
569810928449003521
569821862873726976
569836232999612417
569841254655270912
567701830805618688
567703258425081857
567734795849834497
567738031398866944
567770722882580480
567787449053872128
567805458053099520
567828603976597504
567861727833894913
567873519356284928
567886241179377664
567893924699770880
567894002286096384
567903480993558528
567943461476806656
567946616792952832
567967189237518337
567972174398689280
568017128286261248
568026425535516674
568029718173356033
568044610955681793
568046603916996609
568047468384002048
568057232392380416
568081281910587392
568090175122907136
568101162672500736
568103931307405312
568105106647838720
568150866890522628
568152863962238976
568154816414789632
568172001300340736
568180868126150656
568189430202130432
568193698284118016
568209150410248192
568210342880227328
568210563991363584
568212443433865217
568214541852495872
568214796514004992
568226977070632960
568355672225673216
568400096586395649
568413746726457344
568454157478326272
568464798926524417
568501367754661888
568505615208693761
568506797805318144
568522747501895680
568526521910079488
568531207459221506
568542052205666305
568545534056787968
568548764484542464
568579873926746112
568604366690627584
568621210986090497
568623603496792064
568633802433507329
568655789247762432
568781555784507392
568781747128803328
568782761852596225
568793221809250304
568797557914148865
568813356296982528
568818998445522944
568846188725841920
568854243097976832
568889146179072000
568893275907575808
568898792755470336
568924897575088130
568932070447140864
568943214130040832
568967907042037761
568968480717983744
569104886119297024
569114030268424192
569115621213884417
569144026084962305
569174663089287169
569206152510226432
569221589822083072
569225573773369344
569232785786998785
569234806543929344
569235062862036992
569240866684071936
569245155837882368
569247724496822272
569248084934443010
569248700947689474
569248898071580672
569254331725139968
569256471046823937
569269140386488320
569297162795937792
569300193503367168
569329378061979648
569330337735696385
569355826248474624
569378015429447680
569379997175177216
569387211025727488
569413676337274880
569451362687143936
569456923663151104
569459836389335040
569462004332646400
569487075797565440
569506217271427072
569509505022746624
569521573268480002
569522820725788674
569525760337162241
569526029859094528
569526143730077696
569534882952716288
569535820270583809
569539746348675073
569555929798217730
569562007671853056
569572180012371968
569577434657492992
569579474762608640
569583943772610560
569585203666161664
569587728607633408
569589123218079745
569604208661409792
569617202984255490
569618317440208896
569619569372823552
569619751124795392
569623248205430785
569624299788750848
569628591475924994
569633221748637696
569639587842281473
569639607639285761
569643287918845952
569671454419079169
569671485930876928
569672763536842752
569677591055106048
569693820398510080
569698504467021824
569703794453295104
569708507961950209
569716270184173568
569720394782875649
569724119748636672
569810928449003521
569821862873726976
569836232999612417
569841254655270912
569848398129565696
569852112605089792
569859213331189760
569863194929471488
569865637666930688
569879601784041472
569905899650883585
569918189909487617
569920593597894657
569926559982751744
569929653730840577
569929945331449856
569932216966516736
569938672935546880
569940430365847554
569944996616351746
569946008840491008
569953672861388800
569955386914181121
569963645402099712
569967848078090240
569970518381744128
569975659730051072
569977887136342016
569978876861902848
569985084348104704
569989082719358976
570002509906837504
570011505237716993
570013961808187393
570014689322643456
570016517829623808
570017867342725121
570021128032407552
570021225323298816
570031138913329152
570031211336368128
570032541933051904
570042186399657984
570063683256242177
570063826508320769
570067529206358016
570070880983711744
570078280591781888
570080545461407745
570081568733192192
570083761582428160
570086501222096896
570097483432337408
570112074249928704
570121361953202178
570129843594997760
570186514178519041
570196424043814912
570197979820224512
570205132094349312
570215106426114048
570220154363232256
570224719011704832
570232533272567813
570237629775675392
570240625536323585
570241050079420417
570246963901427713
570249204767055872
570250470289068032
570257377460514816
570262424038699008
570267781859557377
570269976042573824
570281958556610560
570283254743506944
570283544125288448
570284312697765888
570287651137445888
570288799860846592
570288961064710145
570290034009636865
570302532955844608
