567727490567639041
567759344360783872
567794017593991169
567810683485753344
567847571223388160
568055678201438208
568080078875324416
568101176551452673
568105722413649920
568105844174397440
568119831519739904
568173724974878720
568215917894737920
568308149796474880
568449223730925571
568516267440631808
568810539939459072
568889677094232064
569089890173874176
569266679903080448
569344334761316354
569374011131453441
569517323180236800
569552658010210305
569556399585402880
569559136540561408
569564060678639616
569647825299963904
569659137581326336
569676866824642561
569679240586764288
569679642447052800
569680659288969218
569699616750489600
569715656632999936
569715707736420352
569741783896367104
569753971406999552
569757363797757952
567727490567639041
567759344360783872
567794017593991169
567810683485753344
567847571223388160
568055678201438208
568080078875324416
568101176551452673
568105722413649920
568105844174397440
568119831519739904
568173724974878720
568215917894737920
568308149796474880
568449223730925571
568516267440631808
568810539939459072
568889677094232064
569089890173874176
569266679903080448
569344334761316354
569374011131453441
569517323180236800
569552658010210305
569556399585402880
569559136540561408
569564060678639616
569647825299963904
569659137581326336
569676866824642561
569679240586764288
569679642447052800
569680659288969218
569699616750489600
569715656632999936
569715707736420352
569741783896367104
569753971406999552
569757363797757952
567727490567639041
567759344360783872
567794017593991169
567810683485753344
567847571223388160
568055678201438208
568080078875324416
568101176551452673
568105722413649920
568105844174397440
568119831519739904
568173724974878720
568215917894737920
568308149796474880
568449223730925571
568516267440631808
568810539939459072
568889677094232064
569089890173874176
569266679903080448
569344334761316354
569374011131453441
569517323180236800
569552658010210305
569556399585402880
569559136540561408
569564060678639616
569647825299963904
569659137581326336
569676866824642561
569679240586764288
569679642447052800
569680659288969218
569699616750489600
569715656632999936
569715707736420352
569741783896367104
569753971406999552
569757363797757952
569867192445083648
569923045571350528
569927965007417344
569933882662916096
569951211471962112
569953259479277568
569976246135697408
569978748780421121
569980269379358720
569993444342534144
570024324666564610
570033627939131392
570074864708669440
570079918782095360
570121276016234496
570212246053220352
570224968417603584
570233306664591361
570257564023128064
570258597180940288
570259380999860224
570259700937134080
570264011574415360
570273710210469888
570279368766959616
570310144459972608
567727490567639041
567759344360783872
567794017593991169
567810683485753344
567847571223388160
568055678201438208
568080078875324416
568101176551452673
568105722413649920
568105844174397440
568119831519739904
568173724974878720
568215917894737920
568308149796474880
568449223730925571
568516267440631808
568810539939459072
568889677094232064
569089890173874176
569266679903080448
569344334761316354
569374011131453441
569517323180236800
569552658010210305
569556399585402880
569559136540561408
569564060678639616
569647825299963904
569659137581326336
569676866824642561
569679240586764288
569679642447052800
569680659288969218
569699616750489600
569715656632999936
569715707736420352
569741783896367104
569753971406999552
569757363797757952
569867192445083648
569923045571350528
569927965007417344
569933882662916096
569951211471962112
569953259479277568
569976246135697408
569978748780421121
569980269379358720
569993444342534144
570024324666564610
570033627939131392
570074864708669440
570079918782095360
570121276016234496
570212246053220352
570224968417603584
570233306664591361
570257564023128064
570258597180940288
570259380999860224
570259700937134080
570264011574415360
570273710210469888
570279368766959616
570310144459972608
567727490567639041
567759344360783872
567794017593991169
567810683485753344
567847571223388160
568055678201438208
568080078875324416
568101176551452673
568105722413649920
568105844174397440
568119831519739904
568173724974878720
568215917894737920
568308149796474880
568449223730925571
568516267440631808
568810539939459072
568889677094232064
569089890173874176
569266679903080448
569344334761316354
569374011131453441
569517323180236800
569552658010210305
569556399585402880
569559136540561408
569564060678639616
569647825299963904
569659137581326336
569676866824642561
569679240586764288
569679642447052800
569680659288969218
569699616750489600
569715656632999936
569715707736420352
569741783896367104
569753971406999552
569757363797757952
569867192445083648
569923045571350528
569927965007417344
569933882662916096
569951211471962112
569953259479277568
569976246135697408
569978748780421121
569980269379358720
569993444342534144
570024324666564610
570033627939131392
570074864708669440
570079918782095360
570121276016234496
570212246053220352
570224968417603584
570233306664591361
570257564023128064
570258597180940288
570259380999860224
570259700937134080
570264011574415360
570273710210469888
570279368766959616
570310144459972608
567727490567639041
567759344360783872
567794017593991169
567810683485753344
567847571223388160
568055678201438208
568080078875324416
568101176551452673
568105722413649920
568105844174397440
568119831519739904
568173724974878720
568215917894737920
568308149796474880
568449223730925571
568516267440631808
568810539939459072
568889677094232064
569089890173874176
569266679903080448
569344334761316354
569374011131453441
569517323180236800
569552658010210305
569556399585402880
569559136540561408
569564060678639616
569647825299963904
569659137581326336
569676866824642561
569679240586764288
569679642447052800
569680659288969218
569699616750489600
569715656632999936
569715707736420352
569741783896367104
569753971406999552
569757363797757952
569867192445083648
569923045571350528
569927965007417344
569933882662916096
569951211471962112
569953259479277568
569976246135697408
569978748780421121
569980269379358720
569993444342534144
570024324666564610
570033627939131392
570074864708669440
570079918782095360
570121276016234496
570212246053220352
570224968417603584
570233306664591361
570257564023128064
570258597180940288
570259380999860224
570259700937134080
570264011574415360
570273710210469888
570279368766959616
570310144459972608
567727490567639041
567759344360783872
567794017593991169
567810683485753344
567847571223388160
568055678201438208
568080078875324416
568101176551452673
568105722413649920
568105844174397440
568119831519739904
568173724974878720
568215917894737920
568308149796474880
568449223730925571
568516267440631808
568810539939459072
568889677094232064
569089890173874176
569266679903080448
569344334761316354
569374011131453441
569517323180236800
569552658010210305
569556399585402880
569559136540561408
569564060678639616
569647825299963904
569659137581326336
569676866824642561
569679240586764288
569679642447052800
569680659288969218
569699616750489600
569715656632999936
569715707736420352
569741783896367104
569753971406999552
569757363797757952
569867192445083648
569923045571350528
569927965007417344
569933882662916096
569951211471962112
569953259479277568
569976246135697408
569978748780421121
569980269379358720
569993444342534144
570024324666564610
570033627939131392
570074864708669440
570079918782095360
570121276016234496
570212246053220352
570224968417603584
570233306664591361
570257564023128064
570258597180940288
570259380999860224
570259700937134080
570264011574415360
570273710210469888
570279368766959616
570310144459972608
567727490567639041
567759344360783872
567794017593991169
567810683485753344
567847571223388160
568055678201438208
568080078875324416
568101176551452673
568105722413649920
568105844174397440
568119831519739904
568173724974878720
568215917894737920
568308149796474880
568449223730925571
568516267440631808
568810539939459072
568889677094232064
569089890173874176
569266679903080448
569344334761316354
569374011131453441
569517323180236800
569552658010210305
569556399585402880
569559136540561408
569564060678639616
569647825299963904
569659137581326336
569676866824642561
569679240586764288
569679642447052800
569680659288969218
569699616750489600
569715656632999936
569715707736420352
569741783896367104
569753971406999552
569757363797757952
569867192445083648
569923045571350528
569927965007417344
569933882662916096
569951211471962112
569953259479277568
569976246135697408
569978748780421121
569980269379358720
569993444342534144
570024324666564610
570033627939131392
570074864708669440
570079918782095360
570121276016234496
570212246053220352
570224968417603584
570233306664591361
570257564023128064
570258597180940288
570259380999860224
570259700937134080
570264011574415360
570273710210469888
570279368766959616
570310144459972608
