567634106058821632
567741884140093440
567760872739975168
567810209088847873
567811268900556802
567813046811525120
567819606904295424
567859569621372928
567878436909228033
567884646270267392
567902218059264000
568071159285022720
568080542345895937
568102228587884545
568134534857764864
568209287517835265
568258093051727873
568272688273174528
568308793005617152
568387362239205376
568474931207352320
568491224946098176
568522203198697474
568527922576777216
568542896539873281
568559680894550016
568576829000425472
568640713635676160
568723674934722560
568763877992706048
568764097015058432
568805448696115200
568815893641211905
568829465788350464
568890017365561344
568977167410802688
569005870463344640
569125697530101760
569206152510226432
569238749802074113
569261063406882816
569310249859080192
569332773326090240
569340120790233089
569346420139905024
569462023173619712
569506389397282816
569512447717085185
569535203888271361
569541848877957120
569547458520469505
569560154619965440
569577794910490624
569602069335838720
569618371148443649
569621714046455808
569629631814508544
569631742631354369
569638063825154049
569666226974294016
569668677731274752
569670286418841603
569671173136637953
569673346864037888
569674930842775552
569687056542244864
569691389958553600
569699965527666688
569701848476745728
569703480933408768
569716270184173568
569739515243462656
569789622491820032
567634106058821632
567741884140093440
567760872739975168
567810209088847873
567811268900556802
567813046811525120
567819606904295424
567859569621372928
567878436909228033
567884646270267392
567902218059264000
568071159285022720
568080542345895937
568102228587884545
568134534857764864
568209287517835265
568258093051727873
568272688273174528
568308793005617152
568387362239205376
568474931207352320
568491224946098176
568522203198697474
568527922576777216
568542896539873281
568559680894550016
568576829000425472
568640713635676160
568723674934722560
568763877992706048
568764097015058432
568805448696115200
568815893641211905
568829465788350464
568890017365561344
568977167410802688
569005870463344640
569125697530101760
569206152510226432
569238749802074113
569261063406882816
569310249859080192
569332773326090240
569340120790233089
569346420139905024
569462023173619712
569506389397282816
569512447717085185
569535203888271361
569541848877957120
569547458520469505
569560154619965440
569577794910490624
569602069335838720
569618371148443649
569621714046455808
569629631814508544
569631742631354369
569638063825154049
569666226974294016
569668677731274752
569670286418841603
569671173136637953
569673346864037888
569674930842775552
569687056542244864
569691389958553600
569699965527666688
569701848476745728
569703480933408768
569716270184173568
569739515243462656
569789622491820032
569826452633313280
567634106058821632
567741884140093440
567760872739975168
567810209088847873
567811268900556802
567813046811525120
567819606904295424
567859569621372928
567878436909228033
567884646270267392
567902218059264000
568071159285022720
568080542345895937
568102228587884545
568134534857764864
568209287517835265
568258093051727873
568272688273174528
568308793005617152
568387362239205376
568474931207352320
568491224946098176
568522203198697474
568527922576777216
568542896539873281
568559680894550016
568576829000425472
568640713635676160
568723674934722560
568763877992706048
568764097015058432
568805448696115200
568815893641211905
568829465788350464
568890017365561344
568977167410802688
569005870463344640
569125697530101760
569206152510226432
569238749802074113
569261063406882816
569310249859080192
569332773326090240
569340120790233089
569346420139905024
569462023173619712
569506389397282816
569512447717085185
569535203888271361
569541848877957120
569547458520469505
569560154619965440
569577794910490624
569602069335838720
569618371148443649
569621714046455808
569629631814508544
569631742631354369
569638063825154049
569666226974294016
569668677731274752
569670286418841603
569671173136637953
569673346864037888
569674930842775552
569687056542244864
569691389958553600
569699965527666688
569701848476745728
569703480933408768
569716270184173568
569739515243462656
569789622491820032
569826452633313280
569876152036290560
569904716328673280
569908918421299200
569921385100750849
569951363670642689
569955551951622144
569956201934385152
569975294158901248
569977857755234304
570006886012973056
570012849067720704
570044497330987008
570097604182351872
570121361953202178
570210392539934721
570254721140850689
570262977947013120
570275632518733825
567634106058821632
567741884140093440
567760872739975168
567810209088847873
567811268900556802
567813046811525120
567819606904295424
567859569621372928
567878436909228033
567884646270267392
567902218059264000
568071159285022720
568080542345895937
568102228587884545
568134534857764864
568209287517835265
568258093051727873
568272688273174528
568308793005617152
568387362239205376
568474931207352320
568491224946098176
568522203198697474
568527922576777216
568542896539873281
568559680894550016
568576829000425472
568640713635676160
568723674934722560
568763877992706048
568764097015058432
568805448696115200
568815893641211905
568829465788350464
568890017365561344
568977167410802688
569005870463344640
569125697530101760
569206152510226432
569238749802074113
569261063406882816
569310249859080192
569332773326090240
569340120790233089
569346420139905024
569462023173619712
569506389397282816
569512447717085185
569535203888271361
569541848877957120
569547458520469505
569560154619965440
569577794910490624
569602069335838720
569618371148443649
569621714046455808
569629631814508544
569631742631354369
569638063825154049
569666226974294016
569668677731274752
569670286418841603
569671173136637953
569673346864037888
569674930842775552
569687056542244864
569691389958553600
569699965527666688
569701848476745728
569703480933408768
569716270184173568
569739515243462656
569789622491820032
569826452633313280
569876152036290560
569904716328673280
569908918421299200
569921385100750849
569951363670642689
569955551951622144
569956201934385152
569975294158901248
569977857755234304
570006886012973056
570012849067720704
570044497330987008
570097604182351872
570121361953202178
570210392539934721
570254721140850689
570262977947013120
570275632518733825
567634106058821632
567741884140093440
567760872739975168
567810209088847873
567811268900556802
567813046811525120
567819606904295424
567859569621372928
567878436909228033
567884646270267392
567902218059264000
568071159285022720
568080542345895937
568102228587884545
568134534857764864
568209287517835265
568258093051727873
568272688273174528
568308793005617152
568387362239205376
568474931207352320
568491224946098176
568522203198697474
568527922576777216
568542896539873281
568559680894550016
568576829000425472
568640713635676160
568723674934722560
568763877992706048
568764097015058432
568805448696115200
568815893641211905
568829465788350464
568890017365561344
568977167410802688
569005870463344640
569125697530101760
569206152510226432
569238749802074113
569261063406882816
569310249859080192
569332773326090240
569340120790233089
569346420139905024
569462023173619712
569506389397282816
569512447717085185
569535203888271361
569541848877957120
569547458520469505
569560154619965440
569577794910490624
569602069335838720
569618371148443649
569621714046455808
569629631814508544
569631742631354369
569638063825154049
569666226974294016
569668677731274752
569670286418841603
569671173136637953
569673346864037888
569674930842775552
569687056542244864
569691389958553600
569699965527666688
569701848476745728
569703480933408768
569716270184173568
569739515243462656
569789622491820032
569826452633313280
569876152036290560
569904716328673280
569908918421299200
569921385100750849
569951363670642689
569955551951622144
569956201934385152
569975294158901248
569977857755234304
570006886012973056
570012849067720704
570044497330987008
570097604182351872
570121361953202178
570210392539934721
570254721140850689
570262977947013120
570275632518733825
567634106058821632
567741884140093440
567760872739975168
567810209088847873
567811268900556802
567813046811525120
567819606904295424
567859569621372928
567878436909228033
567884646270267392
567902218059264000
568071159285022720
568080542345895937
568102228587884545
568134534857764864
568209287517835265
568258093051727873
568272688273174528
568308793005617152
568387362239205376
568474931207352320
568491224946098176
568522203198697474
568527922576777216
568542896539873281
568559680894550016
568576829000425472
568640713635676160
568723674934722560
568763877992706048
568764097015058432
568805448696115200
568815893641211905
568829465788350464
568890017365561344
568977167410802688
569005870463344640
569125697530101760
569206152510226432
569238749802074113
569261063406882816
569310249859080192
569332773326090240
569340120790233089
569346420139905024
569462023173619712
569506389397282816
569512447717085185
569535203888271361
569541848877957120
569547458520469505
569560154619965440
569577794910490624
569602069335838720
569618371148443649
569621714046455808
569629631814508544
569631742631354369
569638063825154049
569666226974294016
569668677731274752
569670286418841603
569671173136637953
569673346864037888
569674930842775552
569687056542244864
569691389958553600
569699965527666688
569701848476745728
569703480933408768
569716270184173568
569739515243462656
569789622491820032
569826452633313280
569876152036290560
569904716328673280
569908918421299200
569921385100750849
569951363670642689
569955551951622144
569956201934385152
569975294158901248
569977857755234304
570006886012973056
570012849067720704
570044497330987008
570097604182351872
570121361953202178
570210392539934721
570254721140850689
570262977947013120
570275632518733825
567634106058821632
567741884140093440
567760872739975168
567810209088847873
567811268900556802
567813046811525120
567819606904295424
567859569621372928
567878436909228033
567884646270267392
567902218059264000
568071159285022720
568080542345895937
568102228587884545
568134534857764864
568209287517835265
568258093051727873
568272688273174528
568308793005617152
568387362239205376
568474931207352320
568491224946098176
568522203198697474
568527922576777216
568542896539873281
568559680894550016
568576829000425472
568640713635676160
568723674934722560
568763877992706048
568764097015058432
568805448696115200
568815893641211905
568829465788350464
568890017365561344
568977167410802688
569005870463344640
569125697530101760
569206152510226432
569238749802074113
569261063406882816
569310249859080192
569332773326090240
569340120790233089
569346420139905024
569462023173619712
569506389397282816
569512447717085185
569535203888271361
569541848877957120
569547458520469505
569560154619965440
569577794910490624
569602069335838720
569618371148443649
569621714046455808
569629631814508544
569631742631354369
569638063825154049
569666226974294016
569668677731274752
569670286418841603
569671173136637953
569673346864037888
569674930842775552
569687056542244864
569691389958553600
569699965527666688
569701848476745728
569703480933408768
569716270184173568
569739515243462656
569789622491820032
569826452633313280
569876152036290560
569904716328673280
569908918421299200
569921385100750849
569951363670642689
569955551951622144
569956201934385152
569975294158901248
569977857755234304
570006886012973056
570012849067720704
570044497330987008
570097604182351872
570121361953202178
570210392539934721
570254721140850689
570262977947013120
570275632518733825
567634106058821632
567741884140093440
567760872739975168
567810209088847873
567811268900556802
567813046811525120
567819606904295424
567859569621372928
567878436909228033
567884646270267392
567902218059264000
568071159285022720
568080542345895937
568102228587884545
568134534857764864
568209287517835265
568258093051727873
568272688273174528
568308793005617152
568387362239205376
568474931207352320
568491224946098176
568522203198697474
568527922576777216
568542896539873281
568559680894550016
568576829000425472
568640713635676160
568723674934722560
568763877992706048
568764097015058432
568805448696115200
568815893641211905
568829465788350464
568890017365561344
568977167410802688
569005870463344640
569125697530101760
569206152510226432
569238749802074113
569261063406882816
569310249859080192
569332773326090240
569340120790233089
569346420139905024
569462023173619712
569506389397282816
569512447717085185
569535203888271361
569541848877957120
569547458520469505
569560154619965440
569577794910490624
569602069335838720
569618371148443649
569621714046455808
569629631814508544
569631742631354369
569638063825154049
569666226974294016
569668677731274752
569670286418841603
569671173136637953
569673346864037888
569674930842775552
569687056542244864
569691389958553600
569699965527666688
569701848476745728
569703480933408768
569716270184173568
569739515243462656
569789622491820032
569826452633313280
569876152036290560
569904716328673280
569908918421299200
569921385100750849
569951363670642689
569955551951622144
569956201934385152
569975294158901248
569977857755234304
570006886012973056
570012849067720704
570044497330987008
570097604182351872
570121361953202178
570210392539934721
570254721140850689
570262977947013120
570275632518733825
