567717985092395008
567722844319404033
567728017196457987
567730704055037953
567732351774781440
567734506434854912
567738031398866944
567738375755415552
567744948934426625
567750328729485314
567754288055988224
567762099708112897
567766384378388480
567773609939058688
567785122708332546
567789749013086208
567802649526976512
567802752677457920
567822994925441025
567831380157206528
567832821013848064
567865403101298688
567870895383015424
567872392116191233
567872769049825280
567883722948763648
567906937423073280
567970771718578176
568041051182616576
568056741885288448
568061283200839681
568069392422051841
568070439945306112
568081558625759233
568083224146149376
568111010856480768
568112232208293889
568159364550406144
568177609281896449
568189372362674176
568204964742496256
568212521657737216
568225322543538176
568236691397279745
568251373189349376
568252805036638209
568256282668302337
568261172610220033
568276805972570112
568280611552681985
568361346464497664
568364889280020481
568383500530769920
568384143379156993
568413365254488064
568438162369822720
568440682584477696
568448902011224064
568519971971538945
568552943005224961
568640385117003776
568673970251116544
568787022472740864
568787999036583936
568803679018491904
568821307766222848
568822571875098624
568825730718666754
568826215089475584
568828543423123456
568831798857195520
568834902365503488
568853249551409153
568881975177515009
568885645927686144
568894256070287360
568903208015433728
568943214130040832
569010309085536257
569164871465439232
569165556722503681
569167347996495872
569175548632698881
569180541662027779
569189550570016768
569229441739522048
569259688887492608
569263677234388993
569263732280451072
569276042491211777
569298251418959872
569306871242366977
569307607007150080
569308775435390976
569329921740427264
569330919020093442
569340341956038657
569428333500375040
569478023679905792
569502753694691328
569504786879528962
569506361266085888
569527440499978240
569539560910282752
569544873809989632
569557964991930368
569563698374651904
569566981835218944
569567028136296450
569580197709783040
569592390211801089
569592447455465472
569602682505138176
569604354703020032
569604909571678208
569605928636407808
569607661655715841
569613537158373376
569614088390578176
569615215144226816
569616208804380672
569616974256472064
569617202984255490
569620169971998721
569620202045841408
569623156337586177
569628494214225922
569629305023569922
569631847547867136
569634918973751297
569643301332258817
569644041857421312
569644759024852992
569645815268044801
569652478020489216
569659364530728961
569662145886957568
569664787946164224
569666840370110465
569671200978436096
569672974657146880
569674930842775552
569685606202093570
569690010531680256
569691680661762049
569692664720797696
569698937281470464
569706041673322498
569708139517480960
569709103188197376
569712291857485824
569720605383241728
569721604315312129
569722230340333569
569747668232065024
569749422482960384
569794574966591489
567717985092395008
567722844319404033
567728017196457987
567730704055037953
567732351774781440
567734506434854912
567738031398866944
567738375755415552
567744948934426625
567750328729485314
567754288055988224
567762099708112897
567766384378388480
567773609939058688
567785122708332546
567789749013086208
567802649526976512
567802752677457920
567822994925441025
567831380157206528
567832821013848064
567865403101298688
567870895383015424
567872392116191233
567872769049825280
567883722948763648
567906937423073280
567970771718578176
568041051182616576
568056741885288448
568061283200839681
568069392422051841
568070439945306112
568081558625759233
568083224146149376
568111010856480768
568112232208293889
568159364550406144
568177609281896449
568189372362674176
568204964742496256
568212521657737216
568225322543538176
568236691397279745
568251373189349376
568252805036638209
568256282668302337
568261172610220033
568276805972570112
568280611552681985
568361346464497664
568364889280020481
568383500530769920
568384143379156993
568413365254488064
568438162369822720
568440682584477696
568448902011224064
568519971971538945
568552943005224961
568640385117003776
568673970251116544
568787022472740864
568787999036583936
568803679018491904
568821307766222848
568822571875098624
568825730718666754
568826215089475584
568828543423123456
568831798857195520
568834902365503488
568853249551409153
568881975177515009
568885645927686144
568894256070287360
568903208015433728
568943214130040832
569010309085536257
569164871465439232
569165556722503681
569167347996495872
569175548632698881
569180541662027779
569189550570016768
569229441739522048
569259688887492608
569263677234388993
569263732280451072
569276042491211777
569298251418959872
569306871242366977
569307607007150080
569308775435390976
569329921740427264
569330919020093442
569340341956038657
569428333500375040
569478023679905792
569502753694691328
569504786879528962
569506361266085888
569527440499978240
569539560910282752
569544873809989632
569557964991930368
569563698374651904
569566981835218944
569567028136296450
569580197709783040
569592390211801089
569592447455465472
569602682505138176
569604354703020032
569604909571678208
569605928636407808
569607661655715841
569613537158373376
569614088390578176
569615215144226816
569616208804380672
569616974256472064
569617202984255490
569620169971998721
569620202045841408
569623156337586177
569628494214225922
569629305023569922
569631847547867136
569634918973751297
569643301332258817
569644041857421312
569644759024852992
569645815268044801
569652478020489216
569659364530728961
569662145886957568
569664787946164224
569666840370110465
569671200978436096
569672974657146880
569674930842775552
569685606202093570
569690010531680256
569691680661762049
569692664720797696
569698937281470464
569706041673322498
569708139517480960
569709103188197376
569712291857485824
569720605383241728
569721604315312129
569722230340333569
569747668232065024
569749422482960384
569794574966591489
569826452633313280
569829960178905089
569830322357084160
567717985092395008
567722844319404033
567728017196457987
567730704055037953
567732351774781440
567734506434854912
567738031398866944
567738375755415552
567744948934426625
567750328729485314
567754288055988224
567762099708112897
567766384378388480
567773609939058688
567785122708332546
567789749013086208
567802649526976512
567802752677457920
567822994925441025
567831380157206528
567832821013848064
567865403101298688
567870895383015424
567872392116191233
567872769049825280
567883722948763648
567906937423073280
567970771718578176
568041051182616576
568056741885288448
568061283200839681
568069392422051841
568070439945306112
568081558625759233
568083224146149376
568111010856480768
568112232208293889
568159364550406144
568177609281896449
568189372362674176
568204964742496256
568212521657737216
568225322543538176
568236691397279745
568251373189349376
568252805036638209
568256282668302337
568261172610220033
568276805972570112
568280611552681985
568361346464497664
568364889280020481
568383500530769920
568384143379156993
568413365254488064
568438162369822720
568440682584477696
568448902011224064
568519971971538945
568552943005224961
568640385117003776
568673970251116544
568787022472740864
568787999036583936
568803679018491904
568821307766222848
568822571875098624
568825730718666754
568826215089475584
568828543423123456
568831798857195520
568834902365503488
568853249551409153
568881975177515009
568885645927686144
568894256070287360
568903208015433728
568943214130040832
569010309085536257
569164871465439232
569165556722503681
569167347996495872
569175548632698881
569180541662027779
569189550570016768
569229441739522048
569259688887492608
569263677234388993
569263732280451072
569276042491211777
569298251418959872
569306871242366977
569307607007150080
569308775435390976
569329921740427264
569330919020093442
569340341956038657
569428333500375040
569478023679905792
569502753694691328
569504786879528962
569506361266085888
569527440499978240
569539560910282752
569544873809989632
569557964991930368
569563698374651904
569566981835218944
569567028136296450
569580197709783040
569592390211801089
569592447455465472
569602682505138176
569604354703020032
569604909571678208
569605928636407808
569607661655715841
569613537158373376
569614088390578176
569615215144226816
569616208804380672
569616974256472064
569617202984255490
569620169971998721
569620202045841408
569623156337586177
569628494214225922
569629305023569922
569631847547867136
569634918973751297
569643301332258817
569644041857421312
569644759024852992
569645815268044801
569652478020489216
569659364530728961
569662145886957568
569664787946164224
569666840370110465
569671200978436096
569672974657146880
569674930842775552
569685606202093570
569690010531680256
569691680661762049
569692664720797696
569698937281470464
569706041673322498
569708139517480960
569709103188197376
569712291857485824
569720605383241728
569721604315312129
569722230340333569
569747668232065024
569749422482960384
569794574966591489
569826452633313280
569829960178905089
569830322357084160
569857157778132993
569858655086120961
569863183961165826
569868638968254467
569870445710671872
569873664612704256
569873665640292353
569873668131717120
569873669700358144
569875424924168193
569879601784041472
569880288702173184
569881453842042880
569881888892055552
569882542855352320
569884644893532161
569885487508418560
569907019081228288
569912835871879168
569922305423495168
569923163259318274
569923825179054081
569927965007417344
569928034171498496
569938470824574976
569946477356818432
569953475640995840
569972985521532929
569975113694760960
569976620158578688
569978804690669569
569980365386809344
569986978684362753
569989252613689344
569998043761803264
570002186991763457
570009228867293185
570016770708283392
570017634495787009
570042339575640066
570048804550004737
570085628576202752
570097596913623040
570102708734197760
570122958695477248
570226365410230272
570227917877354497
570244934634090496
570250252382416896
570253865066602497
570262977947013120
570267781859557377
570270848201797632
570280737951375360
570293661377961984
570304440017788929
567717985092395008
567722844319404033
567728017196457987
567730704055037953
567732351774781440
567734506434854912
567738031398866944
567738375755415552
567744948934426625
567750328729485314
567754288055988224
567762099708112897
567766384378388480
567773609939058688
567785122708332546
567789749013086208
567802649526976512
567802752677457920
567822994925441025
567831380157206528
567832821013848064
567865403101298688
567870895383015424
567872392116191233
567872769049825280
567883722948763648
567906937423073280
567970771718578176
568041051182616576
568056741885288448
568061283200839681
568069392422051841
568070439945306112
568081558625759233
568083224146149376
568111010856480768
568112232208293889
568159364550406144
568177609281896449
568189372362674176
568204964742496256
568212521657737216
568225322543538176
568236691397279745
568251373189349376
568252805036638209
568256282668302337
568261172610220033
568276805972570112
568280611552681985
568361346464497664
568364889280020481
568383500530769920
568384143379156993
568413365254488064
568438162369822720
568440682584477696
568448902011224064
568519971971538945
568552943005224961
568640385117003776
568673970251116544
568787022472740864
568787999036583936
568803679018491904
568821307766222848
568822571875098624
568825730718666754
568826215089475584
568828543423123456
568831798857195520
568834902365503488
568853249551409153
568881975177515009
568885645927686144
568894256070287360
568903208015433728
568943214130040832
569010309085536257
569164871465439232
569165556722503681
569167347996495872
569175548632698881
569180541662027779
569189550570016768
569229441739522048
569259688887492608
569263677234388993
569263732280451072
569276042491211777
569298251418959872
569306871242366977
569307607007150080
569308775435390976
569329921740427264
569330919020093442
569340341956038657
569428333500375040
569478023679905792
569502753694691328
569504786879528962
569506361266085888
569527440499978240
569539560910282752
569544873809989632
569557964991930368
569563698374651904
569566981835218944
569567028136296450
569580197709783040
569592390211801089
569592447455465472
569602682505138176
569604354703020032
569604909571678208
569605928636407808
569607661655715841
569613537158373376
569614088390578176
569615215144226816
569616208804380672
569616974256472064
569617202984255490
569620169971998721
569620202045841408
569623156337586177
569628494214225922
569629305023569922
569631847547867136
569634918973751297
569643301332258817
569644041857421312
569644759024852992
569645815268044801
569652478020489216
569659364530728961
569662145886957568
569664787946164224
569666840370110465
569671200978436096
569672974657146880
569674930842775552
569685606202093570
569690010531680256
569691680661762049
569692664720797696
569698937281470464
569706041673322498
569708139517480960
569709103188197376
569712291857485824
569720605383241728
569721604315312129
569722230340333569
569747668232065024
569749422482960384
569794574966591489
569826452633313280
569829960178905089
569830322357084160
569857157778132993
569858655086120961
569863183961165826
569868638968254467
569870445710671872
569873664612704256
569873665640292353
569873668131717120
569873669700358144
569875424924168193
569879601784041472
569880288702173184
569881453842042880
569881888892055552
569882542855352320
569884644893532161
569885487508418560
569907019081228288
569912835871879168
569922305423495168
569923163259318274
569923825179054081
569927965007417344
569928034171498496
569938470824574976
569946477356818432
569953475640995840
569972985521532929
569975113694760960
569976620158578688
569978804690669569
569980365386809344
569986978684362753
569989252613689344
569998043761803264
570002186991763457
570009228867293185
570016770708283392
570017634495787009
570042339575640066
570048804550004737
570085628576202752
570097596913623040
570102708734197760
570122958695477248
570226365410230272
570227917877354497
570244934634090496
570250252382416896
570253865066602497
570262977947013120
570267781859557377
570270848201797632
570280737951375360
570293661377961984
570304440017788929
567717985092395008
567722844319404033
567728017196457987
567730704055037953
567732351774781440
567734506434854912
567738031398866944
567738375755415552
567744948934426625
567750328729485314
567754288055988224
567762099708112897
567766384378388480
567773609939058688
567785122708332546
567789749013086208
567802649526976512
567802752677457920
567822994925441025
567831380157206528
567832821013848064
567865403101298688
567870895383015424
567872392116191233
567872769049825280
567883722948763648
567906937423073280
567970771718578176
568041051182616576
568056741885288448
568061283200839681
568069392422051841
568070439945306112
568081558625759233
568083224146149376
568111010856480768
568112232208293889
568159364550406144
568177609281896449
568189372362674176
568204964742496256
568212521657737216
568225322543538176
568236691397279745
568251373189349376
568252805036638209
568256282668302337
568261172610220033
568276805972570112
568280611552681985
568361346464497664
568364889280020481
568383500530769920
568384143379156993
568413365254488064
568438162369822720
568440682584477696
568448902011224064
568519971971538945
568552943005224961
568640385117003776
568673970251116544
568787022472740864
568787999036583936
568803679018491904
568821307766222848
568822571875098624
568825730718666754
568826215089475584
568828543423123456
568831798857195520
568834902365503488
568853249551409153
568881975177515009
568885645927686144
568894256070287360
568903208015433728
568943214130040832
569010309085536257
569164871465439232
569165556722503681
569167347996495872
569175548632698881
569180541662027779
569189550570016768
569229441739522048
569259688887492608
569263677234388993
569263732280451072
569276042491211777
569298251418959872
569306871242366977
569307607007150080
569308775435390976
569329921740427264
569330919020093442
569340341956038657
569428333500375040
569478023679905792
569502753694691328
569504786879528962
569506361266085888
569527440499978240
569539560910282752
569544873809989632
569557964991930368
569563698374651904
569566981835218944
569567028136296450
569580197709783040
569592390211801089
569592447455465472
569602682505138176
569604354703020032
569604909571678208
569605928636407808
569607661655715841
569613537158373376
569614088390578176
569615215144226816
569616208804380672
569616974256472064
569617202984255490
569620169971998721
569620202045841408
569623156337586177
569628494214225922
569629305023569922
569631847547867136
569634918973751297
569643301332258817
569644041857421312
569644759024852992
569645815268044801
569652478020489216
569659364530728961
569662145886957568
569664787946164224
569666840370110465
569671200978436096
569672974657146880
569674930842775552
569685606202093570
569690010531680256
569691680661762049
569692664720797696
569698937281470464
569706041673322498
569708139517480960
569709103188197376
569712291857485824
569720605383241728
569721604315312129
569722230340333569
569747668232065024
569749422482960384
569794574966591489
569826452633313280
569829960178905089
569830322357084160
569857157778132993
569858655086120961
569863183961165826
569868638968254467
569870445710671872
569873664612704256
569873665640292353
569873668131717120
569873669700358144
569875424924168193
569879601784041472
569880288702173184
569881453842042880
569881888892055552
569882542855352320
569884644893532161
569885487508418560
569907019081228288
569912835871879168
569922305423495168
569923163259318274
569923825179054081
569927965007417344
569928034171498496
569938470824574976
569946477356818432
569953475640995840
569972985521532929
569975113694760960
569976620158578688
569978804690669569
569980365386809344
569986978684362753
569989252613689344
569998043761803264
570002186991763457
570009228867293185
570016770708283392
570017634495787009
570042339575640066
570048804550004737
570085628576202752
570097596913623040
570102708734197760
570122958695477248
570226365410230272
570227917877354497
570244934634090496
570250252382416896
570253865066602497
570262977947013120
570267781859557377
570270848201797632
570280737951375360
570293661377961984
570304440017788929
567717985092395008
567722844319404033
567728017196457987
567730704055037953
567732351774781440
567734506434854912
567738031398866944
567738375755415552
567744948934426625
567750328729485314
567754288055988224
567762099708112897
567766384378388480
567773609939058688
567785122708332546
567789749013086208
567802649526976512
567802752677457920
567822994925441025
567831380157206528
567832821013848064
567865403101298688
567870895383015424
567872392116191233
567872769049825280
567883722948763648
567906937423073280
567970771718578176
568041051182616576
568056741885288448
568061283200839681
568069392422051841
568070439945306112
568081558625759233
568083224146149376
568111010856480768
568112232208293889
568159364550406144
568177609281896449
568189372362674176
568204964742496256
568212521657737216
568225322543538176
568236691397279745
568251373189349376
568252805036638209
568256282668302337
568261172610220033
568276805972570112
568280611552681985
568361346464497664
568364889280020481
568383500530769920
568384143379156993
568413365254488064
568438162369822720
568440682584477696
568448902011224064
568519971971538945
568552943005224961
568640385117003776
568673970251116544
568787022472740864
568787999036583936
568803679018491904
568821307766222848
568822571875098624
568825730718666754
568826215089475584
568828543423123456
568831798857195520
568834902365503488
568853249551409153
568881975177515009
568885645927686144
568894256070287360
568903208015433728
568943214130040832
569010309085536257
569164871465439232
569165556722503681
569167347996495872
569175548632698881
569180541662027779
569189550570016768
569229441739522048
569259688887492608
569263677234388993
569263732280451072
569276042491211777
569298251418959872
569306871242366977
569307607007150080
569308775435390976
569329921740427264
569330919020093442
569340341956038657
569428333500375040
569478023679905792
569502753694691328
569504786879528962
569506361266085888
569527440499978240
569539560910282752
569544873809989632
569557964991930368
569563698374651904
569566981835218944
569567028136296450
569580197709783040
569592390211801089
569592447455465472
569602682505138176
569604354703020032
569604909571678208
569605928636407808
569607661655715841
569613537158373376
569614088390578176
569615215144226816
569616208804380672
569616974256472064
569617202984255490
569620169971998721
569620202045841408
569623156337586177
569628494214225922
569629305023569922
569631847547867136
569634918973751297
569643301332258817
569644041857421312
569644759024852992
569645815268044801
569652478020489216
569659364530728961
569662145886957568
569664787946164224
569666840370110465
569671200978436096
569672974657146880
569674930842775552
569685606202093570
569690010531680256
569691680661762049
569692664720797696
569698937281470464
569706041673322498
569708139517480960
569709103188197376
569712291857485824
569720605383241728
569721604315312129
569722230340333569
569747668232065024
569749422482960384
569794574966591489
569826452633313280
569829960178905089
569830322357084160
569857157778132993
569858655086120961
569863183961165826
569868638968254467
569870445710671872
569873664612704256
569873665640292353
569873668131717120
569873669700358144
569875424924168193
569879601784041472
569880288702173184
569881453842042880
569881888892055552
569882542855352320
569884644893532161
569885487508418560
569907019081228288
569912835871879168
569922305423495168
569923163259318274
569923825179054081
569927965007417344
569928034171498496
569938470824574976
569946477356818432
569953475640995840
569972985521532929
569975113694760960
569976620158578688
569978804690669569
569980365386809344
569986978684362753
569989252613689344
569998043761803264
570002186991763457
570009228867293185
570016770708283392
570017634495787009
570042339575640066
570048804550004737
570085628576202752
570097596913623040
570102708734197760
570122958695477248
570226365410230272
570227917877354497
570244934634090496
570250252382416896
570253865066602497
570262977947013120
570267781859557377
570270848201797632
570280737951375360
570293661377961984
570304440017788929
567717985092395008
567722844319404033
567728017196457987
567730704055037953
567732351774781440
567734506434854912
567738031398866944
567738375755415552
567744948934426625
567750328729485314
567754288055988224
567762099708112897
567766384378388480
567773609939058688
567785122708332546
567789749013086208
567802649526976512
567802752677457920
567822994925441025
567831380157206528
567832821013848064
567865403101298688
567870895383015424
567872392116191233
567872769049825280
567883722948763648
567906937423073280
567970771718578176
568041051182616576
568056741885288448
568061283200839681
568069392422051841
568070439945306112
568081558625759233
568083224146149376
568111010856480768
568112232208293889
568159364550406144
568177609281896449
568189372362674176
568204964742496256
568212521657737216
568225322543538176
568236691397279745
568251373189349376
568252805036638209
568256282668302337
568261172610220033
568276805972570112
568280611552681985
568361346464497664
568364889280020481
568383500530769920
568384143379156993
568413365254488064
568438162369822720
568440682584477696
568448902011224064
568519971971538945
568552943005224961
568640385117003776
568673970251116544
568787022472740864
568787999036583936
568803679018491904
568821307766222848
568822571875098624
568825730718666754
568826215089475584
568828543423123456
568831798857195520
568834902365503488
568853249551409153
568881975177515009
568885645927686144
568894256070287360
568903208015433728
568943214130040832
569010309085536257
569164871465439232
569165556722503681
569167347996495872
569175548632698881
569180541662027779
569189550570016768
569229441739522048
569259688887492608
569263677234388993
569263732280451072
569276042491211777
569298251418959872
569306871242366977
569307607007150080
569308775435390976
569329921740427264
569330919020093442
569340341956038657
569428333500375040
569478023679905792
569502753694691328
569504786879528962
569506361266085888
569527440499978240
569539560910282752
569544873809989632
569557964991930368
569563698374651904
569566981835218944
569567028136296450
569580197709783040
569592390211801089
569592447455465472
569602682505138176
569604354703020032
569604909571678208
569605928636407808
569607661655715841
569613537158373376
569614088390578176
569615215144226816
569616208804380672
569616974256472064
569617202984255490
569620169971998721
569620202045841408
569623156337586177
569628494214225922
569629305023569922
569631847547867136
569634918973751297
569643301332258817
569644041857421312
569644759024852992
569645815268044801
569652478020489216
569659364530728961
569662145886957568
569664787946164224
569666840370110465
569671200978436096
569672974657146880
569674930842775552
569685606202093570
569690010531680256
569691680661762049
569692664720797696
569698937281470464
569706041673322498
569708139517480960
569709103188197376
569712291857485824
569720605383241728
569721604315312129
569722230340333569
569747668232065024
569749422482960384
569794574966591489
569826452633313280
569829960178905089
569830322357084160
569857157778132993
569858655086120961
569863183961165826
569868638968254467
569870445710671872
569873664612704256
569873665640292353
569873668131717120
569873669700358144
569875424924168193
569879601784041472
569880288702173184
569881453842042880
569881888892055552
569882542855352320
569884644893532161
569885487508418560
569907019081228288
569912835871879168
569922305423495168
569923163259318274
569923825179054081
569927965007417344
569928034171498496
569938470824574976
569946477356818432
569953475640995840
569972985521532929
569975113694760960
569976620158578688
569978804690669569
569980365386809344
569986978684362753
569989252613689344
569998043761803264
570002186991763457
570009228867293185
570016770708283392
570017634495787009
570042339575640066
570048804550004737
570085628576202752
570097596913623040
570102708734197760
570122958695477248
570226365410230272
570227917877354497
570244934634090496
570250252382416896
570253865066602497
570262977947013120
570267781859557377
570270848201797632
570280737951375360
570293661377961984
570304440017788929
567717985092395008
567722844319404033
567728017196457987
567730704055037953
567732351774781440
567734506434854912
567738031398866944
567738375755415552
567744948934426625
567750328729485314
567754288055988224
567762099708112897
567766384378388480
567773609939058688
567785122708332546
567789749013086208
567802649526976512
567802752677457920
567822994925441025
567831380157206528
567832821013848064
567865403101298688
567870895383015424
567872392116191233
567872769049825280
567883722948763648
567906937423073280
567970771718578176
568041051182616576
568056741885288448
568061283200839681
568069392422051841
568070439945306112
568081558625759233
568083224146149376
568111010856480768
568112232208293889
568159364550406144
568177609281896449
568189372362674176
568204964742496256
568212521657737216
568225322543538176
568236691397279745
568251373189349376
568252805036638209
568256282668302337
568261172610220033
568276805972570112
568280611552681985
568361346464497664
568364889280020481
568383500530769920
568384143379156993
568413365254488064
568438162369822720
568440682584477696
568448902011224064
568519971971538945
568552943005224961
568640385117003776
568673970251116544
568787022472740864
568787999036583936
568803679018491904
568821307766222848
568822571875098624
568825730718666754
568826215089475584
568828543423123456
568831798857195520
568834902365503488
568853249551409153
568881975177515009
568885645927686144
568894256070287360
568903208015433728
568943214130040832
569010309085536257
569164871465439232
569165556722503681
569167347996495872
569175548632698881
569180541662027779
569189550570016768
569229441739522048
569259688887492608
569263677234388993
569263732280451072
569276042491211777
569298251418959872
569306871242366977
569307607007150080
569308775435390976
569329921740427264
569330919020093442
569340341956038657
569428333500375040
569478023679905792
569502753694691328
569504786879528962
569506361266085888
569527440499978240
569539560910282752
569544873809989632
569557964991930368
569563698374651904
569566981835218944
569567028136296450
569580197709783040
569592390211801089
569592447455465472
569602682505138176
569604354703020032
569604909571678208
569605928636407808
569607661655715841
569613537158373376
569614088390578176
569615215144226816
569616208804380672
569616974256472064
569617202984255490
569620169971998721
569620202045841408
569623156337586177
569628494214225922
569629305023569922
569631847547867136
569634918973751297
569643301332258817
569644041857421312
569644759024852992
569645815268044801
569652478020489216
569659364530728961
569662145886957568
569664787946164224
569666840370110465
569671200978436096
569672974657146880
569674930842775552
569685606202093570
569690010531680256
569691680661762049
569692664720797696
569698937281470464
569706041673322498
569708139517480960
569709103188197376
569712291857485824
569720605383241728
569721604315312129
569722230340333569
569747668232065024
569749422482960384
569794574966591489
569826452633313280
569829960178905089
569830322357084160
569857157778132993
569858655086120961
569863183961165826
569868638968254467
569870445710671872
569873664612704256
569873665640292353
569873668131717120
569873669700358144
569875424924168193
569879601784041472
569880288702173184
569881453842042880
569881888892055552
569882542855352320
569884644893532161
569885487508418560
569907019081228288
569912835871879168
569922305423495168
569923163259318274
569923825179054081
569927965007417344
569928034171498496
569938470824574976
569946477356818432
569953475640995840
569972985521532929
569975113694760960
569976620158578688
569978804690669569
569980365386809344
569986978684362753
569989252613689344
569998043761803264
570002186991763457
570009228867293185
570016770708283392
570017634495787009
570042339575640066
570048804550004737
570085628576202752
570097596913623040
570102708734197760
570122958695477248
570226365410230272
570227917877354497
570244934634090496
570250252382416896
570253865066602497
570262977947013120
570267781859557377
570270848201797632
570280737951375360
570293661377961984
570304440017788929
