569492208203776000
569604425238454273
569739154600300544
569492208203776000
569604425238454273
569739154600300544
569492208203776000
569604425238454273
569739154600300544
569961695835267073
569492208203776000
569604425238454273
569739154600300544
569961695835267073
569492208203776000
569604425238454273
569739154600300544
569961695835267073
569492208203776000
569604425238454273
569739154600300544
569961695835267073
569492208203776000
569604425238454273
569739154600300544
569961695835267073
569492208203776000
569604425238454273
569739154600300544
569961695835267073
