567737598115082241
567841828411551744
567845500205936640
567892179953262592
568188415524642816
568214100578324480
568460539602608128
568538872637816832
568577596172009472
568701051903336448
568785504004497408
568921625715814401
568938647795314688
568946758404808704
569175138349887488
569279586921353216
569333934670139392
569338605057015808
569353641615687680
569408340616351744
569517479296409600
569564060678639616
569596394819883008
569608257607737344
569628323443318785
569666501504073728
569666885035409408
569671712830308352
569701210120450049
569741325454540800
569817130801221632
567737598115082241
567841828411551744
567845500205936640
567892179953262592
568188415524642816
568214100578324480
568460539602608128
568538872637816832
568577596172009472
568701051903336448
568785504004497408
568921625715814401
568938647795314688
568946758404808704
569175138349887488
569279586921353216
569333934670139392
569338605057015808
569353641615687680
569408340616351744
569517479296409600
569564060678639616
569596394819883008
569608257607737344
569628323443318785
569666501504073728
569666885035409408
569671712830308352
569701210120450049
569741325454540800
569817130801221632
569817859406352384
567737598115082241
567841828411551744
567845500205936640
567892179953262592
568188415524642816
568214100578324480
568460539602608128
568538872637816832
568577596172009472
568701051903336448
568785504004497408
568921625715814401
568938647795314688
568946758404808704
569175138349887488
569279586921353216
569333934670139392
569338605057015808
569353641615687680
569408340616351744
569517479296409600
569564060678639616
569596394819883008
569608257607737344
569628323443318785
569666501504073728
569666885035409408
569671712830308352
569701210120450049
569741325454540800
569817130801221632
569817859406352384
569930403106172928
569940075120873472
569952945028108288
570095172303900672
570185687569469440
570255773651099648
570300177367633921
570306867878072320
567737598115082241
567841828411551744
567845500205936640
567892179953262592
568188415524642816
568214100578324480
568460539602608128
568538872637816832
568577596172009472
568701051903336448
568785504004497408
568921625715814401
568938647795314688
568946758404808704
569175138349887488
569279586921353216
569333934670139392
569338605057015808
569353641615687680
569408340616351744
569517479296409600
569564060678639616
569596394819883008
569608257607737344
569628323443318785
569666501504073728
569666885035409408
569671712830308352
569701210120450049
569741325454540800
569817130801221632
569817859406352384
569930403106172928
569940075120873472
569952945028108288
570095172303900672
570185687569469440
570255773651099648
570300177367633921
570306867878072320
567737598115082241
567841828411551744
567845500205936640
567892179953262592
568188415524642816
568214100578324480
568460539602608128
568538872637816832
568577596172009472
568701051903336448
568785504004497408
568921625715814401
568938647795314688
568946758404808704
569175138349887488
569279586921353216
569333934670139392
569338605057015808
569353641615687680
569408340616351744
569517479296409600
569564060678639616
569596394819883008
569608257607737344
569628323443318785
569666501504073728
569666885035409408
569671712830308352
569701210120450049
569741325454540800
569817130801221632
569817859406352384
569930403106172928
569940075120873472
569952945028108288
570095172303900672
570185687569469440
570255773651099648
570300177367633921
570306867878072320
567737598115082241
567841828411551744
567845500205936640
567892179953262592
568188415524642816
568214100578324480
568460539602608128
568538872637816832
568577596172009472
568701051903336448
568785504004497408
568921625715814401
568938647795314688
568946758404808704
569175138349887488
569279586921353216
569333934670139392
569338605057015808
569353641615687680
569408340616351744
569517479296409600
569564060678639616
569596394819883008
569608257607737344
569628323443318785
569666501504073728
569666885035409408
569671712830308352
569701210120450049
569741325454540800
569817130801221632
569817859406352384
569930403106172928
569940075120873472
569952945028108288
570095172303900672
570185687569469440
570255773651099648
570300177367633921
570306867878072320
567737598115082241
567841828411551744
567845500205936640
567892179953262592
568188415524642816
568214100578324480
568460539602608128
568538872637816832
568577596172009472
568701051903336448
568785504004497408
568921625715814401
568938647795314688
568946758404808704
569175138349887488
569279586921353216
569333934670139392
569338605057015808
569353641615687680
569408340616351744
569517479296409600
569564060678639616
569596394819883008
569608257607737344
569628323443318785
569666501504073728
569666885035409408
569671712830308352
569701210120450049
569741325454540800
569817130801221632
569817859406352384
569930403106172928
569940075120873472
569952945028108288
570095172303900672
570185687569469440
570255773651099648
570300177367633921
570306867878072320
567737598115082241
567841828411551744
567845500205936640
567892179953262592
568188415524642816
568214100578324480
568460539602608128
568538872637816832
568577596172009472
568701051903336448
568785504004497408
568921625715814401
568938647795314688
568946758404808704
569175138349887488
569279586921353216
569333934670139392
569338605057015808
569353641615687680
569408340616351744
569517479296409600
569564060678639616
569596394819883008
569608257607737344
569628323443318785
569666501504073728
569666885035409408
569671712830308352
569701210120450049
569741325454540800
569817130801221632
569817859406352384
569930403106172928
569940075120873472
569952945028108288
570095172303900672
570185687569469440
570255773651099648
570300177367633921
570306867878072320
