568143054856712192
568165260605014016
568423284401836032
568484161356476416
568824821531996162
568964028669800448
568983517037772800
569501773863493632
569531010167250944
569625609799774208
568143054856712192
568165260605014016
568423284401836032
568484161356476416
568824821531996162
568964028669800448
568983517037772800
569501773863493632
569531010167250944
569625609799774208
568143054856712192
568165260605014016
568423284401836032
568484161356476416
568824821531996162
568964028669800448
568983517037772800
569501773863493632
569531010167250944
569625609799774208
569861557775163393
569868478435487744
569921652374577153
