567733978363621376
567734329212940288
567745016702181376
567754504817606656
567756837320392705
567770621451702273
567792296654299137
567811776025468929
567830505414103040
567846970141716481
567847344307347456
567850465406394368
567860982422306816
567868808586620928
567915499868131328
567925054853496832
568014567089029120
568032524749942784
568039128001937408
568049201453469697
568050718772314112
568091794304401409
568095662262358016
568101162672500736
568105481018822656
568106704866582528
568121659988824064
568128236649095168
568141442951942146
568148282762874881
568150818572144640
568174139531513856
568175537258156033
568184134666981376
568189520992198656
568211739059326976
568341364951388160
568396205270691840
568400096586395649
568436693210173441
568442077400436736
568454304488673280
568467366780264448
568470715009277952
568511474580066304
568511969335984128
568528678671360000
568531409209421826
568532825281937408
568542766860541952
568558728263254017
568574762433138690
568581984055906304
568591059602829314
568604039430033408
568607094426996738
568608850569338880
568644053522391041
568647808619659264
568650933049147392
568654208674586624
568654556634021890
568662835829415936
568663147189415936
568703064691113984
568716027577696256
568716618794209280
568753556498604032
568775413192921088
568795549211738113
568802013196242944
568802232004513792
568806118660673536
568812675175591936
568826004891832321
568845241526038528
568855090930429952
568858696198938624
568858899438178305
568876769455054849
568876836324638720
568890203923980288
568894341243998208
568895061284364288
568917936783491073
568929299350179840
568929652003217409
568943244027006976
568972562819997696
569005718365298689
569021768788090881
569046984369111041
569124416891817984
569155784988164098
569161748286083073
569175278255284224
569199095505690624
569203705750237184
569223830759059458
569224755426930689
569224849144418304
569226857272516608
569241158196400130
569244295921692672
569261791928315905
569296877902041088
569319723889876993
569322657822285824
569330919020093442
569335998083174400
569337064484962304
569357781402308608
569363354428567552
569390507526369280
569512239344054274
569523831460761601
569524026294571008
569546319666110464
569556500928188416
569558065516822528
569567167429128192
569572707299299328
569576214047760385
569595015518793730
569600757516914688
569615736387325952
569621047353450496
569628323443318785
569650612545187840
569652313813430273
569659599709704192
569665600403808256
569666686086819840
569704164743376896
569715552702345216
569731353337581568
569754680626008064
569789622491820032
569795913788428288
569802164060557312
567733978363621376
567734329212940288
567745016702181376
567754504817606656
567756837320392705
567770621451702273
567792296654299137
567811776025468929
567830505414103040
567846970141716481
567847344307347456
567850465406394368
567860982422306816
567868808586620928
567915499868131328
567925054853496832
568014567089029120
568032524749942784
568039128001937408
568049201453469697
568050718772314112
568091794304401409
568095662262358016
568101162672500736
568105481018822656
568106704866582528
568121659988824064
568128236649095168
568141442951942146
568148282762874881
568150818572144640
568174139531513856
568175537258156033
568184134666981376
568189520992198656
568211739059326976
568341364951388160
568396205270691840
568400096586395649
568436693210173441
568442077400436736
568454304488673280
568467366780264448
568470715009277952
568511474580066304
568511969335984128
568528678671360000
568531409209421826
568532825281937408
568542766860541952
568558728263254017
568574762433138690
568581984055906304
568591059602829314
568604039430033408
568607094426996738
568608850569338880
568644053522391041
568647808619659264
568650933049147392
568654208674586624
568654556634021890
568662835829415936
568663147189415936
568703064691113984
568716027577696256
568716618794209280
568753556498604032
568775413192921088
568795549211738113
568802013196242944
568802232004513792
568806118660673536
568812675175591936
568826004891832321
568845241526038528
568855090930429952
568858696198938624
568858899438178305
568876769455054849
568876836324638720
568890203923980288
568894341243998208
568895061284364288
568917936783491073
568929299350179840
568929652003217409
568943244027006976
568972562819997696
569005718365298689
569021768788090881
569046984369111041
569124416891817984
569155784988164098
569161748286083073
569175278255284224
569199095505690624
569203705750237184
569223830759059458
569224755426930689
569224849144418304
569226857272516608
569241158196400130
569244295921692672
569261791928315905
569296877902041088
569319723889876993
569322657822285824
569330919020093442
569335998083174400
569337064484962304
569357781402308608
569363354428567552
569390507526369280
569512239344054274
569523831460761601
569524026294571008
569546319666110464
569556500928188416
569558065516822528
569567167429128192
569572707299299328
569576214047760385
569595015518793730
569600757516914688
569615736387325952
569621047353450496
569628323443318785
569650612545187840
569652313813430273
569659599709704192
569665600403808256
569666686086819840
569704164743376896
569715552702345216
569731353337581568
569754680626008064
569789622491820032
569795913788428288
569802164060557312
569818507891871744
569833680316829696
567733978363621376
567734329212940288
567745016702181376
567754504817606656
567756837320392705
567770621451702273
567792296654299137
567811776025468929
567830505414103040
567846970141716481
567847344307347456
567850465406394368
567860982422306816
567868808586620928
567915499868131328
567925054853496832
568014567089029120
568032524749942784
568039128001937408
568049201453469697
568050718772314112
568091794304401409
568095662262358016
568101162672500736
568105481018822656
568106704866582528
568121659988824064
568128236649095168
568141442951942146
568148282762874881
568150818572144640
568174139531513856
568175537258156033
568184134666981376
568189520992198656
568211739059326976
568341364951388160
568396205270691840
568400096586395649
568436693210173441
568442077400436736
568454304488673280
568467366780264448
568470715009277952
568511474580066304
568511969335984128
568528678671360000
568531409209421826
568532825281937408
568542766860541952
568558728263254017
568574762433138690
568581984055906304
568591059602829314
568604039430033408
568607094426996738
568608850569338880
568644053522391041
568647808619659264
568650933049147392
568654208674586624
568654556634021890
568662835829415936
568663147189415936
568703064691113984
568716027577696256
568716618794209280
568753556498604032
568775413192921088
568795549211738113
568802013196242944
568802232004513792
568806118660673536
568812675175591936
568826004891832321
568845241526038528
568855090930429952
568858696198938624
568858899438178305
568876769455054849
568876836324638720
568890203923980288
568894341243998208
568895061284364288
568917936783491073
568929299350179840
568929652003217409
568943244027006976
568972562819997696
569005718365298689
569021768788090881
569046984369111041
569124416891817984
569155784988164098
569161748286083073
569175278255284224
569199095505690624
569203705750237184
569223830759059458
569224755426930689
569224849144418304
569226857272516608
569241158196400130
569244295921692672
569261791928315905
569296877902041088
569319723889876993
569322657822285824
569330919020093442
569335998083174400
569337064484962304
569357781402308608
569363354428567552
569390507526369280
569512239344054274
569523831460761601
569524026294571008
569546319666110464
569556500928188416
569558065516822528
569567167429128192
569572707299299328
569576214047760385
569595015518793730
569600757516914688
569615736387325952
569621047353450496
569628323443318785
569650612545187840
569652313813430273
569659599709704192
569665600403808256
569666686086819840
569704164743376896
569715552702345216
569731353337581568
569754680626008064
569789622491820032
569795913788428288
569802164060557312
569818507891871744
569833680316829696
569851241922207746
569855205187190784
569857396899606528
569865827274657792
569878388464177152
569880012230242304
569881888892055552
569888159707738113
569894035797753856
569901679975522304
569903120781852672
569920824905306113
569941609225293824
569945386569363456
569946742277451776
569951566784045058
569966422744395776
569970729237782528
569971233351213056
569971949440524288
569972039844438016
569997258772455424
570003343222964224
570004247586013184
570008179280646146
570009743160254464
570017634495787009
570018892031991808
570030173300658176
570043114058076160
570056726793359360
570064025918115840
570076827135246336
570079755560595456
570096856685871106
570114021854212096
570115532906569729
570121588487663616
570163418637996032
570168203470446592
570174284284497920
570188838775103488
570190092213465089
570204309041893376
570222625621831680
570244910563110912
570245840612265985
570246490473566208
570247027117797376
570261514340474880
570262528539779073
570271704972464129
570280008557547520
570281958556610560
570283824040382464
570285320085880832
570289584061480960
570292715444965377
570294002077061120
570301083672813571
570306086475075585
570307109704900608
567733978363621376
567734329212940288
567745016702181376
567754504817606656
567756837320392705
567770621451702273
567792296654299137
567811776025468929
567830505414103040
567846970141716481
567847344307347456
567850465406394368
567860982422306816
567868808586620928
567915499868131328
567925054853496832
568014567089029120
568032524749942784
568039128001937408
568049201453469697
568050718772314112
568091794304401409
568095662262358016
568101162672500736
568105481018822656
568106704866582528
568121659988824064
568128236649095168
568141442951942146
568148282762874881
568150818572144640
568174139531513856
568175537258156033
568184134666981376
568189520992198656
568211739059326976
568341364951388160
568396205270691840
568400096586395649
568436693210173441
568442077400436736
568454304488673280
568467366780264448
568470715009277952
568511474580066304
568511969335984128
568528678671360000
568531409209421826
568532825281937408
568542766860541952
568558728263254017
568574762433138690
568581984055906304
568591059602829314
568604039430033408
568607094426996738
568608850569338880
568644053522391041
568647808619659264
568650933049147392
568654208674586624
568654556634021890
568662835829415936
568663147189415936
568703064691113984
568716027577696256
568716618794209280
568753556498604032
568775413192921088
568795549211738113
568802013196242944
568802232004513792
568806118660673536
568812675175591936
568826004891832321
568845241526038528
568855090930429952
568858696198938624
568858899438178305
568876769455054849
568876836324638720
568890203923980288
568894341243998208
568895061284364288
568917936783491073
568929299350179840
568929652003217409
568943244027006976
568972562819997696
569005718365298689
569021768788090881
569046984369111041
569124416891817984
569155784988164098
569161748286083073
569175278255284224
569199095505690624
569203705750237184
569223830759059458
569224755426930689
569224849144418304
569226857272516608
569241158196400130
569244295921692672
569261791928315905
569296877902041088
569319723889876993
569322657822285824
569330919020093442
569335998083174400
569337064484962304
569357781402308608
569363354428567552
569390507526369280
569512239344054274
569523831460761601
569524026294571008
569546319666110464
569556500928188416
569558065516822528
569567167429128192
569572707299299328
569576214047760385
569595015518793730
569600757516914688
569615736387325952
569621047353450496
569628323443318785
569650612545187840
569652313813430273
569659599709704192
569665600403808256
569666686086819840
569704164743376896
569715552702345216
569731353337581568
569754680626008064
569789622491820032
569795913788428288
569802164060557312
569818507891871744
569833680316829696
569851241922207746
569855205187190784
569857396899606528
569865827274657792
569878388464177152
569880012230242304
569881888892055552
569888159707738113
569894035797753856
569901679975522304
569903120781852672
569920824905306113
569941609225293824
569945386569363456
569946742277451776
569951566784045058
569966422744395776
569970729237782528
569971233351213056
569971949440524288
569972039844438016
569997258772455424
570003343222964224
570004247586013184
570008179280646146
570009743160254464
570017634495787009
570018892031991808
570030173300658176
570043114058076160
570056726793359360
570064025918115840
570076827135246336
570079755560595456
570096856685871106
570114021854212096
570115532906569729
570121588487663616
570163418637996032
570168203470446592
570174284284497920
570188838775103488
570190092213465089
570204309041893376
570222625621831680
570244910563110912
570245840612265985
570246490473566208
570247027117797376
570261514340474880
570262528539779073
570271704972464129
570280008557547520
570281958556610560
570283824040382464
570285320085880832
570289584061480960
570292715444965377
570294002077061120
570301083672813571
570306086475075585
570307109704900608
567733978363621376
567734329212940288
567745016702181376
567754504817606656
567756837320392705
567770621451702273
567792296654299137
567811776025468929
567830505414103040
567846970141716481
567847344307347456
567850465406394368
567860982422306816
567868808586620928
567915499868131328
567925054853496832
568014567089029120
568032524749942784
568039128001937408
568049201453469697
568050718772314112
568091794304401409
568095662262358016
568101162672500736
568105481018822656
568106704866582528
568121659988824064
568128236649095168
568141442951942146
568148282762874881
568150818572144640
568174139531513856
568175537258156033
568184134666981376
568189520992198656
568211739059326976
568341364951388160
568396205270691840
568400096586395649
568436693210173441
568442077400436736
568454304488673280
568467366780264448
568470715009277952
568511474580066304
568511969335984128
568528678671360000
568531409209421826
568532825281937408
568542766860541952
568558728263254017
568574762433138690
568581984055906304
568591059602829314
568604039430033408
568607094426996738
568608850569338880
568644053522391041
568647808619659264
568650933049147392
568654208674586624
568654556634021890
568662835829415936
568663147189415936
568703064691113984
568716027577696256
568716618794209280
568753556498604032
568775413192921088
568795549211738113
568802013196242944
568802232004513792
568806118660673536
568812675175591936
568826004891832321
568845241526038528
568855090930429952
568858696198938624
568858899438178305
568876769455054849
568876836324638720
568890203923980288
568894341243998208
568895061284364288
568917936783491073
568929299350179840
568929652003217409
568943244027006976
568972562819997696
569005718365298689
569021768788090881
569046984369111041
569124416891817984
569155784988164098
569161748286083073
569175278255284224
569199095505690624
569203705750237184
569223830759059458
569224755426930689
569224849144418304
569226857272516608
569241158196400130
569244295921692672
569261791928315905
569296877902041088
569319723889876993
569322657822285824
569330919020093442
569335998083174400
569337064484962304
569357781402308608
569363354428567552
569390507526369280
569512239344054274
569523831460761601
569524026294571008
569546319666110464
569556500928188416
569558065516822528
569567167429128192
569572707299299328
569576214047760385
569595015518793730
569600757516914688
569615736387325952
569621047353450496
569628323443318785
569650612545187840
569652313813430273
569659599709704192
569665600403808256
569666686086819840
569704164743376896
569715552702345216
569731353337581568
569754680626008064
569789622491820032
569795913788428288
569802164060557312
569818507891871744
569833680316829696
569851241922207746
569855205187190784
569857396899606528
569865827274657792
569878388464177152
569880012230242304
569881888892055552
569888159707738113
569894035797753856
569901679975522304
569903120781852672
569920824905306113
569941609225293824
569945386569363456
569946742277451776
569951566784045058
569966422744395776
569970729237782528
569971233351213056
569971949440524288
569972039844438016
569997258772455424
570003343222964224
570004247586013184
570008179280646146
570009743160254464
570017634495787009
570018892031991808
570030173300658176
570043114058076160
570056726793359360
570064025918115840
570076827135246336
570079755560595456
570096856685871106
570114021854212096
570115532906569729
570121588487663616
570163418637996032
570168203470446592
570174284284497920
570188838775103488
570190092213465089
570204309041893376
570222625621831680
570244910563110912
570245840612265985
570246490473566208
570247027117797376
570261514340474880
570262528539779073
570271704972464129
570280008557547520
570281958556610560
570283824040382464
570285320085880832
570289584061480960
570292715444965377
570294002077061120
570301083672813571
570306086475075585
570307109704900608
567733978363621376
567734329212940288
567745016702181376
567754504817606656
567756837320392705
567770621451702273
567792296654299137
567811776025468929
567830505414103040
567846970141716481
567847344307347456
567850465406394368
567860982422306816
567868808586620928
567915499868131328
567925054853496832
568014567089029120
568032524749942784
568039128001937408
568049201453469697
568050718772314112
568091794304401409
568095662262358016
568101162672500736
568105481018822656
568106704866582528
568121659988824064
568128236649095168
568141442951942146
568148282762874881
568150818572144640
568174139531513856
568175537258156033
568184134666981376
568189520992198656
568211739059326976
568341364951388160
568396205270691840
568400096586395649
568436693210173441
568442077400436736
568454304488673280
568467366780264448
568470715009277952
568511474580066304
568511969335984128
568528678671360000
568531409209421826
568532825281937408
568542766860541952
568558728263254017
568574762433138690
568581984055906304
568591059602829314
568604039430033408
568607094426996738
568608850569338880
568644053522391041
568647808619659264
568650933049147392
568654208674586624
568654556634021890
568662835829415936
568663147189415936
568703064691113984
568716027577696256
568716618794209280
568753556498604032
568775413192921088
568795549211738113
568802013196242944
568802232004513792
568806118660673536
568812675175591936
568826004891832321
568845241526038528
568855090930429952
568858696198938624
568858899438178305
568876769455054849
568876836324638720
568890203923980288
568894341243998208
568895061284364288
568917936783491073
568929299350179840
568929652003217409
568943244027006976
568972562819997696
569005718365298689
569021768788090881
569046984369111041
569124416891817984
569155784988164098
569161748286083073
569175278255284224
569199095505690624
569203705750237184
569223830759059458
569224755426930689
569224849144418304
569226857272516608
569241158196400130
569244295921692672
569261791928315905
569296877902041088
569319723889876993
569322657822285824
569330919020093442
569335998083174400
569337064484962304
569357781402308608
569363354428567552
569390507526369280
569512239344054274
569523831460761601
569524026294571008
569546319666110464
569556500928188416
569558065516822528
569567167429128192
569572707299299328
569576214047760385
569595015518793730
569600757516914688
569615736387325952
569621047353450496
569628323443318785
569650612545187840
569652313813430273
569659599709704192
569665600403808256
569666686086819840
569704164743376896
569715552702345216
569731353337581568
569754680626008064
569789622491820032
569795913788428288
569802164060557312
569818507891871744
569833680316829696
569851241922207746
569855205187190784
569857396899606528
569865827274657792
569878388464177152
569880012230242304
569881888892055552
569888159707738113
569894035797753856
569901679975522304
569903120781852672
569920824905306113
569941609225293824
569945386569363456
569946742277451776
569951566784045058
569966422744395776
569970729237782528
569971233351213056
569971949440524288
569972039844438016
569997258772455424
570003343222964224
570004247586013184
570008179280646146
570009743160254464
570017634495787009
570018892031991808
570030173300658176
570043114058076160
570056726793359360
570064025918115840
570076827135246336
570079755560595456
570096856685871106
570114021854212096
570115532906569729
570121588487663616
570163418637996032
570168203470446592
570174284284497920
570188838775103488
570190092213465089
570204309041893376
570222625621831680
570244910563110912
570245840612265985
570246490473566208
570247027117797376
570261514340474880
570262528539779073
570271704972464129
570280008557547520
570281958556610560
570283824040382464
570285320085880832
570289584061480960
570292715444965377
570294002077061120
570301083672813571
570306086475075585
570307109704900608
567733978363621376
567734329212940288
567745016702181376
567754504817606656
567756837320392705
567770621451702273
567792296654299137
567811776025468929
567830505414103040
567846970141716481
567847344307347456
567850465406394368
567860982422306816
567868808586620928
567915499868131328
567925054853496832
568014567089029120
568032524749942784
568039128001937408
568049201453469697
568050718772314112
568091794304401409
568095662262358016
568101162672500736
568105481018822656
568106704866582528
568121659988824064
568128236649095168
568141442951942146
568148282762874881
568150818572144640
568174139531513856
568175537258156033
568184134666981376
568189520992198656
568211739059326976
568341364951388160
568396205270691840
568400096586395649
568436693210173441
568442077400436736
568454304488673280
568467366780264448
568470715009277952
568511474580066304
568511969335984128
568528678671360000
568531409209421826
568532825281937408
568542766860541952
568558728263254017
568574762433138690
568581984055906304
568591059602829314
568604039430033408
568607094426996738
568608850569338880
568644053522391041
568647808619659264
568650933049147392
568654208674586624
568654556634021890
568662835829415936
568663147189415936
568703064691113984
568716027577696256
568716618794209280
568753556498604032
568775413192921088
568795549211738113
568802013196242944
568802232004513792
568806118660673536
568812675175591936
568826004891832321
568845241526038528
568855090930429952
568858696198938624
568858899438178305
568876769455054849
568876836324638720
568890203923980288
568894341243998208
568895061284364288
568917936783491073
568929299350179840
568929652003217409
568943244027006976
568972562819997696
569005718365298689
569021768788090881
569046984369111041
569124416891817984
569155784988164098
569161748286083073
569175278255284224
569199095505690624
569203705750237184
569223830759059458
569224755426930689
569224849144418304
569226857272516608
569241158196400130
569244295921692672
569261791928315905
569296877902041088
569319723889876993
569322657822285824
569330919020093442
569335998083174400
569337064484962304
569357781402308608
569363354428567552
569390507526369280
569512239344054274
569523831460761601
569524026294571008
569546319666110464
569556500928188416
569558065516822528
569567167429128192
569572707299299328
569576214047760385
569595015518793730
569600757516914688
569615736387325952
569621047353450496
569628323443318785
569650612545187840
569652313813430273
569659599709704192
569665600403808256
569666686086819840
569704164743376896
569715552702345216
569731353337581568
569754680626008064
569789622491820032
569795913788428288
569802164060557312
569818507891871744
569833680316829696
569851241922207746
569855205187190784
569857396899606528
569865827274657792
569878388464177152
569880012230242304
569881888892055552
569888159707738113
569894035797753856
569901679975522304
569903120781852672
569920824905306113
569941609225293824
569945386569363456
569946742277451776
569951566784045058
569966422744395776
569970729237782528
569971233351213056
569971949440524288
569972039844438016
569997258772455424
570003343222964224
570004247586013184
570008179280646146
570009743160254464
570017634495787009
570018892031991808
570030173300658176
570043114058076160
570056726793359360
570064025918115840
570076827135246336
570079755560595456
570096856685871106
570114021854212096
570115532906569729
570121588487663616
570163418637996032
570168203470446592
570174284284497920
570188838775103488
570190092213465089
570204309041893376
570222625621831680
570244910563110912
570245840612265985
570246490473566208
570247027117797376
570261514340474880
570262528539779073
570271704972464129
570280008557547520
570281958556610560
570283824040382464
570285320085880832
570289584061480960
570292715444965377
570294002077061120
570301083672813571
570306086475075585
570307109704900608
567733978363621376
567734329212940288
567745016702181376
567754504817606656
567756837320392705
567770621451702273
567792296654299137
567811776025468929
567830505414103040
567846970141716481
567847344307347456
567850465406394368
567860982422306816
567868808586620928
567915499868131328
567925054853496832
568014567089029120
568032524749942784
568039128001937408
568049201453469697
568050718772314112
568091794304401409
568095662262358016
568101162672500736
568105481018822656
568106704866582528
568121659988824064
568128236649095168
568141442951942146
568148282762874881
568150818572144640
568174139531513856
568175537258156033
568184134666981376
568189520992198656
568211739059326976
568341364951388160
568396205270691840
568400096586395649
568436693210173441
568442077400436736
568454304488673280
568467366780264448
568470715009277952
568511474580066304
568511969335984128
568528678671360000
568531409209421826
568532825281937408
568542766860541952
568558728263254017
568574762433138690
568581984055906304
568591059602829314
568604039430033408
568607094426996738
568608850569338880
568644053522391041
568647808619659264
568650933049147392
568654208674586624
568654556634021890
568662835829415936
568663147189415936
568703064691113984
568716027577696256
568716618794209280
568753556498604032
568775413192921088
568795549211738113
568802013196242944
568802232004513792
568806118660673536
568812675175591936
568826004891832321
568845241526038528
568855090930429952
568858696198938624
568858899438178305
568876769455054849
568876836324638720
568890203923980288
568894341243998208
568895061284364288
568917936783491073
568929299350179840
568929652003217409
568943244027006976
568972562819997696
569005718365298689
569021768788090881
569046984369111041
569124416891817984
569155784988164098
569161748286083073
569175278255284224
569199095505690624
569203705750237184
569223830759059458
569224755426930689
569224849144418304
569226857272516608
569241158196400130
569244295921692672
569261791928315905
569296877902041088
569319723889876993
569322657822285824
569330919020093442
569335998083174400
569337064484962304
569357781402308608
569363354428567552
569390507526369280
569512239344054274
569523831460761601
569524026294571008
569546319666110464
569556500928188416
569558065516822528
569567167429128192
569572707299299328
569576214047760385
569595015518793730
569600757516914688
569615736387325952
569621047353450496
569628323443318785
569650612545187840
569652313813430273
569659599709704192
569665600403808256
569666686086819840
569704164743376896
569715552702345216
569731353337581568
569754680626008064
569789622491820032
569795913788428288
569802164060557312
569818507891871744
569833680316829696
569851241922207746
569855205187190784
569857396899606528
569865827274657792
569878388464177152
569880012230242304
569881888892055552
569888159707738113
569894035797753856
569901679975522304
569903120781852672
569920824905306113
569941609225293824
569945386569363456
569946742277451776
569951566784045058
569966422744395776
569970729237782528
569971233351213056
569971949440524288
569972039844438016
569997258772455424
570003343222964224
570004247586013184
570008179280646146
570009743160254464
570017634495787009
570018892031991808
570030173300658176
570043114058076160
570056726793359360
570064025918115840
570076827135246336
570079755560595456
570096856685871106
570114021854212096
570115532906569729
570121588487663616
570163418637996032
570168203470446592
570174284284497920
570188838775103488
570190092213465089
570204309041893376
570222625621831680
570244910563110912
570245840612265985
570246490473566208
570247027117797376
570261514340474880
570262528539779073
570271704972464129
570280008557547520
570281958556610560
570283824040382464
570285320085880832
570289584061480960
570292715444965377
570294002077061120
570301083672813571
570306086475075585
570307109704900608
