569665295381614594
569669174731153408
569701230479413249
569748099616215040
569665295381614594
569669174731153408
569701230479413249
569748099616215040
569665295381614594
569669174731153408
569701230479413249
569748099616215040
569945237025648640
569947283846004737
570062369096908801
570280641771790336
569665295381614594
569669174731153408
569701230479413249
569748099616215040
569945237025648640
569947283846004737
570062369096908801
570280641771790336
569665295381614594
569669174731153408
569701230479413249
569748099616215040
569945237025648640
569947283846004737
570062369096908801
570280641771790336
569665295381614594
569669174731153408
569701230479413249
569748099616215040
569945237025648640
569947283846004737
570062369096908801
570280641771790336
569665295381614594
569669174731153408
569701230479413249
569748099616215040
569945237025648640
569947283846004737
570062369096908801
570280641771790336
569665295381614594
569669174731153408
569701230479413249
569748099616215040
569945237025648640
569947283846004737
570062369096908801
570280641771790336
