567777622357475328
567814010914222080
567831806944223232
567872411418247169
568066302818058240
568069392422051841
568134930137550848
568151905165316097
568194475077570560
568361346464497664
568383500530769920
568387549867036672
568462314388656128
568539689176530944
568604830291222530
568798426810355712
569144026084962305
569262065988308993
569303932691984384
569331162897739776
569465299495358466
569495331399995392
569552552297041920
569578296360378369
569581303785328640
569642845516275712
569666892882952192
569680818228084736
569722230340333569
569807000927920128
567777622357475328
567814010914222080
567831806944223232
567872411418247169
568066302818058240
568069392422051841
568134930137550848
568151905165316097
568194475077570560
568361346464497664
568383500530769920
568387549867036672
568462314388656128
568539689176530944
568604830291222530
568798426810355712
569144026084962305
569262065988308993
569303932691984384
569331162897739776
569465299495358466
569495331399995392
569552552297041920
569578296360378369
569581303785328640
569642845516275712
569666892882952192
569680818228084736
569722230340333569
569807000927920128
567777622357475328
567814010914222080
567831806944223232
567872411418247169
568066302818058240
568069392422051841
568134930137550848
568151905165316097
568194475077570560
568361346464497664
568383500530769920
568387549867036672
568462314388656128
568539689176530944
568604830291222530
568798426810355712
569144026084962305
569262065988308993
569303932691984384
569331162897739776
569465299495358466
569495331399995392
569552552297041920
569578296360378369
569581303785328640
569642845516275712
569666892882952192
569680818228084736
569722230340333569
569807000927920128
569847788986462209
569850216754618368
569946477356818432
569947331241639936
569960024455454721
569978197284130817
570028289399525376
570040903735373825
570099970742886400
570202621123780608
570219953741279232
570259691579809792
570289557205327873
567777622357475328
567814010914222080
567831806944223232
567872411418247169
568066302818058240
568069392422051841
568134930137550848
568151905165316097
568194475077570560
568361346464497664
568383500530769920
568387549867036672
568462314388656128
568539689176530944
568604830291222530
568798426810355712
569144026084962305
569262065988308993
569303932691984384
569331162897739776
569465299495358466
569495331399995392
569552552297041920
569578296360378369
569581303785328640
569642845516275712
569666892882952192
569680818228084736
569722230340333569
569807000927920128
569847788986462209
569850216754618368
569946477356818432
569947331241639936
569960024455454721
569978197284130817
570028289399525376
570040903735373825
570099970742886400
570202621123780608
570219953741279232
570259691579809792
570289557205327873
567777622357475328
567814010914222080
567831806944223232
567872411418247169
568066302818058240
568069392422051841
568134930137550848
568151905165316097
568194475077570560
568361346464497664
568383500530769920
568387549867036672
568462314388656128
568539689176530944
568604830291222530
568798426810355712
569144026084962305
569262065988308993
569303932691984384
569331162897739776
569465299495358466
569495331399995392
569552552297041920
569578296360378369
569581303785328640
569642845516275712
569666892882952192
569680818228084736
569722230340333569
569807000927920128
569847788986462209
569850216754618368
569946477356818432
569947331241639936
569960024455454721
569978197284130817
570028289399525376
570040903735373825
570099970742886400
570202621123780608
570219953741279232
570259691579809792
570289557205327873
567777622357475328
567814010914222080
567831806944223232
567872411418247169
568066302818058240
568069392422051841
568134930137550848
568151905165316097
568194475077570560
568361346464497664
568383500530769920
568387549867036672
568462314388656128
568539689176530944
568604830291222530
568798426810355712
569144026084962305
569262065988308993
569303932691984384
569331162897739776
569465299495358466
569495331399995392
569552552297041920
569578296360378369
569581303785328640
569642845516275712
569666892882952192
569680818228084736
569722230340333569
569807000927920128
569847788986462209
569850216754618368
569946477356818432
569947331241639936
569960024455454721
569978197284130817
570028289399525376
570040903735373825
570099970742886400
570202621123780608
570219953741279232
570259691579809792
570289557205327873
567777622357475328
567814010914222080
567831806944223232
567872411418247169
568066302818058240
568069392422051841
568134930137550848
568151905165316097
568194475077570560
568361346464497664
568383500530769920
568387549867036672
568462314388656128
568539689176530944
568604830291222530
568798426810355712
569144026084962305
569262065988308993
569303932691984384
569331162897739776
569465299495358466
569495331399995392
569552552297041920
569578296360378369
569581303785328640
569642845516275712
569666892882952192
569680818228084736
569722230340333569
569807000927920128
569847788986462209
569850216754618368
569946477356818432
569947331241639936
569960024455454721
569978197284130817
570028289399525376
570040903735373825
570099970742886400
570202621123780608
570219953741279232
570259691579809792
570289557205327873
567777622357475328
567814010914222080
567831806944223232
567872411418247169
568066302818058240
568069392422051841
568134930137550848
568151905165316097
568194475077570560
568361346464497664
568383500530769920
568387549867036672
568462314388656128
568539689176530944
568604830291222530
568798426810355712
569144026084962305
569262065988308993
569303932691984384
569331162897739776
569465299495358466
569495331399995392
569552552297041920
569578296360378369
569581303785328640
569642845516275712
569666892882952192
569680818228084736
569722230340333569
569807000927920128
569847788986462209
569850216754618368
569946477356818432
569947331241639936
569960024455454721
569978197284130817
570028289399525376
570040903735373825
570099970742886400
570202621123780608
570219953741279232
570259691579809792
570289557205327873
