567727490567639041
568450710553174016
568460037737324545
568791745925918721
568838743030956032
569248055817404416
569323555365752833
569340341956038657
569359793800024064
569397984519016448
569416670340636672
569421367243878400
569450700532535296
569451523878420480
569492459258056704
569496169652428800
569512132494159872
569521573268480002
569584431544971264
569587705937600512
569621367806664705
569629305023569922
569656281885077505
569673758501412865
569680398185312256
569681251734409216
569696521425281024
569715908664430593
569718651709820930
569726350380150784
569739695459995648
569755053159874561
567727490567639041
568450710553174016
568460037737324545
568791745925918721
568838743030956032
569248055817404416
569323555365752833
569340341956038657
569359793800024064
569397984519016448
569416670340636672
569421367243878400
569450700532535296
569451523878420480
569492459258056704
569496169652428800
569512132494159872
569521573268480002
569584431544971264
569587705937600512
569621367806664705
569629305023569922
569656281885077505
569673758501412865
569680398185312256
569681251734409216
569696521425281024
569715908664430593
569718651709820930
569726350380150784
569739695459995648
569755053159874561
569827602589835265
567727490567639041
568450710553174016
568460037737324545
568791745925918721
568838743030956032
569248055817404416
569323555365752833
569340341956038657
569359793800024064
569397984519016448
569416670340636672
569421367243878400
569450700532535296
569451523878420480
569492459258056704
569496169652428800
569512132494159872
569521573268480002
569584431544971264
569587705937600512
569621367806664705
569629305023569922
569656281885077505
569673758501412865
569680398185312256
569681251734409216
569696521425281024
569715908664430593
569718651709820930
569726350380150784
569739695459995648
569755053159874561
569827602589835265
569869220680470529
569881062169567232
569894035797753856
570004470370676737
567727490567639041
568450710553174016
568460037737324545
568791745925918721
568838743030956032
569248055817404416
569323555365752833
569340341956038657
569359793800024064
569397984519016448
569416670340636672
569421367243878400
569450700532535296
569451523878420480
569492459258056704
569496169652428800
569512132494159872
569521573268480002
569584431544971264
569587705937600512
569621367806664705
569629305023569922
569656281885077505
569673758501412865
569680398185312256
569681251734409216
569696521425281024
569715908664430593
569718651709820930
569726350380150784
569739695459995648
569755053159874561
569827602589835265
569869220680470529
569881062169567232
569894035797753856
570004470370676737
567727490567639041
568450710553174016
568460037737324545
568791745925918721
568838743030956032
569248055817404416
569323555365752833
569340341956038657
569359793800024064
569397984519016448
569416670340636672
569421367243878400
569450700532535296
569451523878420480
569492459258056704
569496169652428800
569512132494159872
569521573268480002
569584431544971264
569587705937600512
569621367806664705
569629305023569922
569656281885077505
569673758501412865
569680398185312256
569681251734409216
569696521425281024
569715908664430593
569718651709820930
569726350380150784
569739695459995648
569755053159874561
569827602589835265
569869220680470529
569881062169567232
569894035797753856
570004470370676737
567727490567639041
568450710553174016
568460037737324545
568791745925918721
568838743030956032
569248055817404416
569323555365752833
569340341956038657
569359793800024064
569397984519016448
569416670340636672
569421367243878400
569450700532535296
569451523878420480
569492459258056704
569496169652428800
569512132494159872
569521573268480002
569584431544971264
569587705937600512
569621367806664705
569629305023569922
569656281885077505
569673758501412865
569680398185312256
569681251734409216
569696521425281024
569715908664430593
569718651709820930
569726350380150784
569739695459995648
569755053159874561
569827602589835265
569869220680470529
569881062169567232
569894035797753856
570004470370676737
567727490567639041
568450710553174016
568460037737324545
568791745925918721
568838743030956032
569248055817404416
569323555365752833
569340341956038657
569359793800024064
569397984519016448
569416670340636672
569421367243878400
569450700532535296
569451523878420480
569492459258056704
569496169652428800
569512132494159872
569521573268480002
569584431544971264
569587705937600512
569621367806664705
569629305023569922
569656281885077505
569673758501412865
569680398185312256
569681251734409216
569696521425281024
569715908664430593
569718651709820930
569726350380150784
569739695459995648
569755053159874561
569827602589835265
569869220680470529
569881062169567232
569894035797753856
570004470370676737
567727490567639041
568450710553174016
568460037737324545
568791745925918721
568838743030956032
569248055817404416
569323555365752833
569340341956038657
569359793800024064
569397984519016448
569416670340636672
569421367243878400
569450700532535296
569451523878420480
569492459258056704
569496169652428800
569512132494159872
569521573268480002
569584431544971264
569587705937600512
569621367806664705
569629305023569922
569656281885077505
569673758501412865
569680398185312256
569681251734409216
569696521425281024
569715908664430593
569718651709820930
569726350380150784
569739695459995648
569755053159874561
569827602589835265
569869220680470529
569881062169567232
569894035797753856
570004470370676737
