567614049425555457
567733609130233856
568105765442945024
568173792406740994
568177521327509504
568204138091307008
568269180153274368
568787999036583936
569055189988024320
569225573773369344
569289098944507904
569701550039429121
569709136813826049
569753971406999552
567614049425555457
567733609130233856
568105765442945024
568173792406740994
568177521327509504
568204138091307008
568269180153274368
568787999036583936
569055189988024320
569225573773369344
569289098944507904
569701550039429121
569709136813826049
569753971406999552
569842758967386112
567614049425555457
567733609130233856
568105765442945024
568173792406740994
568177521327509504
568204138091307008
568269180153274368
568787999036583936
569055189988024320
569225573773369344
569289098944507904
569701550039429121
569709136813826049
569753971406999552
569842758967386112
569914894868328448
570250443034640384
570261511781941251
567614049425555457
567733609130233856
568105765442945024
568173792406740994
568177521327509504
568204138091307008
568269180153274368
568787999036583936
569055189988024320
569225573773369344
569289098944507904
569701550039429121
569709136813826049
569753971406999552
569842758967386112
569914894868328448
570250443034640384
570261511781941251
567614049425555457
567733609130233856
568105765442945024
568173792406740994
568177521327509504
568204138091307008
568269180153274368
568787999036583936
569055189988024320
569225573773369344
569289098944507904
569701550039429121
569709136813826049
569753971406999552
569842758967386112
569914894868328448
570250443034640384
570261511781941251
567614049425555457
567733609130233856
568105765442945024
568173792406740994
568177521327509504
568204138091307008
568269180153274368
568787999036583936
569055189988024320
569225573773369344
569289098944507904
569701550039429121
569709136813826049
569753971406999552
569842758967386112
569914894868328448
570250443034640384
570261511781941251
567614049425555457
567733609130233856
568105765442945024
568173792406740994
568177521327509504
568204138091307008
568269180153274368
568787999036583936
569055189988024320
569225573773369344
569289098944507904
569701550039429121
569709136813826049
569753971406999552
569842758967386112
569914894868328448
570250443034640384
570261511781941251
567614049425555457
567733609130233856
568105765442945024
568173792406740994
568177521327509504
568204138091307008
568269180153274368
568787999036583936
569055189988024320
569225573773369344
569289098944507904
569701550039429121
569709136813826049
569753971406999552
569842758967386112
569914894868328448
570250443034640384
570261511781941251
