568911315026063361
569676333766328320
568911315026063361
569676333766328320
568911315026063361
569676333766328320
569844262461972480
570280653389996034
568911315026063361
569676333766328320
569844262461972480
570280653389996034
568911315026063361
569676333766328320
569844262461972480
570280653389996034
568911315026063361
569676333766328320
569844262461972480
570280653389996034
568911315026063361
569676333766328320
569844262461972480
570280653389996034
568911315026063361
569676333766328320
569844262461972480
570280653389996034
