567719031634157568
567721806040031232
567729658276237312
567763748559937536
568137557935960066
568142922031501312
568157049344937984
568204138091307008
568228614275260416
568250159689113600
568397140977979392
568421732157161472
568424596657078272
568426849040261120
568490726419517441
568506804096917504
568554411078889473
568785762218610690
568787022472740864
568787999036583936
568795462125428736
568797768162127872
568804502645706752
568959665360384000
569154652735803392
569169690997751808
569223653952323584
569231858485080066
569244957698969602
569252759087685632
569301386262745089
569301593587208193
569387453418762241
569480220203474944
569480594419281920
569489114707431424
569532793530785792
569540460810620928
569545779079094272
569570819757752320
569594354924425216
569678620878376960
569681746037383168
569759892803756032
567719031634157568
567721806040031232
567729658276237312
567763748559937536
568137557935960066
568142922031501312
568157049344937984
568204138091307008
568228614275260416
568250159689113600
568397140977979392
568421732157161472
568424596657078272
568426849040261120
568490726419517441
568506804096917504
568554411078889473
568785762218610690
568787022472740864
568787999036583936
568795462125428736
568797768162127872
568804502645706752
568959665360384000
569154652735803392
569169690997751808
569223653952323584
569231858485080066
569244957698969602
569252759087685632
569301386262745089
569301593587208193
569387453418762241
569480220203474944
569480594419281920
569489114707431424
569532793530785792
569540460810620928
569545779079094272
569570819757752320
569594354924425216
569678620878376960
569681746037383168
569759892803756032
567719031634157568
567721806040031232
567729658276237312
567763748559937536
568137557935960066
568142922031501312
568157049344937984
568204138091307008
568228614275260416
568250159689113600
568397140977979392
568421732157161472
568424596657078272
568426849040261120
568490726419517441
568506804096917504
568554411078889473
568785762218610690
568787022472740864
568787999036583936
568795462125428736
568797768162127872
568804502645706752
568959665360384000
569154652735803392
569169690997751808
569223653952323584
569231858485080066
569244957698969602
569252759087685632
569301386262745089
569301593587208193
569387453418762241
569480220203474944
569480594419281920
569489114707431424
569532793530785792
569540460810620928
569545779079094272
569570819757752320
569594354924425216
569678620878376960
569681746037383168
569759892803756032
569852112605089792
569863765451255809
569882442129133568
569928552621182976
569937119411462144
569961410161192960
569972039844438016
569993444342534144
570033719609827328
570047737347088384
570048188830216192
570057416718491649
570069642976239616
570070449406812160
570077234570010624
570132715577552896
570146395593666560
570202097041305600
570267608773054464
570268558451720193
570295981985681409
