567723096186945538
567739453884465152
567739553251725312
567755542362591233
567766269810581505
567766410169954304
567783456420012032
567794802394406912
567853054348754944
568039498015223808
568057887223894016
568107719737020417
568112076549451776
568154805362950146
568168505998229505
568194427904069632
568269180153274368
568428971504889856
568473862083461121
568509738763169792
568567425106628609
568819025733652481
568828543423123456
568849994167529472
568870394708545536
568921625715814401
568930692551221248
568983310438805505
568984950709432320
569239823820705793
569240250192670720
569260276626956288
569262631258705920
569353033915584513
569512132494159872
569523293356630016
569526493023498240
569541591586643968
569549686857736193
569556796525969409
569580460843651072
569602069335838720
569605935280336896
569611482234687488
569614500044918784
569646045656948737
569663577226915840
569664250521763840
569666689589231616
569670844047192064
569696521425281024
569698461911683073
569704219315318784
569728283568418816
569757363797757952
567723096186945538
567739453884465152
567739553251725312
567755542362591233
567766269810581505
567766410169954304
567783456420012032
567794802394406912
567853054348754944
568039498015223808
568057887223894016
568107719737020417
568112076549451776
568154805362950146
568168505998229505
568194427904069632
568269180153274368
568428971504889856
568473862083461121
568509738763169792
568567425106628609
568819025733652481
568828543423123456
568849994167529472
568870394708545536
568921625715814401
568930692551221248
568983310438805505
568984950709432320
569239823820705793
569240250192670720
569260276626956288
569262631258705920
569353033915584513
569512132494159872
569523293356630016
569526493023498240
569541591586643968
569549686857736193
569556796525969409
569580460843651072
569602069335838720
569605935280336896
569611482234687488
569614500044918784
569646045656948737
569663577226915840
569664250521763840
569666689589231616
569670844047192064
569696521425281024
569698461911683073
569704219315318784
569728283568418816
569757363797757952
569831418412429312
567723096186945538
567739453884465152
567739553251725312
567755542362591233
567766269810581505
567766410169954304
567783456420012032
567794802394406912
567853054348754944
568039498015223808
568057887223894016
568107719737020417
568112076549451776
568154805362950146
568168505998229505
568194427904069632
568269180153274368
568428971504889856
568473862083461121
568509738763169792
568567425106628609
568819025733652481
568828543423123456
568849994167529472
568870394708545536
568921625715814401
568930692551221248
568983310438805505
568984950709432320
569239823820705793
569240250192670720
569260276626956288
569262631258705920
569353033915584513
569512132494159872
569523293356630016
569526493023498240
569541591586643968
569549686857736193
569556796525969409
569580460843651072
569602069335838720
569605935280336896
569611482234687488
569614500044918784
569646045656948737
569663577226915840
569664250521763840
569666689589231616
569670844047192064
569696521425281024
569698461911683073
569704219315318784
569728283568418816
569757363797757952
569831418412429312
569850239789568000
569873050117808128
569875424924168193
569906831352578049
569907965223763970
569913838746742784
569931753768382464
569941050002972672
569967910417866752
569992362728005632
570014602903339008
570042981794729985
570058699676520448
570068449646346240
570069236971806720
570072918094442496
570087022292905985
570099562548834304
570217145428090880
570219969717219328
570243874062503936
570270216694968320
570275944012783616
570284482588246016
567723096186945538
567739453884465152
567739553251725312
567755542362591233
567766269810581505
567766410169954304
567783456420012032
567794802394406912
567853054348754944
568039498015223808
568057887223894016
568107719737020417
568112076549451776
568154805362950146
568168505998229505
568194427904069632
568269180153274368
568428971504889856
568473862083461121
568509738763169792
568567425106628609
568819025733652481
568828543423123456
568849994167529472
568870394708545536
568921625715814401
568930692551221248
568983310438805505
568984950709432320
569239823820705793
569240250192670720
569260276626956288
569262631258705920
569353033915584513
569512132494159872
569523293356630016
569526493023498240
569541591586643968
569549686857736193
569556796525969409
569580460843651072
569602069335838720
569605935280336896
569611482234687488
569614500044918784
569646045656948737
569663577226915840
569664250521763840
569666689589231616
569670844047192064
569696521425281024
569698461911683073
569704219315318784
569728283568418816
569757363797757952
569831418412429312
569850239789568000
569873050117808128
569875424924168193
569906831352578049
569907965223763970
569913838746742784
569931753768382464
569941050002972672
569967910417866752
569992362728005632
570014602903339008
570042981794729985
570058699676520448
570068449646346240
570069236971806720
570072918094442496
570087022292905985
570099562548834304
570217145428090880
570219969717219328
570243874062503936
570270216694968320
570275944012783616
570284482588246016
567723096186945538
567739453884465152
567739553251725312
567755542362591233
567766269810581505
567766410169954304
567783456420012032
567794802394406912
567853054348754944
568039498015223808
568057887223894016
568107719737020417
568112076549451776
568154805362950146
568168505998229505
568194427904069632
568269180153274368
568428971504889856
568473862083461121
568509738763169792
568567425106628609
568819025733652481
568828543423123456
568849994167529472
568870394708545536
568921625715814401
568930692551221248
568983310438805505
568984950709432320
569239823820705793
569240250192670720
569260276626956288
569262631258705920
569353033915584513
569512132494159872
569523293356630016
569526493023498240
569541591586643968
569549686857736193
569556796525969409
569580460843651072
569602069335838720
569605935280336896
569611482234687488
569614500044918784
569646045656948737
569663577226915840
569664250521763840
569666689589231616
569670844047192064
569696521425281024
569698461911683073
569704219315318784
569728283568418816
569757363797757952
569831418412429312
569850239789568000
569873050117808128
569875424924168193
569906831352578049
569907965223763970
569913838746742784
569931753768382464
569941050002972672
569967910417866752
569992362728005632
570014602903339008
570042981794729985
570058699676520448
570068449646346240
570069236971806720
570072918094442496
570087022292905985
570099562548834304
570217145428090880
570219969717219328
570243874062503936
570270216694968320
570275944012783616
570284482588246016
567723096186945538
567739453884465152
567739553251725312
567755542362591233
567766269810581505
567766410169954304
567783456420012032
567794802394406912
567853054348754944
568039498015223808
568057887223894016
568107719737020417
568112076549451776
568154805362950146
568168505998229505
568194427904069632
568269180153274368
568428971504889856
568473862083461121
568509738763169792
568567425106628609
568819025733652481
568828543423123456
568849994167529472
568870394708545536
568921625715814401
568930692551221248
568983310438805505
568984950709432320
569239823820705793
569240250192670720
569260276626956288
569262631258705920
569353033915584513
569512132494159872
569523293356630016
569526493023498240
569541591586643968
569549686857736193
569556796525969409
569580460843651072
569602069335838720
569605935280336896
569611482234687488
569614500044918784
569646045656948737
569663577226915840
569664250521763840
569666689589231616
569670844047192064
569696521425281024
569698461911683073
569704219315318784
569728283568418816
569757363797757952
569831418412429312
569850239789568000
569873050117808128
569875424924168193
569906831352578049
569907965223763970
569913838746742784
569931753768382464
569941050002972672
569967910417866752
569992362728005632
570014602903339008
570042981794729985
570058699676520448
570068449646346240
570069236971806720
570072918094442496
570087022292905985
570099562548834304
570217145428090880
570219969717219328
570243874062503936
570270216694968320
570275944012783616
570284482588246016
567723096186945538
567739453884465152
567739553251725312
567755542362591233
567766269810581505
567766410169954304
567783456420012032
567794802394406912
567853054348754944
568039498015223808
568057887223894016
568107719737020417
568112076549451776
568154805362950146
568168505998229505
568194427904069632
568269180153274368
568428971504889856
568473862083461121
568509738763169792
568567425106628609
568819025733652481
568828543423123456
568849994167529472
568870394708545536
568921625715814401
568930692551221248
568983310438805505
568984950709432320
569239823820705793
569240250192670720
569260276626956288
569262631258705920
569353033915584513
569512132494159872
569523293356630016
569526493023498240
569541591586643968
569549686857736193
569556796525969409
569580460843651072
569602069335838720
569605935280336896
569611482234687488
569614500044918784
569646045656948737
569663577226915840
569664250521763840
569666689589231616
569670844047192064
569696521425281024
569698461911683073
569704219315318784
569728283568418816
569757363797757952
569831418412429312
569850239789568000
569873050117808128
569875424924168193
569906831352578049
569907965223763970
569913838746742784
569931753768382464
569941050002972672
569967910417866752
569992362728005632
570014602903339008
570042981794729985
570058699676520448
570068449646346240
570069236971806720
570072918094442496
570087022292905985
570099562548834304
570217145428090880
570219969717219328
570243874062503936
570270216694968320
570275944012783616
570284482588246016
567723096186945538
567739453884465152
567739553251725312
567755542362591233
567766269810581505
567766410169954304
567783456420012032
567794802394406912
567853054348754944
568039498015223808
568057887223894016
568107719737020417
568112076549451776
568154805362950146
568168505998229505
568194427904069632
568269180153274368
568428971504889856
568473862083461121
568509738763169792
568567425106628609
568819025733652481
568828543423123456
568849994167529472
568870394708545536
568921625715814401
568930692551221248
568983310438805505
568984950709432320
569239823820705793
569240250192670720
569260276626956288
569262631258705920
569353033915584513
569512132494159872
569523293356630016
569526493023498240
569541591586643968
569549686857736193
569556796525969409
569580460843651072
569602069335838720
569605935280336896
569611482234687488
569614500044918784
569646045656948737
569663577226915840
569664250521763840
569666689589231616
569670844047192064
569696521425281024
569698461911683073
569704219315318784
569728283568418816
569757363797757952
569831418412429312
569850239789568000
569873050117808128
569875424924168193
569906831352578049
569907965223763970
569913838746742784
569931753768382464
569941050002972672
569967910417866752
569992362728005632
570014602903339008
570042981794729985
570058699676520448
570068449646346240
570069236971806720
570072918094442496
570087022292905985
570099562548834304
570217145428090880
570219969717219328
570243874062503936
570270216694968320
570275944012783616
570284482588246016
