568066878192508928
568815893641211905
568876836324638720
569507060209090561
569515731022454784
569543771181981697
569630885450002432
569666428388958209
569706320212787200
569710964712411136
568066878192508928
568815893641211905
568876836324638720
569507060209090561
569515731022454784
569543771181981697
569630885450002432
569666428388958209
569706320212787200
569710964712411136
568066878192508928
568815893641211905
568876836324638720
569507060209090561
569515731022454784
569543771181981697
569630885450002432
569666428388958209
569706320212787200
569710964712411136
569901072443166720
569991184120193025
570130746356211713
570179466716176384
568066878192508928
568815893641211905
568876836324638720
569507060209090561
569515731022454784
569543771181981697
569630885450002432
569666428388958209
569706320212787200
569710964712411136
569901072443166720
569991184120193025
570130746356211713
570179466716176384
568066878192508928
568815893641211905
568876836324638720
569507060209090561
569515731022454784
569543771181981697
569630885450002432
569666428388958209
569706320212787200
569710964712411136
569901072443166720
569991184120193025
570130746356211713
570179466716176384
568066878192508928
568815893641211905
568876836324638720
569507060209090561
569515731022454784
569543771181981697
569630885450002432
569666428388958209
569706320212787200
569710964712411136
569901072443166720
569991184120193025
570130746356211713
570179466716176384
568066878192508928
568815893641211905
568876836324638720
569507060209090561
569515731022454784
569543771181981697
569630885450002432
569666428388958209
569706320212787200
569710964712411136
569901072443166720
569991184120193025
570130746356211713
570179466716176384
568066878192508928
568815893641211905
568876836324638720
569507060209090561
569515731022454784
569543771181981697
569630885450002432
569666428388958209
569706320212787200
569710964712411136
569901072443166720
569991184120193025
570130746356211713
570179466716176384
