568173151798108161
568186047659507712
568187636449472513
568831166976884736
569143944266833920
569815690531758082
568173151798108161
568186047659507712
568187636449472513
568831166976884736
569143944266833920
569815690531758082
568173151798108161
568186047659507712
568187636449472513
568831166976884736
569143944266833920
569815690531758082
569986129820196864
568173151798108161
568186047659507712
568187636449472513
568831166976884736
569143944266833920
569815690531758082
569986129820196864
568173151798108161
568186047659507712
568187636449472513
568831166976884736
569143944266833920
569815690531758082
569986129820196864
568173151798108161
568186047659507712
568187636449472513
568831166976884736
569143944266833920
569815690531758082
569986129820196864
568173151798108161
568186047659507712
568187636449472513
568831166976884736
569143944266833920
569815690531758082
569986129820196864
568173151798108161
568186047659507712
568187636449472513
568831166976884736
569143944266833920
569815690531758082
569986129820196864
