568759575807184896
568985883589906432
568991695917834240
569310448300003328
569622389920641024
568759575807184896
568985883589906432
568991695917834240
569310448300003328
569622389920641024
568759575807184896
568985883589906432
568991695917834240
569310448300003328
569622389920641024
570045712211288064
568759575807184896
568985883589906432
568991695917834240
569310448300003328
569622389920641024
570045712211288064
568759575807184896
568985883589906432
568991695917834240
569310448300003328
569622389920641024
570045712211288064
568759575807184896
568985883589906432
568991695917834240
569310448300003328
569622389920641024
570045712211288064
568759575807184896
568985883589906432
568991695917834240
569310448300003328
569622389920641024
570045712211288064
568759575807184896
568985883589906432
568991695917834240
569310448300003328
569622389920641024
570045712211288064
