567730472076464129
567748330734641152
567760260598104064
567763529277923329
567767439493300224
567776832410636288
567786475262345216
567797429517692928
567797906977083392
567816742300356608
567818543569317888
567842015418978304
567851352249868288
567858317831249920
567870608152793088
567886422826307585
567920067364540416
567927725815496704
568017135236022273
568083224146149376
568090175122907136
568133754142793728
568144896852299776
568177910101745666
568196466503770112
568426870963712000
568444091836604416
568539903979446272
568600380977893376
568630453521022976
568643357108531200
568648940033343488
568760613792579584
568769775515635712
568787660266823680
568797413529538562
568807206059028481
568901675903119360
568904934495629312
568912678917271552
568947860424642560
568957365464076288
568964010101514240
568969600559226880
568984515298922496
568985883589906432
569003165984534528
569248904866336768
569250912784519168
569263908973903872
569285269981167616
569289995749494784
569301244948324353
569330115114627073
569332086345220096
569336402401472512
569358701317869571
569372333267394560
569379726562869248
569385864712704001
569418962108162048
569441937826164736
569492269000204288
569545323657494528
569552552297041920
569587371693355008
569588816438169600
569592674400907264
569592830307508224
569604655166009345
569607124772196352
569622053214507008
569624406437306370
569633257689518081
569644332573007873
569651459152859137
569659173044129792
569667517146222592
569671454419079169
569672099704508416
569675799122591746
569684654380486656
569688256247427072
569695357858238464
569733882007801857
569739695459995648
569741306190172161
567730472076464129
567748330734641152
567760260598104064
567763529277923329
567767439493300224
567776832410636288
567786475262345216
567797429517692928
567797906977083392
567816742300356608
567818543569317888
567842015418978304
567851352249868288
567858317831249920
567870608152793088
567886422826307585
567920067364540416
567927725815496704
568017135236022273
568083224146149376
568090175122907136
568133754142793728
568144896852299776
568177910101745666
568196466503770112
568426870963712000
568444091836604416
568539903979446272
568600380977893376
568630453521022976
568643357108531200
568648940033343488
568760613792579584
568769775515635712
568787660266823680
568797413529538562
568807206059028481
568901675903119360
568904934495629312
568912678917271552
568947860424642560
568957365464076288
568964010101514240
568969600559226880
568984515298922496
568985883589906432
569003165984534528
569248904866336768
569250912784519168
569263908973903872
569285269981167616
569289995749494784
569301244948324353
569330115114627073
569332086345220096
569336402401472512
569358701317869571
569372333267394560
569379726562869248
569385864712704001
569418962108162048
569441937826164736
569492269000204288
569545323657494528
569552552297041920
569587371693355008
569588816438169600
569592674400907264
569592830307508224
569604655166009345
569607124772196352
569622053214507008
569624406437306370
569633257689518081
569644332573007873
569651459152859137
569659173044129792
569667517146222592
569671454419079169
569672099704508416
569675799122591746
569684654380486656
569688256247427072
569695357858238464
569733882007801857
569739695459995648
569741306190172161
567730472076464129
567748330734641152
567760260598104064
567763529277923329
567767439493300224
567776832410636288
567786475262345216
567797429517692928
567797906977083392
567816742300356608
567818543569317888
567842015418978304
567851352249868288
567858317831249920
567870608152793088
567886422826307585
567920067364540416
567927725815496704
568017135236022273
568083224146149376
568090175122907136
568133754142793728
568144896852299776
568177910101745666
568196466503770112
568426870963712000
568444091836604416
568539903979446272
568600380977893376
568630453521022976
568643357108531200
568648940033343488
568760613792579584
568769775515635712
568787660266823680
568797413529538562
568807206059028481
568901675903119360
568904934495629312
568912678917271552
568947860424642560
568957365464076288
568964010101514240
568969600559226880
568984515298922496
568985883589906432
569003165984534528
569248904866336768
569250912784519168
569263908973903872
569285269981167616
569289995749494784
569301244948324353
569330115114627073
569332086345220096
569336402401472512
569358701317869571
569372333267394560
569379726562869248
569385864712704001
569418962108162048
569441937826164736
569492269000204288
569545323657494528
569552552297041920
569587371693355008
569588816438169600
569592674400907264
569592830307508224
569604655166009345
569607124772196352
569622053214507008
569624406437306370
569633257689518081
569644332573007873
569651459152859137
569659173044129792
569667517146222592
569671454419079169
569672099704508416
569675799122591746
569684654380486656
569688256247427072
569695357858238464
569733882007801857
569739695459995648
569741306190172161
569844251426729984
569844379176853504
569846771301654528
569855205187190784
569869978217914368
569877658286186496
569881062169567232
569895927273517056
569927837601402880
569948356933332992
569958485913243648
569967019958730753
569970853334650880
569980415919853569
569989023478841345
569989082719358976
569998668775862272
569999640516370432
570002454839820288
570007457055055873
570024324666564610
570060776301424641
570079549914005504
570086488324485121
570181700036087809
570283571941924864
570310600460525568
