567843014300692480
568085308727808000
569387765957308416
569626882053787649
567843014300692480
568085308727808000
569387765957308416
569626882053787649
567843014300692480
568085308727808000
569387765957308416
569626882053787649
570015408788414464
570222495145406465
570272714205863936
567843014300692480
568085308727808000
569387765957308416
569626882053787649
570015408788414464
570222495145406465
570272714205863936
567843014300692480
568085308727808000
569387765957308416
569626882053787649
570015408788414464
570222495145406465
570272714205863936
567843014300692480
568085308727808000
569387765957308416
569626882053787649
570015408788414464
570222495145406465
570272714205863936
567843014300692480
568085308727808000
569387765957308416
569626882053787649
570015408788414464
570222495145406465
570272714205863936
567843014300692480
568085308727808000
569387765957308416
569626882053787649
570015408788414464
570222495145406465
570272714205863936
