567745362727686145
567762685200228352
567812799767003136
567858317831249920
567883674462588929
568040818059190273
568072136192966656
568077514905505792
568167917004718080
568189945308786688
568190725319311360
568198349393768448
568259593773518848
568352134422511616
568378076955938816
568395094232932352
568399913358221312
568400398748266496
568481515899908096
568486216464785408
568539903979446272
568565044994158592
568571900596772864
568605590735294464
568802305606361089
568815514702770176
568830757730422784
568928741298012160
568935475815292928
568957558444175360
568966274887389185
568969667106045952
568976619089620992
569078332278513665
569113910776881152
569130479690981376
569143704109215745
569184069734395906
569196241252282368
569233335915925505
569244295921692672
569248843532886016
569252732940320768
569292823805042688
569304208534597632
569310253315174400
569316547673526272
569318130356502528
569328854948573187
569336095411965952
569462023173619712
569584561312681984
569595309279440896
569609971383586817
569615004489494528
569617019257151488
569619330012463104
569631350304731136
569641805073031168
569658503570296832
569666679963312129
569723932355358720
569768294648905728
569815182265978880
567745362727686145
567762685200228352
567812799767003136
567858317831249920
567883674462588929
568040818059190273
568072136192966656
568077514905505792
568167917004718080
568189945308786688
568190725319311360
568198349393768448
568259593773518848
568352134422511616
568378076955938816
568395094232932352
568399913358221312
568400398748266496
568481515899908096
568486216464785408
568539903979446272
568565044994158592
568571900596772864
568605590735294464
568802305606361089
568815514702770176
568830757730422784
568928741298012160
568935475815292928
568957558444175360
568966274887389185
568969667106045952
568976619089620992
569078332278513665
569113910776881152
569130479690981376
569143704109215745
569184069734395906
569196241252282368
569233335915925505
569244295921692672
569248843532886016
569252732940320768
569292823805042688
569304208534597632
569310253315174400
569316547673526272
569318130356502528
569328854948573187
569336095411965952
569462023173619712
569584561312681984
569595309279440896
569609971383586817
569615004489494528
569617019257151488
569619330012463104
569631350304731136
569641805073031168
569658503570296832
569666679963312129
569723932355358720
569768294648905728
569815182265978880
569821862873726976
567745362727686145
567762685200228352
567812799767003136
567858317831249920
567883674462588929
568040818059190273
568072136192966656
568077514905505792
568167917004718080
568189945308786688
568190725319311360
568198349393768448
568259593773518848
568352134422511616
568378076955938816
568395094232932352
568399913358221312
568400398748266496
568481515899908096
568486216464785408
568539903979446272
568565044994158592
568571900596772864
568605590735294464
568802305606361089
568815514702770176
568830757730422784
568928741298012160
568935475815292928
568957558444175360
568966274887389185
568969667106045952
568976619089620992
569078332278513665
569113910776881152
569130479690981376
569143704109215745
569184069734395906
569196241252282368
569233335915925505
569244295921692672
569248843532886016
569252732940320768
569292823805042688
569304208534597632
569310253315174400
569316547673526272
569318130356502528
569328854948573187
569336095411965952
569462023173619712
569584561312681984
569595309279440896
569609971383586817
569615004489494528
569617019257151488
569619330012463104
569631350304731136
569641805073031168
569658503570296832
569666679963312129
569723932355358720
569768294648905728
569815182265978880
569821862873726976
569849281533874176
569880288702173184
569893554753040386
569929945331449856
569935818783125504
569939156740149249
569959393917149189
569998120999759872
570012421345005568
570016304284901379
570021128032407552
570036187815149570
570043591927537664
570045712211288064
570058986025672704
570063450174464000
570095172303900672
570153610870456321
570174794425098241
570179344833708033
570205399619661824
570236690637459456
570240043022991361
570260735294607360
570268875872473088
570269272502607873
570296986827694080
570299182310944768
