567723534344933376
567728698900488192
567749206236880896
568262694123339776
568263079789608961
568515166410653696
568516063001853952
568786745715757056
568831574474661888
568951506042425346
569202691185909760
569231763173560320
569236251129163777
569236471690829825
569285269981167616
569469326547222528
569502353797173248
569512239344054274
569604655166009345
569633545737490433
569698589653344256
567723534344933376
567728698900488192
567749206236880896
568262694123339776
568263079789608961
568515166410653696
568516063001853952
568786745715757056
568831574474661888
568951506042425346
569202691185909760
569231763173560320
569236251129163777
569236471690829825
569285269981167616
569469326547222528
569502353797173248
569512239344054274
569604655166009345
569633545737490433
569698589653344256
567723534344933376
567728698900488192
567749206236880896
568262694123339776
568263079789608961
568515166410653696
568516063001853952
568786745715757056
568831574474661888
568951506042425346
569202691185909760
569231763173560320
569236251129163777
569236471690829825
569285269981167616
569469326547222528
569502353797173248
569512239344054274
569604655166009345
569633545737490433
569698589653344256
570040644451708930
570230527032229889
567723534344933376
567728698900488192
567749206236880896
568262694123339776
568263079789608961
568515166410653696
568516063001853952
568786745715757056
568831574474661888
568951506042425346
569202691185909760
569231763173560320
569236251129163777
569236471690829825
569285269981167616
569469326547222528
569502353797173248
569512239344054274
569604655166009345
569633545737490433
569698589653344256
570040644451708930
570230527032229889
567723534344933376
567728698900488192
567749206236880896
568262694123339776
568263079789608961
568515166410653696
568516063001853952
568786745715757056
568831574474661888
568951506042425346
569202691185909760
569231763173560320
569236251129163777
569236471690829825
569285269981167616
569469326547222528
569502353797173248
569512239344054274
569604655166009345
569633545737490433
569698589653344256
570040644451708930
570230527032229889
567723534344933376
567728698900488192
567749206236880896
568262694123339776
568263079789608961
568515166410653696
568516063001853952
568786745715757056
568831574474661888
568951506042425346
569202691185909760
569231763173560320
569236251129163777
569236471690829825
569285269981167616
569469326547222528
569502353797173248
569512239344054274
569604655166009345
569633545737490433
569698589653344256
570040644451708930
570230527032229889
567723534344933376
567728698900488192
567749206236880896
568262694123339776
568263079789608961
568515166410653696
568516063001853952
568786745715757056
568831574474661888
568951506042425346
569202691185909760
569231763173560320
569236251129163777
569236471690829825
569285269981167616
569469326547222528
569502353797173248
569512239344054274
569604655166009345
569633545737490433
569698589653344256
570040644451708930
570230527032229889
567723534344933376
567728698900488192
567749206236880896
568262694123339776
568263079789608961
568515166410653696
568516063001853952
568786745715757056
568831574474661888
568951506042425346
569202691185909760
569231763173560320
569236251129163777
569236471690829825
569285269981167616
569469326547222528
569502353797173248
569512239344054274
569604655166009345
569633545737490433
569698589653344256
570040644451708930
570230527032229889
