567726092518031360
567727292739092480
567728227465310208
567735941846937600
567742148603170816
567742578561650688
567742937325260801
567744381432516608
567745903474540545
567748973910163457
567753757702647810
567755402943930368
567759012806029312
567762071258152960
567767269120688128
567769981128282113
567770107062284288
567772685472915456
567783687980367872
567785191901376512
567785481161953280
567786199415136256
567786760287096832
567787873778278400
567789974717747200
567790272265887744
567792185832394752
567796863467839488
567806467974365184
567806872410161152
567806884191944705
567806905617281024
567807278964023296
567807288192290816
567807640660619267
567807967706488832
567810209088847873
567811428779868160
567812402764374016
567813046811525120
567814795895787520
567823564167192576
567828603976597504
567829051559186432
567845203014377472
567845726220357632
567846970141716481
567847163465764864
567849200295124992
567849520781893632
567855171335626752
567858317831249920
567873698679623680
567893201719156736
567899492885745664
567908796917420032
567946319349706753
567971610801664000
567971836321009664
567972174398689280
567972416846217216
568011935347838977
568017135236022273
568050777744379904
568053134439788546
568054702635483136
568058610296565760
568059129601724416
568061922265804802
568064123621093377
568068214325784576
568068513224654848
568079278505463808
568083179023650818
568086068328681473
568088472772157440
568093957080551424
568095440517754881
568100090390425600
568100257931747328
568101393111891968
568104264733573122
568104519633993728
568114097142652928
568119079371997186
568120102660341760
568122723915862016
568132204712370178
568132935037132800
568136946016522240
568140010458894338
568140092453179394
568142526110019584
568144330268868608
568146157534367744
568148652352544769
568150150289461249
568157680696729600
568165573869199361
568174745293709313
568189531033174016
568193116437483520
568195292803129345
568199730989174784
568203174198284288
568204182676578304
568204964742496256
568209028188233728
568216286561374208
568218962833461248
568239036533497856
568240364315783168
568245360998658048
568259485413715969
568265552583479296
568279994876571649
568303606710956032
568307768551026688
568349321634013184
568364437599436800
568382154071089154
568391084210036736
568392783922372608
568406048777900032
568423029371334656
568428224813916160
568429677779365888
568432117539065856
568434482270707712
568437415603507200
568440278853525504
568447216156692480
568451468560187393
568452186977361921
568452676452806656
568456334581981184
568457140894969856
568458513636134913
568460512553353216
568463244035289088
568463892453724160
568469942711885825
568472719102234624
568476562376531969
568478510538493952
568481985221537792
568483491819753472
568483591623208961
568490223417602050
568491256508231680
568492682152189952
568495808053702656
568496820604821505
568511474580066304
568511755040657409
568517447847780353
568517565548339200
568518985056002049
568519971971538945
568522203198697474
568525368572817408
568526847320784896
568532221180534784
568536882012749824
568541317816561664
568543525505089536
568553610981740544
568571772251082752
568572344056180737
568576829000425472
568577243200376833
568579880046227457
568585196699664384
568595620002279424
568602941940043776
568604690767872000
568605449659895808
568607562251108352
568608718994026496
568626625857728513
568629385105793024
568630879246901248
568632394929958912
568633361595412481
568643040073506816
568646087361355776
568662343170674688
568663147189415936
568689188377403392
568735060104511488
568769672922812418
568775898234798081
568781819233091584
568790164404899840
568791035297468416
568792520337039360
568795139512127488
568795484283736064
568800805475782656
568802396907835393
568803996774879232
568805696780824576
568811384437411840
568812046747201537
568815689684815873
568823689422053376
568824637267685377
568828112626012160
568828648687591424
568830133626253312
568830466830151680
568833739192557569
568837602071203840
568838020041809920
568840560347373569
568840724700995584
568845553104068609
568847512372514816
568850943359496192
568850967673896960
568853685855334400
568855933360607232
568864815654899712
568865011717705730
568867068331864064
568868127364096000
568874645564362752
568882014415249408
568884848632279041
568890062286385153
568890074164809728
568897315458691072
568898405189038080
568901823215448064
568910590921609216
568911350656675841
568920221882257408
568920614716600320
568923762764095488
568926018049691648
568928605226426370
568928741298012160
568929026644975616
568929979981033472
568940002849255425
568942331921092608
568943244027006976
568945265899483136
568945958970531840
568972394297077760
568977175149293570
568977439398821888
568989005162766337
569011849976348672
569018352464588800
569020707113476096
569022319437357056
569028851860254720
569083230361673728
569110766235877376
569165709516759042
569176777056079874
569179517522046977
569180623165915137
569182336715243520
569192778468626432
569197515993534464
569197611393163264
569197967959154688
569198104806699008
569198782421663745
569200606595952640
569200619430420480
569201943131738113
569202691185909760
569204272795004928
569205125278859265
569208480793567233
569209566715469824
569211675108179968
569212570478911489
569218762907324416
569220232293720066
569221156504530944
569221440794271745
569222494952886272
569223788639821824
569224234150404096
569226875349835776
569229785500680192
569230983075115010
569236251129163777
569236471690829825
569237252154372097
569238877178716161
569240250192670720
569244860286263297
569247394002563072
569247769166266368
569248400836726786
569248437050302464
569250469178175488
569253236093267969
569253311813185537
569260526976544768
569261128532041728
569261347688607744
569262225900359680
569262527281913857
569263837448269826
569277352129138688
569277854950817792
569282249717194754
569290361870426112
569298165855338497
569303931916038144
569304030847090688
569304208534597632
569304436612444160
569305113589714944
569310635986546688
569311060903268352
569311498301870080
569316358845911040
569318130356502528
569318651502989312
569323082701275138
569323106210152448
569324558999691264
569348775631675392
569351220097216512
569354267854704641
569356387785900032
569368160291463168
569369239183872000
569374011131453441
569385087424458752
569429411646156800
569447071910105089
569452063920226304
569459618881019905
569461469042966528
569477692166316033
569482263345307648
569494748341407744
569540405676654592
569541127340040192
569562202405019650
569564610837086209
569564853460807680
569566981835218944
569572740723712001
569572942381649920
569574961158815745
569574973662232576
569575003248676864
569575679722786816
569580805036453888
569586660909973504
569594386066984960
569596097540132864
569596445680115712
569599867716132864
569608328998887424
569609971383586817
569614024578600960
569614365755899905
569615109363929088
569616490380439552
569618527948115968
569619569372823552
569620102389350401
569625609799774208
569625739231948800
569627480425766912
569630092273410048
569633279546036224
569633630978310145
569634318349246464
569642845516275712
569643262459269120
569649116487290880
569652497947734017
569666477265018881
569674358135914496
569675144353828864
569714127792254976
569737603617943552
569741221783957504
569748316776325120
569770363623575552
569774078233419776
569777607371128834
569814339785338880
567726092518031360
567727292739092480
567728227465310208
567735941846937600
567742148603170816
567742578561650688
567742937325260801
567744381432516608
567745903474540545
567748973910163457
567753757702647810
567755402943930368
567759012806029312
567762071258152960
567767269120688128
567769981128282113
567770107062284288
567772685472915456
567783687980367872
567785191901376512
567785481161953280
567786199415136256
567786760287096832
567787873778278400
567789974717747200
567790272265887744
567792185832394752
567796863467839488
567806467974365184
567806872410161152
567806884191944705
567806905617281024
567807278964023296
567807288192290816
567807640660619267
567807967706488832
567810209088847873
567811428779868160
567812402764374016
567813046811525120
567814795895787520
567823564167192576
567828603976597504
567829051559186432
567845203014377472
567845726220357632
567846970141716481
567847163465764864
567849200295124992
567849520781893632
567855171335626752
567858317831249920
567873698679623680
567893201719156736
567899492885745664
567908796917420032
567946319349706753
567971610801664000
567971836321009664
567972174398689280
567972416846217216
568011935347838977
568017135236022273
568050777744379904
568053134439788546
568054702635483136
568058610296565760
568059129601724416
568061922265804802
568064123621093377
568068214325784576
568068513224654848
568079278505463808
568083179023650818
568086068328681473
568088472772157440
568093957080551424
568095440517754881
568100090390425600
568100257931747328
568101393111891968
568104264733573122
568104519633993728
568114097142652928
568119079371997186
568120102660341760
568122723915862016
568132204712370178
568132935037132800
568136946016522240
568140010458894338
568140092453179394
568142526110019584
568144330268868608
568146157534367744
568148652352544769
568150150289461249
568157680696729600
568165573869199361
568174745293709313
568189531033174016
568193116437483520
568195292803129345
568199730989174784
568203174198284288
568204182676578304
568204964742496256
568209028188233728
568216286561374208
568218962833461248
568239036533497856
568240364315783168
568245360998658048
568259485413715969
568265552583479296
568279994876571649
568303606710956032
568307768551026688
568349321634013184
568364437599436800
568382154071089154
568391084210036736
568392783922372608
568406048777900032
568423029371334656
568428224813916160
568429677779365888
568432117539065856
568434482270707712
568437415603507200
568440278853525504
568447216156692480
568451468560187393
568452186977361921
568452676452806656
568456334581981184
568457140894969856
568458513636134913
568460512553353216
568463244035289088
568463892453724160
568469942711885825
568472719102234624
568476562376531969
568478510538493952
568481985221537792
568483491819753472
568483591623208961
568490223417602050
568491256508231680
568492682152189952
568495808053702656
568496820604821505
568511474580066304
568511755040657409
568517447847780353
568517565548339200
568518985056002049
568519971971538945
568522203198697474
568525368572817408
568526847320784896
568532221180534784
568536882012749824
568541317816561664
568543525505089536
568553610981740544
568571772251082752
568572344056180737
568576829000425472
568577243200376833
568579880046227457
568585196699664384
568595620002279424
568602941940043776
568604690767872000
568605449659895808
568607562251108352
568608718994026496
568626625857728513
568629385105793024
568630879246901248
568632394929958912
568633361595412481
568643040073506816
568646087361355776
568662343170674688
568663147189415936
568689188377403392
568735060104511488
568769672922812418
568775898234798081
568781819233091584
568790164404899840
568791035297468416
568792520337039360
568795139512127488
568795484283736064
568800805475782656
568802396907835393
568803996774879232
568805696780824576
568811384437411840
568812046747201537
568815689684815873
568823689422053376
568824637267685377
568828112626012160
568828648687591424
568830133626253312
568830466830151680
568833739192557569
568837602071203840
568838020041809920
568840560347373569
568840724700995584
568845553104068609
568847512372514816
568850943359496192
568850967673896960
568853685855334400
568855933360607232
568864815654899712
568865011717705730
568867068331864064
568868127364096000
568874645564362752
568882014415249408
568884848632279041
568890062286385153
568890074164809728
568897315458691072
568898405189038080
568901823215448064
568910590921609216
568911350656675841
568920221882257408
568920614716600320
568923762764095488
568926018049691648
568928605226426370
568928741298012160
568929026644975616
568929979981033472
568940002849255425
568942331921092608
568943244027006976
568945265899483136
568945958970531840
568972394297077760
568977175149293570
568977439398821888
568989005162766337
569011849976348672
569018352464588800
569020707113476096
569022319437357056
569028851860254720
569083230361673728
569110766235877376
569165709516759042
569176777056079874
569179517522046977
569180623165915137
569182336715243520
569192778468626432
569197515993534464
569197611393163264
569197967959154688
569198104806699008
569198782421663745
569200606595952640
569200619430420480
569201943131738113
569202691185909760
569204272795004928
569205125278859265
569208480793567233
569209566715469824
569211675108179968
569212570478911489
569218762907324416
569220232293720066
569221156504530944
569221440794271745
569222494952886272
569223788639821824
569224234150404096
569226875349835776
569229785500680192
569230983075115010
569236251129163777
569236471690829825
569237252154372097
569238877178716161
569240250192670720
569244860286263297
569247394002563072
569247769166266368
569248400836726786
569248437050302464
569250469178175488
569253236093267969
569253311813185537
569260526976544768
569261128532041728
569261347688607744
569262225900359680
569262527281913857
569263837448269826
569277352129138688
569277854950817792
569282249717194754
569290361870426112
569298165855338497
569303931916038144
569304030847090688
569304208534597632
569304436612444160
569305113589714944
569310635986546688
569311060903268352
569311498301870080
569316358845911040
569318130356502528
569318651502989312
569323082701275138
569323106210152448
569324558999691264
569348775631675392
569351220097216512
569354267854704641
569356387785900032
569368160291463168
569369239183872000
569374011131453441
569385087424458752
569429411646156800
569447071910105089
569452063920226304
569459618881019905
569461469042966528
569477692166316033
569482263345307648
569494748341407744
569540405676654592
569541127340040192
569562202405019650
569564610837086209
569564853460807680
569566981835218944
569572740723712001
569572942381649920
569574961158815745
569574973662232576
569575003248676864
569575679722786816
569580805036453888
569586660909973504
569594386066984960
569596097540132864
569596445680115712
569599867716132864
569608328998887424
569609971383586817
569614024578600960
569614365755899905
569615109363929088
569616490380439552
569618527948115968
569619569372823552
569620102389350401
569625609799774208
569625739231948800
569627480425766912
569630092273410048
569633279546036224
569633630978310145
569634318349246464
569642845516275712
569643262459269120
569649116487290880
569652497947734017
569666477265018881
569674358135914496
569675144353828864
569714127792254976
569737603617943552
569741221783957504
569748316776325120
569770363623575552
569774078233419776
569777607371128834
569814339785338880
567726092518031360
567727292739092480
567728227465310208
567735941846937600
567742148603170816
567742578561650688
567742937325260801
567744381432516608
567745903474540545
567748973910163457
567753757702647810
567755402943930368
567759012806029312
567762071258152960
567767269120688128
567769981128282113
567770107062284288
567772685472915456
567783687980367872
567785191901376512
567785481161953280
567786199415136256
567786760287096832
567787873778278400
567789974717747200
567790272265887744
567792185832394752
567796863467839488
567806467974365184
567806872410161152
567806884191944705
567806905617281024
567807278964023296
567807288192290816
567807640660619267
567807967706488832
567810209088847873
567811428779868160
567812402764374016
567813046811525120
567814795895787520
567823564167192576
567828603976597504
567829051559186432
567845203014377472
567845726220357632
567846970141716481
567847163465764864
567849200295124992
567849520781893632
567855171335626752
567858317831249920
567873698679623680
567893201719156736
567899492885745664
567908796917420032
567946319349706753
567971610801664000
567971836321009664
567972174398689280
567972416846217216
568011935347838977
568017135236022273
568050777744379904
568053134439788546
568054702635483136
568058610296565760
568059129601724416
568061922265804802
568064123621093377
568068214325784576
568068513224654848
568079278505463808
568083179023650818
568086068328681473
568088472772157440
568093957080551424
568095440517754881
568100090390425600
568100257931747328
568101393111891968
568104264733573122
568104519633993728
568114097142652928
568119079371997186
568120102660341760
568122723915862016
568132204712370178
568132935037132800
568136946016522240
568140010458894338
568140092453179394
568142526110019584
568144330268868608
568146157534367744
568148652352544769
568150150289461249
568157680696729600
568165573869199361
568174745293709313
568189531033174016
568193116437483520
568195292803129345
568199730989174784
568203174198284288
568204182676578304
568204964742496256
568209028188233728
568216286561374208
568218962833461248
568239036533497856
568240364315783168
568245360998658048
568259485413715969
568265552583479296
568279994876571649
568303606710956032
568307768551026688
568349321634013184
568364437599436800
568382154071089154
568391084210036736
568392783922372608
568406048777900032
568423029371334656
568428224813916160
568429677779365888
568432117539065856
568434482270707712
568437415603507200
568440278853525504
568447216156692480
568451468560187393
568452186977361921
568452676452806656
568456334581981184
568457140894969856
568458513636134913
568460512553353216
568463244035289088
568463892453724160
568469942711885825
568472719102234624
568476562376531969
568478510538493952
568481985221537792
568483491819753472
568483591623208961
568490223417602050
568491256508231680
568492682152189952
568495808053702656
568496820604821505
568511474580066304
568511755040657409
568517447847780353
568517565548339200
568518985056002049
568519971971538945
568522203198697474
568525368572817408
568526847320784896
568532221180534784
568536882012749824
568541317816561664
568543525505089536
568553610981740544
568571772251082752
568572344056180737
568576829000425472
568577243200376833
568579880046227457
568585196699664384
568595620002279424
568602941940043776
568604690767872000
568605449659895808
568607562251108352
568608718994026496
568626625857728513
568629385105793024
568630879246901248
568632394929958912
568633361595412481
568643040073506816
568646087361355776
568662343170674688
568663147189415936
568689188377403392
568735060104511488
568769672922812418
568775898234798081
568781819233091584
568790164404899840
568791035297468416
568792520337039360
568795139512127488
568795484283736064
568800805475782656
568802396907835393
568803996774879232
568805696780824576
568811384437411840
568812046747201537
568815689684815873
568823689422053376
568824637267685377
568828112626012160
568828648687591424
568830133626253312
568830466830151680
568833739192557569
568837602071203840
568838020041809920
568840560347373569
568840724700995584
568845553104068609
568847512372514816
568850943359496192
568850967673896960
568853685855334400
568855933360607232
568864815654899712
568865011717705730
568867068331864064
568868127364096000
568874645564362752
568882014415249408
568884848632279041
568890062286385153
568890074164809728
568897315458691072
568898405189038080
568901823215448064
568910590921609216
568911350656675841
568920221882257408
568920614716600320
568923762764095488
568926018049691648
568928605226426370
568928741298012160
568929026644975616
568929979981033472
568940002849255425
568942331921092608
568943244027006976
568945265899483136
568945958970531840
568972394297077760
568977175149293570
568977439398821888
568989005162766337
569011849976348672
569018352464588800
569020707113476096
569022319437357056
569028851860254720
569083230361673728
569110766235877376
569165709516759042
569176777056079874
569179517522046977
569180623165915137
569182336715243520
569192778468626432
569197515993534464
569197611393163264
569197967959154688
569198104806699008
569198782421663745
569200606595952640
569200619430420480
569201943131738113
569202691185909760
569204272795004928
569205125278859265
569208480793567233
569209566715469824
569211675108179968
569212570478911489
569218762907324416
569220232293720066
569221156504530944
569221440794271745
569222494952886272
569223788639821824
569224234150404096
569226875349835776
569229785500680192
569230983075115010
569236251129163777
569236471690829825
569237252154372097
569238877178716161
569240250192670720
569244860286263297
569247394002563072
569247769166266368
569248400836726786
569248437050302464
569250469178175488
569253236093267969
569253311813185537
569260526976544768
569261128532041728
569261347688607744
569262225900359680
569262527281913857
569263837448269826
569277352129138688
569277854950817792
569282249717194754
569290361870426112
569298165855338497
569303931916038144
569304030847090688
569304208534597632
569304436612444160
569305113589714944
569310635986546688
569311060903268352
569311498301870080
569316358845911040
569318130356502528
569318651502989312
569323082701275138
569323106210152448
569324558999691264
569348775631675392
569351220097216512
569354267854704641
569356387785900032
569368160291463168
569369239183872000
569374011131453441
569385087424458752
569429411646156800
569447071910105089
569452063920226304
569459618881019905
569461469042966528
569477692166316033
569482263345307648
569494748341407744
569540405676654592
569541127340040192
569562202405019650
569564610837086209
569564853460807680
569566981835218944
569572740723712001
569572942381649920
569574961158815745
569574973662232576
569575003248676864
569575679722786816
569580805036453888
569586660909973504
569594386066984960
569596097540132864
569596445680115712
569599867716132864
569608328998887424
569609971383586817
569614024578600960
569614365755899905
569615109363929088
569616490380439552
569618527948115968
569619569372823552
569620102389350401
569625609799774208
569625739231948800
569627480425766912
569630092273410048
569633279546036224
569633630978310145
569634318349246464
569642845516275712
569643262459269120
569649116487290880
569652497947734017
569666477265018881
569674358135914496
569675144353828864
569714127792254976
569737603617943552
569741221783957504
569748316776325120
569770363623575552
569774078233419776
569777607371128834
569814339785338880
569847920192655361
569861209781989377
569869892960133120
569872058613673984
569873664612704256
569873665640292353
569873668131717120
569873669700358144
569875430951542784
569881548515708928
569884407852437504
569884551712886785
569887049446076416
569887310713479168
569891436100874241
569891469210755074
569892199690678272
569894407001939968
569894449620369408
569896805611089920
569899917935714305
569907336485019648
569909224521641984
569910981868060673
569911218942517248
569911674158731264
569911816937033728
569913339427434496
569915941192015872
569919041244147712
569920824905306113
569922008588222465
569923394990419968
569926998824394752
569929243146088448
569929973156327424
569933360564342784
569933405506310144
569933777931145216
569933816963342337
569934395865493504
569935232033366017
569940323746516993
569940834994401280
569941957490774016
569942903683813376
569946362126602240
569948966873370625
569949891163615232
569961866224652288
569967019958730753
569972508499283968
569973821396152323
569976620158578688
569981026598043648
569982307634794497
569986348041547778
569986782567071744
569987622484848640
569989034501500928
569989321698074624
569989504431316993
569990163209850881
569990222609412097
569996245462159361
569996412286582784
570000071644872704
570001194900426752
570004391731847169
570006886012973056
570009035455344640
570009713447825408
570010539499393025
570010571707256832
570011341483843584
570012257549070337
570013523650048002
570015408788414464
570016304284901379
570025482344898560
570033593394667521
570035876845084672
570038941497192448
570045393565691904
570051381534396416
570051991277342720
570076792993611776
570084582780899328
570088404156698625
570094701371469825
570114021854212096
570124596180955136
570207886493782019
570217831557677057
570239632807370753
570249102404923392
570256553502068736
570258822297579520
570259420287868928
570264145116819457
570265883513384960
570267956648792064
570270684619923457
570276917301137409
570277724385734656
570282469121007616
570285904809598977
570287408438120448
570289584061480960
570289724453216256
570291813912858625
570294189143031808
570295459631263746
570299953286942721
570300248553349120
570300616901320704
570300767074181121
570300817074462722
570301031407624196
570301083672813571
570301130888122368
570306133677760513
567726092518031360
567727292739092480
567728227465310208
567735941846937600
567742148603170816
567742578561650688
567742937325260801
567744381432516608
567745903474540545
567748973910163457
567753757702647810
567755402943930368
567759012806029312
567762071258152960
567767269120688128
567769981128282113
567770107062284288
567772685472915456
567783687980367872
567785191901376512
567785481161953280
567786199415136256
567786760287096832
567787873778278400
567789974717747200
567790272265887744
567792185832394752
567796863467839488
567806467974365184
567806872410161152
567806884191944705
567806905617281024
567807278964023296
567807288192290816
567807640660619267
567807967706488832
567810209088847873
567811428779868160
567812402764374016
567813046811525120
567814795895787520
567823564167192576
567828603976597504
567829051559186432
567845203014377472
567845726220357632
567846970141716481
567847163465764864
567849200295124992
567849520781893632
567855171335626752
567858317831249920
567873698679623680
567893201719156736
567899492885745664
567908796917420032
567946319349706753
567971610801664000
567971836321009664
567972174398689280
567972416846217216
568011935347838977
568017135236022273
568050777744379904
568053134439788546
568054702635483136
568058610296565760
568059129601724416
568061922265804802
568064123621093377
568068214325784576
568068513224654848
568079278505463808
568083179023650818
568086068328681473
568088472772157440
568093957080551424
568095440517754881
568100090390425600
568100257931747328
568101393111891968
568104264733573122
568104519633993728
568114097142652928
568119079371997186
568120102660341760
568122723915862016
568132204712370178
568132935037132800
568136946016522240
568140010458894338
568140092453179394
568142526110019584
568144330268868608
568146157534367744
568148652352544769
568150150289461249
568157680696729600
568165573869199361
568174745293709313
568189531033174016
568193116437483520
568195292803129345
568199730989174784
568203174198284288
568204182676578304
568204964742496256
568209028188233728
568216286561374208
568218962833461248
568239036533497856
568240364315783168
568245360998658048
568259485413715969
568265552583479296
568279994876571649
568303606710956032
568307768551026688
568349321634013184
568364437599436800
568382154071089154
568391084210036736
568392783922372608
568406048777900032
568423029371334656
568428224813916160
568429677779365888
568432117539065856
568434482270707712
568437415603507200
568440278853525504
568447216156692480
568451468560187393
568452186977361921
568452676452806656
568456334581981184
568457140894969856
568458513636134913
568460512553353216
568463244035289088
568463892453724160
568469942711885825
568472719102234624
568476562376531969
568478510538493952
568481985221537792
568483491819753472
568483591623208961
568490223417602050
568491256508231680
568492682152189952
568495808053702656
568496820604821505
568511474580066304
568511755040657409
568517447847780353
568517565548339200
568518985056002049
568519971971538945
568522203198697474
568525368572817408
568526847320784896
568532221180534784
568536882012749824
568541317816561664
568543525505089536
568553610981740544
568571772251082752
568572344056180737
568576829000425472
568577243200376833
568579880046227457
568585196699664384
568595620002279424
568602941940043776
568604690767872000
568605449659895808
568607562251108352
568608718994026496
568626625857728513
568629385105793024
568630879246901248
568632394929958912
568633361595412481
568643040073506816
568646087361355776
568662343170674688
568663147189415936
568689188377403392
568735060104511488
568769672922812418
568775898234798081
568781819233091584
568790164404899840
568791035297468416
568792520337039360
568795139512127488
568795484283736064
568800805475782656
568802396907835393
568803996774879232
568805696780824576
568811384437411840
568812046747201537
568815689684815873
568823689422053376
568824637267685377
568828112626012160
568828648687591424
568830133626253312
568830466830151680
568833739192557569
568837602071203840
568838020041809920
568840560347373569
568840724700995584
568845553104068609
568847512372514816
568850943359496192
568850967673896960
568853685855334400
568855933360607232
568864815654899712
568865011717705730
568867068331864064
568868127364096000
568874645564362752
568882014415249408
568884848632279041
568890062286385153
568890074164809728
568897315458691072
568898405189038080
568901823215448064
568910590921609216
568911350656675841
568920221882257408
568920614716600320
568923762764095488
568926018049691648
568928605226426370
568928741298012160
568929026644975616
568929979981033472
568940002849255425
568942331921092608
568943244027006976
568945265899483136
568945958970531840
568972394297077760
568977175149293570
568977439398821888
568989005162766337
569011849976348672
569018352464588800
569020707113476096
569022319437357056
569028851860254720
569083230361673728
569110766235877376
569165709516759042
569176777056079874
569179517522046977
569180623165915137
569182336715243520
569192778468626432
569197515993534464
569197611393163264
569197967959154688
569198104806699008
569198782421663745
569200606595952640
569200619430420480
569201943131738113
569202691185909760
569204272795004928
569205125278859265
569208480793567233
569209566715469824
569211675108179968
569212570478911489
569218762907324416
569220232293720066
569221156504530944
569221440794271745
569222494952886272
569223788639821824
569224234150404096
569226875349835776
569229785500680192
569230983075115010
569236251129163777
569236471690829825
569237252154372097
569238877178716161
569240250192670720
569244860286263297
569247394002563072
569247769166266368
569248400836726786
569248437050302464
569250469178175488
569253236093267969
569253311813185537
569260526976544768
569261128532041728
569261347688607744
569262225900359680
569262527281913857
569263837448269826
569277352129138688
569277854950817792
569282249717194754
569290361870426112
569298165855338497
569303931916038144
569304030847090688
569304208534597632
569304436612444160
569305113589714944
569310635986546688
569311060903268352
569311498301870080
569316358845911040
569318130356502528
569318651502989312
569323082701275138
569323106210152448
569324558999691264
569348775631675392
569351220097216512
569354267854704641
569356387785900032
569368160291463168
569369239183872000
569374011131453441
569385087424458752
569429411646156800
569447071910105089
569452063920226304
569459618881019905
569461469042966528
569477692166316033
569482263345307648
569494748341407744
569540405676654592
569541127340040192
569562202405019650
569564610837086209
569564853460807680
569566981835218944
569572740723712001
569572942381649920
569574961158815745
569574973662232576
569575003248676864
569575679722786816
569580805036453888
569586660909973504
569594386066984960
569596097540132864
569596445680115712
569599867716132864
569608328998887424
569609971383586817
569614024578600960
569614365755899905
569615109363929088
569616490380439552
569618527948115968
569619569372823552
569620102389350401
569625609799774208
569625739231948800
569627480425766912
569630092273410048
569633279546036224
569633630978310145
569634318349246464
569642845516275712
569643262459269120
569649116487290880
569652497947734017
569666477265018881
569674358135914496
569675144353828864
569714127792254976
569737603617943552
569741221783957504
569748316776325120
569770363623575552
569774078233419776
569777607371128834
569814339785338880
569847920192655361
569861209781989377
569869892960133120
569872058613673984
569873664612704256
569873665640292353
569873668131717120
569873669700358144
569875430951542784
569881548515708928
569884407852437504
569884551712886785
569887049446076416
569887310713479168
569891436100874241
569891469210755074
569892199690678272
569894407001939968
569894449620369408
569896805611089920
569899917935714305
569907336485019648
569909224521641984
569910981868060673
569911218942517248
569911674158731264
569911816937033728
569913339427434496
569915941192015872
569919041244147712
569920824905306113
569922008588222465
569923394990419968
569926998824394752
569929243146088448
569929973156327424
569933360564342784
569933405506310144
569933777931145216
569933816963342337
569934395865493504
569935232033366017
569940323746516993
569940834994401280
569941957490774016
569942903683813376
569946362126602240
569948966873370625
569949891163615232
569961866224652288
569967019958730753
569972508499283968
569973821396152323
569976620158578688
569981026598043648
569982307634794497
569986348041547778
569986782567071744
569987622484848640
569989034501500928
569989321698074624
569989504431316993
569990163209850881
569990222609412097
569996245462159361
569996412286582784
570000071644872704
570001194900426752
570004391731847169
570006886012973056
570009035455344640
570009713447825408
570010539499393025
570010571707256832
570011341483843584
570012257549070337
570013523650048002
570015408788414464
570016304284901379
570025482344898560
570033593394667521
570035876845084672
570038941497192448
570045393565691904
570051381534396416
570051991277342720
570076792993611776
570084582780899328
570088404156698625
570094701371469825
570114021854212096
570124596180955136
570207886493782019
570217831557677057
570239632807370753
570249102404923392
570256553502068736
570258822297579520
570259420287868928
570264145116819457
570265883513384960
570267956648792064
570270684619923457
570276917301137409
570277724385734656
570282469121007616
570285904809598977
570287408438120448
570289584061480960
570289724453216256
570291813912858625
570294189143031808
570295459631263746
570299953286942721
570300248553349120
570300616901320704
570300767074181121
570300817074462722
570301031407624196
570301083672813571
570301130888122368
570306133677760513
567726092518031360
567727292739092480
567728227465310208
567735941846937600
567742148603170816
567742578561650688
567742937325260801
567744381432516608
567745903474540545
567748973910163457
567753757702647810
567755402943930368
567759012806029312
567762071258152960
567767269120688128
567769981128282113
567770107062284288
567772685472915456
567783687980367872
567785191901376512
567785481161953280
567786199415136256
567786760287096832
567787873778278400
567789974717747200
567790272265887744
567792185832394752
567796863467839488
567806467974365184
567806872410161152
567806884191944705
567806905617281024
567807278964023296
567807288192290816
567807640660619267
567807967706488832
567810209088847873
567811428779868160
567812402764374016
567813046811525120
567814795895787520
567823564167192576
567828603976597504
567829051559186432
567845203014377472
567845726220357632
567846970141716481
567847163465764864
567849200295124992
567849520781893632
567855171335626752
567858317831249920
567873698679623680
567893201719156736
567899492885745664
567908796917420032
567946319349706753
567971610801664000
567971836321009664
567972174398689280
567972416846217216
568011935347838977
568017135236022273
568050777744379904
568053134439788546
568054702635483136
568058610296565760
568059129601724416
568061922265804802
568064123621093377
568068214325784576
568068513224654848
568079278505463808
568083179023650818
568086068328681473
568088472772157440
568093957080551424
568095440517754881
568100090390425600
568100257931747328
568101393111891968
568104264733573122
568104519633993728
568114097142652928
568119079371997186
568120102660341760
568122723915862016
568132204712370178
568132935037132800
568136946016522240
568140010458894338
568140092453179394
568142526110019584
568144330268868608
568146157534367744
568148652352544769
568150150289461249
568157680696729600
568165573869199361
568174745293709313
568189531033174016
568193116437483520
568195292803129345
568199730989174784
568203174198284288
568204182676578304
568204964742496256
568209028188233728
568216286561374208
568218962833461248
568239036533497856
568240364315783168
568245360998658048
568259485413715969
568265552583479296
568279994876571649
568303606710956032
568307768551026688
568349321634013184
568364437599436800
568382154071089154
568391084210036736
568392783922372608
568406048777900032
568423029371334656
568428224813916160
568429677779365888
568432117539065856
568434482270707712
568437415603507200
568440278853525504
568447216156692480
568451468560187393
568452186977361921
568452676452806656
568456334581981184
568457140894969856
568458513636134913
568460512553353216
568463244035289088
568463892453724160
568469942711885825
568472719102234624
568476562376531969
568478510538493952
568481985221537792
568483491819753472
568483591623208961
568490223417602050
568491256508231680
568492682152189952
568495808053702656
568496820604821505
568511474580066304
568511755040657409
568517447847780353
568517565548339200
568518985056002049
568519971971538945
568522203198697474
568525368572817408
568526847320784896
568532221180534784
568536882012749824
568541317816561664
568543525505089536
568553610981740544
568571772251082752
568572344056180737
568576829000425472
568577243200376833
568579880046227457
568585196699664384
568595620002279424
568602941940043776
568604690767872000
568605449659895808
568607562251108352
568608718994026496
568626625857728513
568629385105793024
568630879246901248
568632394929958912
568633361595412481
568643040073506816
568646087361355776
568662343170674688
568663147189415936
568689188377403392
568735060104511488
568769672922812418
568775898234798081
568781819233091584
568790164404899840
568791035297468416
568792520337039360
568795139512127488
568795484283736064
568800805475782656
568802396907835393
568803996774879232
568805696780824576
568811384437411840
568812046747201537
568815689684815873
568823689422053376
568824637267685377
568828112626012160
568828648687591424
568830133626253312
568830466830151680
568833739192557569
568837602071203840
568838020041809920
568840560347373569
568840724700995584
568845553104068609
568847512372514816
568850943359496192
568850967673896960
568853685855334400
568855933360607232
568864815654899712
568865011717705730
568867068331864064
568868127364096000
568874645564362752
568882014415249408
568884848632279041
568890062286385153
568890074164809728
568897315458691072
568898405189038080
568901823215448064
568910590921609216
568911350656675841
568920221882257408
568920614716600320
568923762764095488
568926018049691648
568928605226426370
568928741298012160
568929026644975616
568929979981033472
568940002849255425
568942331921092608
568943244027006976
568945265899483136
568945958970531840
568972394297077760
568977175149293570
568977439398821888
568989005162766337
569011849976348672
569018352464588800
569020707113476096
569022319437357056
569028851860254720
569083230361673728
569110766235877376
569165709516759042
569176777056079874
569179517522046977
569180623165915137
569182336715243520
569192778468626432
569197515993534464
569197611393163264
569197967959154688
569198104806699008
569198782421663745
569200606595952640
569200619430420480
569201943131738113
569202691185909760
569204272795004928
569205125278859265
569208480793567233
569209566715469824
569211675108179968
569212570478911489
569218762907324416
569220232293720066
569221156504530944
569221440794271745
569222494952886272
569223788639821824
569224234150404096
569226875349835776
569229785500680192
569230983075115010
569236251129163777
569236471690829825
569237252154372097
569238877178716161
569240250192670720
569244860286263297
569247394002563072
569247769166266368
569248400836726786
569248437050302464
569250469178175488
569253236093267969
569253311813185537
569260526976544768
569261128532041728
569261347688607744
569262225900359680
569262527281913857
569263837448269826
569277352129138688
569277854950817792
569282249717194754
569290361870426112
569298165855338497
569303931916038144
569304030847090688
569304208534597632
569304436612444160
569305113589714944
569310635986546688
569311060903268352
569311498301870080
569316358845911040
569318130356502528
569318651502989312
569323082701275138
569323106210152448
569324558999691264
569348775631675392
569351220097216512
569354267854704641
569356387785900032
569368160291463168
569369239183872000
569374011131453441
569385087424458752
569429411646156800
569447071910105089
569452063920226304
569459618881019905
569461469042966528
569477692166316033
569482263345307648
569494748341407744
569540405676654592
569541127340040192
569562202405019650
569564610837086209
569564853460807680
569566981835218944
569572740723712001
569572942381649920
569574961158815745
569574973662232576
569575003248676864
569575679722786816
569580805036453888
569586660909973504
569594386066984960
569596097540132864
569596445680115712
569599867716132864
569608328998887424
569609971383586817
569614024578600960
569614365755899905
569615109363929088
569616490380439552
569618527948115968
569619569372823552
569620102389350401
569625609799774208
569625739231948800
569627480425766912
569630092273410048
569633279546036224
569633630978310145
569634318349246464
569642845516275712
569643262459269120
569649116487290880
569652497947734017
569666477265018881
569674358135914496
569675144353828864
569714127792254976
569737603617943552
569741221783957504
569748316776325120
569770363623575552
569774078233419776
569777607371128834
569814339785338880
569847920192655361
569861209781989377
569869892960133120
569872058613673984
569873664612704256
569873665640292353
569873668131717120
569873669700358144
569875430951542784
569881548515708928
569884407852437504
569884551712886785
569887049446076416
569887310713479168
569891436100874241
569891469210755074
569892199690678272
569894407001939968
569894449620369408
569896805611089920
569899917935714305
569907336485019648
569909224521641984
569910981868060673
569911218942517248
569911674158731264
569911816937033728
569913339427434496
569915941192015872
569919041244147712
569920824905306113
569922008588222465
569923394990419968
569926998824394752
569929243146088448
569929973156327424
569933360564342784
569933405506310144
569933777931145216
569933816963342337
569934395865493504
569935232033366017
569940323746516993
569940834994401280
569941957490774016
569942903683813376
569946362126602240
569948966873370625
569949891163615232
569961866224652288
569967019958730753
569972508499283968
569973821396152323
569976620158578688
569981026598043648
569982307634794497
569986348041547778
569986782567071744
569987622484848640
569989034501500928
569989321698074624
569989504431316993
569990163209850881
569990222609412097
569996245462159361
569996412286582784
570000071644872704
570001194900426752
570004391731847169
570006886012973056
570009035455344640
570009713447825408
570010539499393025
570010571707256832
570011341483843584
570012257549070337
570013523650048002
570015408788414464
570016304284901379
570025482344898560
570033593394667521
570035876845084672
570038941497192448
570045393565691904
570051381534396416
570051991277342720
570076792993611776
570084582780899328
570088404156698625
570094701371469825
570114021854212096
570124596180955136
570207886493782019
570217831557677057
570239632807370753
570249102404923392
570256553502068736
570258822297579520
570259420287868928
570264145116819457
570265883513384960
570267956648792064
570270684619923457
570276917301137409
570277724385734656
570282469121007616
570285904809598977
570287408438120448
570289584061480960
570289724453216256
570291813912858625
570294189143031808
570295459631263746
570299953286942721
570300248553349120
570300616901320704
570300767074181121
570300817074462722
570301031407624196
570301083672813571
570301130888122368
570306133677760513
567726092518031360
567727292739092480
567728227465310208
567735941846937600
567742148603170816
567742578561650688
567742937325260801
567744381432516608
567745903474540545
567748973910163457
567753757702647810
567755402943930368
567759012806029312
567762071258152960
567767269120688128
567769981128282113
567770107062284288
567772685472915456
567783687980367872
567785191901376512
567785481161953280
567786199415136256
567786760287096832
567787873778278400
567789974717747200
567790272265887744
567792185832394752
567796863467839488
567806467974365184
567806872410161152
567806884191944705
567806905617281024
567807278964023296
567807288192290816
567807640660619267
567807967706488832
567810209088847873
567811428779868160
567812402764374016
567813046811525120
567814795895787520
567823564167192576
567828603976597504
567829051559186432
567845203014377472
567845726220357632
567846970141716481
567847163465764864
567849200295124992
567849520781893632
567855171335626752
567858317831249920
567873698679623680
567893201719156736
567899492885745664
567908796917420032
567946319349706753
567971610801664000
567971836321009664
567972174398689280
567972416846217216
568011935347838977
568017135236022273
568050777744379904
568053134439788546
568054702635483136
568058610296565760
568059129601724416
568061922265804802
568064123621093377
568068214325784576
568068513224654848
568079278505463808
568083179023650818
568086068328681473
568088472772157440
568093957080551424
568095440517754881
568100090390425600
568100257931747328
568101393111891968
568104264733573122
568104519633993728
568114097142652928
568119079371997186
568120102660341760
568122723915862016
568132204712370178
568132935037132800
568136946016522240
568140010458894338
568140092453179394
568142526110019584
568144330268868608
568146157534367744
568148652352544769
568150150289461249
568157680696729600
568165573869199361
568174745293709313
568189531033174016
568193116437483520
568195292803129345
568199730989174784
568203174198284288
568204182676578304
568204964742496256
568209028188233728
568216286561374208
568218962833461248
568239036533497856
568240364315783168
568245360998658048
568259485413715969
568265552583479296
568279994876571649
568303606710956032
568307768551026688
568349321634013184
568364437599436800
568382154071089154
568391084210036736
568392783922372608
568406048777900032
568423029371334656
568428224813916160
568429677779365888
568432117539065856
568434482270707712
568437415603507200
568440278853525504
568447216156692480
568451468560187393
568452186977361921
568452676452806656
568456334581981184
568457140894969856
568458513636134913
568460512553353216
568463244035289088
568463892453724160
568469942711885825
568472719102234624
568476562376531969
568478510538493952
568481985221537792
568483491819753472
568483591623208961
568490223417602050
568491256508231680
568492682152189952
568495808053702656
568496820604821505
568511474580066304
568511755040657409
568517447847780353
568517565548339200
568518985056002049
568519971971538945
568522203198697474
568525368572817408
568526847320784896
568532221180534784
568536882012749824
568541317816561664
568543525505089536
568553610981740544
568571772251082752
568572344056180737
568576829000425472
568577243200376833
568579880046227457
568585196699664384
568595620002279424
568602941940043776
568604690767872000
568605449659895808
568607562251108352
568608718994026496
568626625857728513
568629385105793024
568630879246901248
568632394929958912
568633361595412481
568643040073506816
568646087361355776
568662343170674688
568663147189415936
568689188377403392
568735060104511488
568769672922812418
568775898234798081
568781819233091584
568790164404899840
568791035297468416
568792520337039360
568795139512127488
568795484283736064
568800805475782656
568802396907835393
568803996774879232
568805696780824576
568811384437411840
568812046747201537
568815689684815873
568823689422053376
568824637267685377
568828112626012160
568828648687591424
568830133626253312
568830466830151680
568833739192557569
568837602071203840
568838020041809920
568840560347373569
568840724700995584
568845553104068609
568847512372514816
568850943359496192
568850967673896960
568853685855334400
568855933360607232
568864815654899712
568865011717705730
568867068331864064
568868127364096000
568874645564362752
568882014415249408
568884848632279041
568890062286385153
568890074164809728
568897315458691072
568898405189038080
568901823215448064
568910590921609216
568911350656675841
568920221882257408
568920614716600320
568923762764095488
568926018049691648
568928605226426370
568928741298012160
568929026644975616
568929979981033472
568940002849255425
568942331921092608
568943244027006976
568945265899483136
568945958970531840
568972394297077760
568977175149293570
568977439398821888
568989005162766337
569011849976348672
569018352464588800
569020707113476096
569022319437357056
569028851860254720
569083230361673728
569110766235877376
569165709516759042
569176777056079874
569179517522046977
569180623165915137
569182336715243520
569192778468626432
569197515993534464
569197611393163264
569197967959154688
569198104806699008
569198782421663745
569200606595952640
569200619430420480
569201943131738113
569202691185909760
569204272795004928
569205125278859265
569208480793567233
569209566715469824
569211675108179968
569212570478911489
569218762907324416
569220232293720066
569221156504530944
569221440794271745
569222494952886272
569223788639821824
569224234150404096
569226875349835776
569229785500680192
569230983075115010
569236251129163777
569236471690829825
569237252154372097
569238877178716161
569240250192670720
569244860286263297
569247394002563072
569247769166266368
569248400836726786
569248437050302464
569250469178175488
569253236093267969
569253311813185537
569260526976544768
569261128532041728
569261347688607744
569262225900359680
569262527281913857
569263837448269826
569277352129138688
569277854950817792
569282249717194754
569290361870426112
569298165855338497
569303931916038144
569304030847090688
569304208534597632
569304436612444160
569305113589714944
569310635986546688
569311060903268352
569311498301870080
569316358845911040
569318130356502528
569318651502989312
569323082701275138
569323106210152448
569324558999691264
569348775631675392
569351220097216512
569354267854704641
569356387785900032
569368160291463168
569369239183872000
569374011131453441
569385087424458752
569429411646156800
569447071910105089
569452063920226304
569459618881019905
569461469042966528
569477692166316033
569482263345307648
569494748341407744
569540405676654592
569541127340040192
569562202405019650
569564610837086209
569564853460807680
569566981835218944
569572740723712001
569572942381649920
569574961158815745
569574973662232576
569575003248676864
569575679722786816
569580805036453888
569586660909973504
569594386066984960
569596097540132864
569596445680115712
569599867716132864
569608328998887424
569609971383586817
569614024578600960
569614365755899905
569615109363929088
569616490380439552
569618527948115968
569619569372823552
569620102389350401
569625609799774208
569625739231948800
569627480425766912
569630092273410048
569633279546036224
569633630978310145
569634318349246464
569642845516275712
569643262459269120
569649116487290880
569652497947734017
569666477265018881
569674358135914496
569675144353828864
569714127792254976
569737603617943552
569741221783957504
569748316776325120
569770363623575552
569774078233419776
569777607371128834
569814339785338880
569847920192655361
569861209781989377
569869892960133120
569872058613673984
569873664612704256
569873665640292353
569873668131717120
569873669700358144
569875430951542784
569881548515708928
569884407852437504
569884551712886785
569887049446076416
569887310713479168
569891436100874241
569891469210755074
569892199690678272
569894407001939968
569894449620369408
569896805611089920
569899917935714305
569907336485019648
569909224521641984
569910981868060673
569911218942517248
569911674158731264
569911816937033728
569913339427434496
569915941192015872
569919041244147712
569920824905306113
569922008588222465
569923394990419968
569926998824394752
569929243146088448
569929973156327424
569933360564342784
569933405506310144
569933777931145216
569933816963342337
569934395865493504
569935232033366017
569940323746516993
569940834994401280
569941957490774016
569942903683813376
569946362126602240
569948966873370625
569949891163615232
569961866224652288
569967019958730753
569972508499283968
569973821396152323
569976620158578688
569981026598043648
569982307634794497
569986348041547778
569986782567071744
569987622484848640
569989034501500928
569989321698074624
569989504431316993
569990163209850881
569990222609412097
569996245462159361
569996412286582784
570000071644872704
570001194900426752
570004391731847169
570006886012973056
570009035455344640
570009713447825408
570010539499393025
570010571707256832
570011341483843584
570012257549070337
570013523650048002
570015408788414464
570016304284901379
570025482344898560
570033593394667521
570035876845084672
570038941497192448
570045393565691904
570051381534396416
570051991277342720
570076792993611776
570084582780899328
570088404156698625
570094701371469825
570114021854212096
570124596180955136
570207886493782019
570217831557677057
570239632807370753
570249102404923392
570256553502068736
570258822297579520
570259420287868928
570264145116819457
570265883513384960
570267956648792064
570270684619923457
570276917301137409
570277724385734656
570282469121007616
570285904809598977
570287408438120448
570289584061480960
570289724453216256
570291813912858625
570294189143031808
570295459631263746
570299953286942721
570300248553349120
570300616901320704
570300767074181121
570300817074462722
570301031407624196
570301083672813571
570301130888122368
570306133677760513
567726092518031360
567727292739092480
567728227465310208
567735941846937600
567742148603170816
567742578561650688
567742937325260801
567744381432516608
567745903474540545
567748973910163457
567753757702647810
567755402943930368
567759012806029312
567762071258152960
567767269120688128
567769981128282113
567770107062284288
567772685472915456
567783687980367872
567785191901376512
567785481161953280
567786199415136256
567786760287096832
567787873778278400
567789974717747200
567790272265887744
567792185832394752
567796863467839488
567806467974365184
567806872410161152
567806884191944705
567806905617281024
567807278964023296
567807288192290816
567807640660619267
567807967706488832
567810209088847873
567811428779868160
567812402764374016
567813046811525120
567814795895787520
567823564167192576
567828603976597504
567829051559186432
567845203014377472
567845726220357632
567846970141716481
567847163465764864
567849200295124992
567849520781893632
567855171335626752
567858317831249920
567873698679623680
567893201719156736
567899492885745664
567908796917420032
567946319349706753
567971610801664000
567971836321009664
567972174398689280
567972416846217216
568011935347838977
568017135236022273
568050777744379904
568053134439788546
568054702635483136
568058610296565760
568059129601724416
568061922265804802
568064123621093377
568068214325784576
568068513224654848
568079278505463808
568083179023650818
568086068328681473
568088472772157440
568093957080551424
568095440517754881
568100090390425600
568100257931747328
568101393111891968
568104264733573122
568104519633993728
568114097142652928
568119079371997186
568120102660341760
568122723915862016
568132204712370178
568132935037132800
568136946016522240
568140010458894338
568140092453179394
568142526110019584
568144330268868608
568146157534367744
568148652352544769
568150150289461249
568157680696729600
568165573869199361
568174745293709313
568189531033174016
568193116437483520
568195292803129345
568199730989174784
568203174198284288
568204182676578304
568204964742496256
568209028188233728
568216286561374208
568218962833461248
568239036533497856
568240364315783168
568245360998658048
568259485413715969
568265552583479296
568279994876571649
568303606710956032
568307768551026688
568349321634013184
568364437599436800
568382154071089154
568391084210036736
568392783922372608
568406048777900032
568423029371334656
568428224813916160
568429677779365888
568432117539065856
568434482270707712
568437415603507200
568440278853525504
568447216156692480
568451468560187393
568452186977361921
568452676452806656
568456334581981184
568457140894969856
568458513636134913
568460512553353216
568463244035289088
568463892453724160
568469942711885825
568472719102234624
568476562376531969
568478510538493952
568481985221537792
568483491819753472
568483591623208961
568490223417602050
568491256508231680
568492682152189952
568495808053702656
568496820604821505
568511474580066304
568511755040657409
568517447847780353
568517565548339200
568518985056002049
568519971971538945
568522203198697474
568525368572817408
568526847320784896
568532221180534784
568536882012749824
568541317816561664
568543525505089536
568553610981740544
568571772251082752
568572344056180737
568576829000425472
568577243200376833
568579880046227457
568585196699664384
568595620002279424
568602941940043776
568604690767872000
568605449659895808
568607562251108352
568608718994026496
568626625857728513
568629385105793024
568630879246901248
568632394929958912
568633361595412481
568643040073506816
568646087361355776
568662343170674688
568663147189415936
568689188377403392
568735060104511488
568769672922812418
568775898234798081
568781819233091584
568790164404899840
568791035297468416
568792520337039360
568795139512127488
568795484283736064
568800805475782656
568802396907835393
568803996774879232
568805696780824576
568811384437411840
568812046747201537
568815689684815873
568823689422053376
568824637267685377
568828112626012160
568828648687591424
568830133626253312
568830466830151680
568833739192557569
568837602071203840
568838020041809920
568840560347373569
568840724700995584
568845553104068609
568847512372514816
568850943359496192
568850967673896960
568853685855334400
568855933360607232
568864815654899712
568865011717705730
568867068331864064
568868127364096000
568874645564362752
568882014415249408
568884848632279041
568890062286385153
568890074164809728
568897315458691072
568898405189038080
568901823215448064
568910590921609216
568911350656675841
568920221882257408
568920614716600320
568923762764095488
568926018049691648
568928605226426370
568928741298012160
568929026644975616
568929979981033472
568940002849255425
568942331921092608
568943244027006976
568945265899483136
568945958970531840
568972394297077760
568977175149293570
568977439398821888
568989005162766337
569011849976348672
569018352464588800
569020707113476096
569022319437357056
569028851860254720
569083230361673728
569110766235877376
569165709516759042
569176777056079874
569179517522046977
569180623165915137
569182336715243520
569192778468626432
569197515993534464
569197611393163264
569197967959154688
569198104806699008
569198782421663745
569200606595952640
569200619430420480
569201943131738113
569202691185909760
569204272795004928
569205125278859265
569208480793567233
569209566715469824
569211675108179968
569212570478911489
569218762907324416
569220232293720066
569221156504530944
569221440794271745
569222494952886272
569223788639821824
569224234150404096
569226875349835776
569229785500680192
569230983075115010
569236251129163777
569236471690829825
569237252154372097
569238877178716161
569240250192670720
569244860286263297
569247394002563072
569247769166266368
569248400836726786
569248437050302464
569250469178175488
569253236093267969
569253311813185537
569260526976544768
569261128532041728
569261347688607744
569262225900359680
569262527281913857
569263837448269826
569277352129138688
569277854950817792
569282249717194754
569290361870426112
569298165855338497
569303931916038144
569304030847090688
569304208534597632
569304436612444160
569305113589714944
569310635986546688
569311060903268352
569311498301870080
569316358845911040
569318130356502528
569318651502989312
569323082701275138
569323106210152448
569324558999691264
569348775631675392
569351220097216512
569354267854704641
569356387785900032
569368160291463168
569369239183872000
569374011131453441
569385087424458752
569429411646156800
569447071910105089
569452063920226304
569459618881019905
569461469042966528
569477692166316033
569482263345307648
569494748341407744
569540405676654592
569541127340040192
569562202405019650
569564610837086209
569564853460807680
569566981835218944
569572740723712001
569572942381649920
569574961158815745
569574973662232576
569575003248676864
569575679722786816
569580805036453888
569586660909973504
569594386066984960
569596097540132864
569596445680115712
569599867716132864
569608328998887424
569609971383586817
569614024578600960
569614365755899905
569615109363929088
569616490380439552
569618527948115968
569619569372823552
569620102389350401
569625609799774208
569625739231948800
569627480425766912
569630092273410048
569633279546036224
569633630978310145
569634318349246464
569642845516275712
569643262459269120
569649116487290880
569652497947734017
569666477265018881
569674358135914496
569675144353828864
569714127792254976
569737603617943552
569741221783957504
569748316776325120
569770363623575552
569774078233419776
569777607371128834
569814339785338880
569847920192655361
569861209781989377
569869892960133120
569872058613673984
569873664612704256
569873665640292353
569873668131717120
569873669700358144
569875430951542784
569881548515708928
569884407852437504
569884551712886785
569887049446076416
569887310713479168
569891436100874241
569891469210755074
569892199690678272
569894407001939968
569894449620369408
569896805611089920
569899917935714305
569907336485019648
569909224521641984
569910981868060673
569911218942517248
569911674158731264
569911816937033728
569913339427434496
569915941192015872
569919041244147712
569920824905306113
569922008588222465
569923394990419968
569926998824394752
569929243146088448
569929973156327424
569933360564342784
569933405506310144
569933777931145216
569933816963342337
569934395865493504
569935232033366017
569940323746516993
569940834994401280
569941957490774016
569942903683813376
569946362126602240
569948966873370625
569949891163615232
569961866224652288
569967019958730753
569972508499283968
569973821396152323
569976620158578688
569981026598043648
569982307634794497
569986348041547778
569986782567071744
569987622484848640
569989034501500928
569989321698074624
569989504431316993
569990163209850881
569990222609412097
569996245462159361
569996412286582784
570000071644872704
570001194900426752
570004391731847169
570006886012973056
570009035455344640
570009713447825408
570010539499393025
570010571707256832
570011341483843584
570012257549070337
570013523650048002
570015408788414464
570016304284901379
570025482344898560
570033593394667521
570035876845084672
570038941497192448
570045393565691904
570051381534396416
570051991277342720
570076792993611776
570084582780899328
570088404156698625
570094701371469825
570114021854212096
570124596180955136
570207886493782019
570217831557677057
570239632807370753
570249102404923392
570256553502068736
570258822297579520
570259420287868928
570264145116819457
570265883513384960
570267956648792064
570270684619923457
570276917301137409
570277724385734656
570282469121007616
570285904809598977
570287408438120448
570289584061480960
570289724453216256
570291813912858625
570294189143031808
570295459631263746
570299953286942721
570300248553349120
570300616901320704
570300767074181121
570300817074462722
570301031407624196
570301083672813571
570301130888122368
570306133677760513
567726092518031360
567727292739092480
567728227465310208
567735941846937600
567742148603170816
567742578561650688
567742937325260801
567744381432516608
567745903474540545
567748973910163457
567753757702647810
567755402943930368
567759012806029312
567762071258152960
567767269120688128
567769981128282113
567770107062284288
567772685472915456
567783687980367872
567785191901376512
567785481161953280
567786199415136256
567786760287096832
567787873778278400
567789974717747200
567790272265887744
567792185832394752
567796863467839488
567806467974365184
567806872410161152
567806884191944705
567806905617281024
567807278964023296
567807288192290816
567807640660619267
567807967706488832
567810209088847873
567811428779868160
567812402764374016
567813046811525120
567814795895787520
567823564167192576
567828603976597504
567829051559186432
567845203014377472
567845726220357632
567846970141716481
567847163465764864
567849200295124992
567849520781893632
567855171335626752
567858317831249920
567873698679623680
567893201719156736
567899492885745664
567908796917420032
567946319349706753
567971610801664000
567971836321009664
567972174398689280
567972416846217216
568011935347838977
568017135236022273
568050777744379904
568053134439788546
568054702635483136
568058610296565760
568059129601724416
568061922265804802
568064123621093377
568068214325784576
568068513224654848
568079278505463808
568083179023650818
568086068328681473
568088472772157440
568093957080551424
568095440517754881
568100090390425600
568100257931747328
568101393111891968
568104264733573122
568104519633993728
568114097142652928
568119079371997186
568120102660341760
568122723915862016
568132204712370178
568132935037132800
568136946016522240
568140010458894338
568140092453179394
568142526110019584
568144330268868608
568146157534367744
568148652352544769
568150150289461249
568157680696729600
568165573869199361
568174745293709313
568189531033174016
568193116437483520
568195292803129345
568199730989174784
568203174198284288
568204182676578304
568204964742496256
568209028188233728
568216286561374208
568218962833461248
568239036533497856
568240364315783168
568245360998658048
568259485413715969
568265552583479296
568279994876571649
568303606710956032
568307768551026688
568349321634013184
568364437599436800
568382154071089154
568391084210036736
568392783922372608
568406048777900032
568423029371334656
568428224813916160
568429677779365888
568432117539065856
568434482270707712
568437415603507200
568440278853525504
568447216156692480
568451468560187393
568452186977361921
568452676452806656
568456334581981184
568457140894969856
568458513636134913
568460512553353216
568463244035289088
568463892453724160
568469942711885825
568472719102234624
568476562376531969
568478510538493952
568481985221537792
568483491819753472
568483591623208961
568490223417602050
568491256508231680
568492682152189952
568495808053702656
568496820604821505
568511474580066304
568511755040657409
568517447847780353
568517565548339200
568518985056002049
568519971971538945
568522203198697474
568525368572817408
568526847320784896
568532221180534784
568536882012749824
568541317816561664
568543525505089536
568553610981740544
568571772251082752
568572344056180737
568576829000425472
568577243200376833
568579880046227457
568585196699664384
568595620002279424
568602941940043776
568604690767872000
568605449659895808
568607562251108352
568608718994026496
568626625857728513
568629385105793024
568630879246901248
568632394929958912
568633361595412481
568643040073506816
568646087361355776
568662343170674688
568663147189415936
568689188377403392
568735060104511488
568769672922812418
568775898234798081
568781819233091584
568790164404899840
568791035297468416
568792520337039360
568795139512127488
568795484283736064
568800805475782656
568802396907835393
568803996774879232
568805696780824576
568811384437411840
568812046747201537
568815689684815873
568823689422053376
568824637267685377
568828112626012160
568828648687591424
568830133626253312
568830466830151680
568833739192557569
568837602071203840
568838020041809920
568840560347373569
568840724700995584
568845553104068609
568847512372514816
568850943359496192
568850967673896960
568853685855334400
568855933360607232
568864815654899712
568865011717705730
568867068331864064
568868127364096000
568874645564362752
568882014415249408
568884848632279041
568890062286385153
568890074164809728
568897315458691072
568898405189038080
568901823215448064
568910590921609216
568911350656675841
568920221882257408
568920614716600320
568923762764095488
568926018049691648
568928605226426370
568928741298012160
568929026644975616
568929979981033472
568940002849255425
568942331921092608
568943244027006976
568945265899483136
568945958970531840
568972394297077760
568977175149293570
568977439398821888
568989005162766337
569011849976348672
569018352464588800
569020707113476096
569022319437357056
569028851860254720
569083230361673728
569110766235877376
569165709516759042
569176777056079874
569179517522046977
569180623165915137
569182336715243520
569192778468626432
569197515993534464
569197611393163264
569197967959154688
569198104806699008
569198782421663745
569200606595952640
569200619430420480
569201943131738113
569202691185909760
569204272795004928
569205125278859265
569208480793567233
569209566715469824
569211675108179968
569212570478911489
569218762907324416
569220232293720066
569221156504530944
569221440794271745
569222494952886272
569223788639821824
569224234150404096
569226875349835776
569229785500680192
569230983075115010
569236251129163777
569236471690829825
569237252154372097
569238877178716161
569240250192670720
569244860286263297
569247394002563072
569247769166266368
569248400836726786
569248437050302464
569250469178175488
569253236093267969
569253311813185537
569260526976544768
569261128532041728
569261347688607744
569262225900359680
569262527281913857
569263837448269826
569277352129138688
569277854950817792
569282249717194754
569290361870426112
569298165855338497
569303931916038144
569304030847090688
569304208534597632
569304436612444160
569305113589714944
569310635986546688
569311060903268352
569311498301870080
569316358845911040
569318130356502528
569318651502989312
569323082701275138
569323106210152448
569324558999691264
569348775631675392
569351220097216512
569354267854704641
569356387785900032
569368160291463168
569369239183872000
569374011131453441
569385087424458752
569429411646156800
569447071910105089
569452063920226304
569459618881019905
569461469042966528
569477692166316033
569482263345307648
569494748341407744
569540405676654592
569541127340040192
569562202405019650
569564610837086209
569564853460807680
569566981835218944
569572740723712001
569572942381649920
569574961158815745
569574973662232576
569575003248676864
569575679722786816
569580805036453888
569586660909973504
569594386066984960
569596097540132864
569596445680115712
569599867716132864
569608328998887424
569609971383586817
569614024578600960
569614365755899905
569615109363929088
569616490380439552
569618527948115968
569619569372823552
569620102389350401
569625609799774208
569625739231948800
569627480425766912
569630092273410048
569633279546036224
569633630978310145
569634318349246464
569642845516275712
569643262459269120
569649116487290880
569652497947734017
569666477265018881
569674358135914496
569675144353828864
569714127792254976
569737603617943552
569741221783957504
569748316776325120
569770363623575552
569774078233419776
569777607371128834
569814339785338880
569847920192655361
569861209781989377
569869892960133120
569872058613673984
569873664612704256
569873665640292353
569873668131717120
569873669700358144
569875430951542784
569881548515708928
569884407852437504
569884551712886785
569887049446076416
569887310713479168
569891436100874241
569891469210755074
569892199690678272
569894407001939968
569894449620369408
569896805611089920
569899917935714305
569907336485019648
569909224521641984
569910981868060673
569911218942517248
569911674158731264
569911816937033728
569913339427434496
569915941192015872
569919041244147712
569920824905306113
569922008588222465
569923394990419968
569926998824394752
569929243146088448
569929973156327424
569933360564342784
569933405506310144
569933777931145216
569933816963342337
569934395865493504
569935232033366017
569940323746516993
569940834994401280
569941957490774016
569942903683813376
569946362126602240
569948966873370625
569949891163615232
569961866224652288
569967019958730753
569972508499283968
569973821396152323
569976620158578688
569981026598043648
569982307634794497
569986348041547778
569986782567071744
569987622484848640
569989034501500928
569989321698074624
569989504431316993
569990163209850881
569990222609412097
569996245462159361
569996412286582784
570000071644872704
570001194900426752
570004391731847169
570006886012973056
570009035455344640
570009713447825408
570010539499393025
570010571707256832
570011341483843584
570012257549070337
570013523650048002
570015408788414464
570016304284901379
570025482344898560
570033593394667521
570035876845084672
570038941497192448
570045393565691904
570051381534396416
570051991277342720
570076792993611776
570084582780899328
570088404156698625
570094701371469825
570114021854212096
570124596180955136
570207886493782019
570217831557677057
570239632807370753
570249102404923392
570256553502068736
570258822297579520
570259420287868928
570264145116819457
570265883513384960
570267956648792064
570270684619923457
570276917301137409
570277724385734656
570282469121007616
570285904809598977
570287408438120448
570289584061480960
570289724453216256
570291813912858625
570294189143031808
570295459631263746
570299953286942721
570300248553349120
570300616901320704
570300767074181121
570300817074462722
570301031407624196
570301083672813571
570301130888122368
570306133677760513
