567725820056068096
567729658276237312
567731738924032000
567736505477918722
567740403755909120
567758296417718272
567761790357209088
567765457731624960
567777885277405184
567789902633664512
567792433687175168
567803306928775168
567807269707206657
567807786748284928
567830279809937408
567841954484068353
567850537716092928
567859008230563840
567862454576787456
567864939349557248
567882603405008896
567883674462588929
567987284613545984
568056050877919232
568059091848962048
568066161922977792
568085949663584256
568086073814827008
568105765442945024
568111819325366273
568121659988824064
568135319876468736
568148149610483712
568153578453524480
568161284249796608
568167917004718080
568168460468895745
568176390325075968
568182544124014592
568191336764948480
568203174198284288
568208027775569920
568240338164252672
568274949275824128
568364074427420672
568385303267782656
568388846125223936
568425272304934912
568429798604857344
568430681367453696
568437028205035520
568442077400436736
568448282239713280
568453351479721986
568467055747313664
568467286333513728
568499953041080321
568518985056002049
568527922576777216
568544211370418176
568564342150598656
568574989688901632
568579388704292864
568589732520665089
568603081274986496
568604735772741632
568611700674584576
568616966191226880
568631243228762112
568634467587264512
568645962425446401
568672467889176577
568761600359993344
568767144407789569
568770442292551680
568794248654426112
568796018348724226
568798853656223745
568805605432958976
568823136600371200
568823689422053376
568827397103099904
568854082536001536
568862914154770432
568875674552807425
568908838784475136
568915741551886336
568938647795314688
568963494390820864
568969519252680706
568976326666768384
568977175149293570
568979232786939904
568981931599237120
568987808792223744
569089890173874176
569096740676222976
569102942088900608
569134299024367616
569144056305074176
569148485519462400
569190678758080512
569196231546830848
569219656482824192
569231984334995456
569235062862036992
569235531973832704
569235773645410304
569240866684071936
569273409252827137
569275466936397825
569282249717194754
569293965448458240
569308552671707136
569310249859080192
569327066887401473
569332471193595904
569333637382053889
569341791482220545
569345076406693888
569353454914662400
569355923396780032
569357781402308608
569357810867138560
569366383458275329
569370553963786241
569416236171456513
569456828511326208
569457148129779714
569489752732274688
569491346647445505
569492208203776000
569504946120298496
569513151517073408
569515731022454784
569525679823425536
569525684864983041
569533202835984385
569533394025099265
569539746348675073
569544528299995137
569549686857736193
569555930028748800
569558153202774016
569559847131164672
569577434657492992
569584885108748290
569586660909973504
569591533617307648
569596778426855426
569597742693154816
569598155999674368
569598406181695488
569598915722518528
569599260288819201
569599532268449792
569600989055086592
569610759795314688
569616634601717760
569621808963395585
569623948767268864
569626882053787649
569629305023569922
569636454869151744
569640139288412160
569644637343711232
569654562031685632
569661154638872576
569665295381614594
569669129130647552
569669669948424192
569671454419079169
569672116750004226
569673981164277760
569682667362344960
569685165565308928
569691100090273792
569691574625415168
569692664720797696
569704066760232960
569713244320837633
569714230842302464
569717605277130752
569718465034096640
569719540520628224
569720008630149120
569738748885278720
569744079027896320
569754550187352064
567725820056068096
567729658276237312
567731738924032000
567736505477918722
567740403755909120
567758296417718272
567761790357209088
567765457731624960
567777885277405184
567789902633664512
567792433687175168
567803306928775168
567807269707206657
567807786748284928
567830279809937408
567841954484068353
567850537716092928
567859008230563840
567862454576787456
567864939349557248
567882603405008896
567883674462588929
567987284613545984
568056050877919232
568059091848962048
568066161922977792
568085949663584256
568086073814827008
568105765442945024
568111819325366273
568121659988824064
568135319876468736
568148149610483712
568153578453524480
568161284249796608
568167917004718080
568168460468895745
568176390325075968
568182544124014592
568191336764948480
568203174198284288
568208027775569920
568240338164252672
568274949275824128
568364074427420672
568385303267782656
568388846125223936
568425272304934912
568429798604857344
568430681367453696
568437028205035520
568442077400436736
568448282239713280
568453351479721986
568467055747313664
568467286333513728
568499953041080321
568518985056002049
568527922576777216
568544211370418176
568564342150598656
568574989688901632
568579388704292864
568589732520665089
568603081274986496
568604735772741632
568611700674584576
568616966191226880
568631243228762112
568634467587264512
568645962425446401
568672467889176577
568761600359993344
568767144407789569
568770442292551680
568794248654426112
568796018348724226
568798853656223745
568805605432958976
568823136600371200
568823689422053376
568827397103099904
568854082536001536
568862914154770432
568875674552807425
568908838784475136
568915741551886336
568938647795314688
568963494390820864
568969519252680706
568976326666768384
568977175149293570
568979232786939904
568981931599237120
568987808792223744
569089890173874176
569096740676222976
569102942088900608
569134299024367616
569144056305074176
569148485519462400
569190678758080512
569196231546830848
569219656482824192
569231984334995456
569235062862036992
569235531973832704
569235773645410304
569240866684071936
569273409252827137
569275466936397825
569282249717194754
569293965448458240
569308552671707136
569310249859080192
569327066887401473
569332471193595904
569333637382053889
569341791482220545
569345076406693888
569353454914662400
569355923396780032
569357781402308608
569357810867138560
569366383458275329
569370553963786241
569416236171456513
569456828511326208
569457148129779714
569489752732274688
569491346647445505
569492208203776000
569504946120298496
569513151517073408
569515731022454784
569525679823425536
569525684864983041
569533202835984385
569533394025099265
569539746348675073
569544528299995137
569549686857736193
569555930028748800
569558153202774016
569559847131164672
569577434657492992
569584885108748290
569586660909973504
569591533617307648
569596778426855426
569597742693154816
569598155999674368
569598406181695488
569598915722518528
569599260288819201
569599532268449792
569600989055086592
569610759795314688
569616634601717760
569621808963395585
569623948767268864
569626882053787649
569629305023569922
569636454869151744
569640139288412160
569644637343711232
569654562031685632
569661154638872576
569665295381614594
569669129130647552
569669669948424192
569671454419079169
569672116750004226
569673981164277760
569682667362344960
569685165565308928
569691100090273792
569691574625415168
569692664720797696
569704066760232960
569713244320837633
569714230842302464
569717605277130752
569718465034096640
569719540520628224
569720008630149120
569738748885278720
569744079027896320
569754550187352064
569827608193585152
569828681297870848
569837381261533185
569837686367744000
567725820056068096
567729658276237312
567731738924032000
567736505477918722
567740403755909120
567758296417718272
567761790357209088
567765457731624960
567777885277405184
567789902633664512
567792433687175168
567803306928775168
567807269707206657
567807786748284928
567830279809937408
567841954484068353
567850537716092928
567859008230563840
567862454576787456
567864939349557248
567882603405008896
567883674462588929
567987284613545984
568056050877919232
568059091848962048
568066161922977792
568085949663584256
568086073814827008
568105765442945024
568111819325366273
568121659988824064
568135319876468736
568148149610483712
568153578453524480
568161284249796608
568167917004718080
568168460468895745
568176390325075968
568182544124014592
568191336764948480
568203174198284288
568208027775569920
568240338164252672
568274949275824128
568364074427420672
568385303267782656
568388846125223936
568425272304934912
568429798604857344
568430681367453696
568437028205035520
568442077400436736
568448282239713280
568453351479721986
568467055747313664
568467286333513728
568499953041080321
568518985056002049
568527922576777216
568544211370418176
568564342150598656
568574989688901632
568579388704292864
568589732520665089
568603081274986496
568604735772741632
568611700674584576
568616966191226880
568631243228762112
568634467587264512
568645962425446401
568672467889176577
568761600359993344
568767144407789569
568770442292551680
568794248654426112
568796018348724226
568798853656223745
568805605432958976
568823136600371200
568823689422053376
568827397103099904
568854082536001536
568862914154770432
568875674552807425
568908838784475136
568915741551886336
568938647795314688
568963494390820864
568969519252680706
568976326666768384
568977175149293570
568979232786939904
568981931599237120
568987808792223744
569089890173874176
569096740676222976
569102942088900608
569134299024367616
569144056305074176
569148485519462400
569190678758080512
569196231546830848
569219656482824192
569231984334995456
569235062862036992
569235531973832704
569235773645410304
569240866684071936
569273409252827137
569275466936397825
569282249717194754
569293965448458240
569308552671707136
569310249859080192
569327066887401473
569332471193595904
569333637382053889
569341791482220545
569345076406693888
569353454914662400
569355923396780032
569357781402308608
569357810867138560
569366383458275329
569370553963786241
569416236171456513
569456828511326208
569457148129779714
569489752732274688
569491346647445505
569492208203776000
569504946120298496
569513151517073408
569515731022454784
569525679823425536
569525684864983041
569533202835984385
569533394025099265
569539746348675073
569544528299995137
569549686857736193
569555930028748800
569558153202774016
569559847131164672
569577434657492992
569584885108748290
569586660909973504
569591533617307648
569596778426855426
569597742693154816
569598155999674368
569598406181695488
569598915722518528
569599260288819201
569599532268449792
569600989055086592
569610759795314688
569616634601717760
569621808963395585
569623948767268864
569626882053787649
569629305023569922
569636454869151744
569640139288412160
569644637343711232
569654562031685632
569661154638872576
569665295381614594
569669129130647552
569669669948424192
569671454419079169
569672116750004226
569673981164277760
569682667362344960
569685165565308928
569691100090273792
569691574625415168
569692664720797696
569704066760232960
569713244320837633
569714230842302464
569717605277130752
569718465034096640
569719540520628224
569720008630149120
569738748885278720
569744079027896320
569754550187352064
569827608193585152
569828681297870848
569837381261533185
569837686367744000
569852657327738880
569856784086777856
569863229356310528
569866461172387841
569869960195006464
569872921700667392
569874553175810050
569883910735159297
569886537128632320
569886612538023936
569886683501473793
569892413235294208
569893516609847297
569910441423417345
569913595762311168
569921309439709184
569931387073105920
569937143314849792
569938119060955136
569939368598753280
569948356933332992
569948991569264640
569966422744395776
569968010431066112
569976628220182529
569983854464921601
569985288992264192
569997196298293249
569999790328541184
570000520083075072
570012421345005568
570012549631975424
570013116857237505
570014406320517120
570018532727103489
570022715072983041
570023321904943105
570034112863608832
570052545298759680
570053952856854528
570064443159089153
570070364723814402
570079868253298688
570081411715059712
570091216013955073
570101371409559552
570106573395087362
570108724636831745
570176385534300160
570180703746461696
570208992439312384
570226695724244992
570239998383038464
570247850858147840
570248991704788992
570257429486706688
570278202897276928
570286925556424705
570287886135918593
570290540274688001
570291213007491076
570291642550386689
570292976603295744
570295576446808065
570295637708816384
570295981985681409
570299182310944768
570299642887442433
570302060035497984
570302375510056960
