567851942627577856
569345829653254145
569550487474712576
567851942627577856
569345829653254145
569550487474712576
567851942627577856
569345829653254145
569550487474712576
569956564993310720
567851942627577856
569345829653254145
569550487474712576
569956564993310720
567851942627577856
569345829653254145
569550487474712576
569956564993310720
567851942627577856
569345829653254145
569550487474712576
569956564993310720
567851942627577856
569345829653254145
569550487474712576
569956564993310720
567851942627577856
569345829653254145
569550487474712576
569956564993310720
