567731585035014144
567733834964156417
567735337246806016
567735943424397312
567758248481415170
567759344360783872
567759874403344384
567760797062152192
567766329352921088
567771225104338944
567780392179351553
567786807224705027
567789974717747200
567804646157475840
567805339790475264
567808014725464064
567808843373105152
567810573002620928
567812709342822400
567813042576199680
567820352329523200
567822865844928512
567852278893416448
567859008230563840
567871439585435648
567924953976152064
567969280752521216
567997819560333313
568039498015223808
568045397408661504
568053242426470401
568053728944791552
568055537952284672
568055678201438208
568058224433340416
568069437506641920
568077199162658816
568083179023650818
568091794304401409
568092479452549120
568111402084401152
568116430966648833
568136521502605312
568140722240512001
568144589162287105
568147319155073024
568159685238329344
568162290890964992
568166390873653248
568170840174538752
568178665189711872
568184134666981376
568185092163678208
568196165780578304
568206092599218176
568208666035417088
568239189055176704
568244170848137217
568246970126438400
568259593773518848
568266890499346432
568270768989081600
568274855814152192
568332024802447361
568430681367453696
568435364349808640
568437450927955969
568438094652956673
568451468560187393
568456310972424192
568467366780264448
568478204190720000
568491668858662914
568498114300153856
568504198385373184
568534107875119105
568542018760286209
568554107952177152
568554411078889473
568554542897307648
568596145456291840
568598412544704512
568611966937214976
568617163465957377
568622671287566336
568624462863720448
568625636639506433
568627869225766912
568639359127150592
568652355346022400
568678201590996992
568773776638406656
568775800599801856
568789500727570432
568822571875098624
568827958527275008
568837168350699520
568849058523033601
568852204750135296
568854082536001536
568881357583097857
568894805914169345
568928741298012160
568942133698146306
568952850908213248
568954593591369728
568958322306650113
568982505551851520
568982915956277249
569015346624991232
569107706302357504
569126397161054208
569130479690981376
569135312175280128
569145957721505792
569150371706200064
569156321636847617
569190606276333568
569221589822083072
569247182475407360
569264328186179584
569275000232013825
569275476642013186
569288052725694464
569300135328530432
569305409925873664
569307561083703296
569322901691707392
569345132866220032
569373258010660864
569380376709238784
569408185125052416
569491295766343681
569492459258056704
569492838448300032
569493018081947649
569503983623999488
569507834930442241
569512252639981568
569523635171405824
569525679823425536
569525690615205888
569531018643955712
569540405676654592
569540668403662849
569565776010567680
569570013964689410
569584561312681984
569588138273865728
569604198033170432
569604328153083904
569604659712811009
569604777962643457
569607124772196352
569608328998887424
569610542723309568
569621228048089088
569621349095702528
569622568459636736
569622819283337218
569622857120137216
569626884549578752
569630885450002432
569644495517589504
569644766779936768
569645082414080000
569649779090833408
569649806202642432
569655861297049600
569657523944366080
569661852235509762
569663735217971200
569664265218600960
569667517146222592
569667821455708160
569668015047839744
569671454419079169
569675668524441600
569676217432977408
569677660890116096
569683558081687552
569683734951170048
569685692038557696
569691772000931840
569697809017864193
569700068476866560
569706754025660417
569709136813826049
569724822177095680
569728283568418816
569730716692393984
569738877969129472
569741986502041602
569745375713558528
569747411779735552
569788087481409537
569817130801221632
567731585035014144
567733834964156417
567735337246806016
567735943424397312
567758248481415170
567759344360783872
567759874403344384
567760797062152192
567766329352921088
567771225104338944
567780392179351553
567786807224705027
567789974717747200
567804646157475840
567805339790475264
567808014725464064
567808843373105152
567810573002620928
567812709342822400
567813042576199680
567820352329523200
567822865844928512
567852278893416448
567859008230563840
567871439585435648
567924953976152064
567969280752521216
567997819560333313
568039498015223808
568045397408661504
568053242426470401
568053728944791552
568055537952284672
568055678201438208
568058224433340416
568069437506641920
568077199162658816
568083179023650818
568091794304401409
568092479452549120
568111402084401152
568116430966648833
568136521502605312
568140722240512001
568144589162287105
568147319155073024
568159685238329344
568162290890964992
568166390873653248
568170840174538752
568178665189711872
568184134666981376
568185092163678208
568196165780578304
568206092599218176
568208666035417088
568239189055176704
568244170848137217
568246970126438400
568259593773518848
568266890499346432
568270768989081600
568274855814152192
568332024802447361
568430681367453696
568435364349808640
568437450927955969
568438094652956673
568451468560187393
568456310972424192
568467366780264448
568478204190720000
568491668858662914
568498114300153856
568504198385373184
568534107875119105
568542018760286209
568554107952177152
568554411078889473
568554542897307648
568596145456291840
568598412544704512
568611966937214976
568617163465957377
568622671287566336
568624462863720448
568625636639506433
568627869225766912
568639359127150592
568652355346022400
568678201590996992
568773776638406656
568775800599801856
568789500727570432
568822571875098624
568827958527275008
568837168350699520
568849058523033601
568852204750135296
568854082536001536
568881357583097857
568894805914169345
568928741298012160
568942133698146306
568952850908213248
568954593591369728
568958322306650113
568982505551851520
568982915956277249
569015346624991232
569107706302357504
569126397161054208
569130479690981376
569135312175280128
569145957721505792
569150371706200064
569156321636847617
569190606276333568
569221589822083072
569247182475407360
569264328186179584
569275000232013825
569275476642013186
569288052725694464
569300135328530432
569305409925873664
569307561083703296
569322901691707392
569345132866220032
569373258010660864
569380376709238784
569408185125052416
569491295766343681
569492459258056704
569492838448300032
569493018081947649
569503983623999488
569507834930442241
569512252639981568
569523635171405824
569525679823425536
569525690615205888
569531018643955712
569540405676654592
569540668403662849
569565776010567680
569570013964689410
569584561312681984
569588138273865728
569604198033170432
569604328153083904
569604659712811009
569604777962643457
569607124772196352
569608328998887424
569610542723309568
569621228048089088
569621349095702528
569622568459636736
569622819283337218
569622857120137216
569626884549578752
569630885450002432
569644495517589504
569644766779936768
569645082414080000
569649779090833408
569649806202642432
569655861297049600
569657523944366080
569661852235509762
569663735217971200
569664265218600960
569667517146222592
569667821455708160
569668015047839744
569671454419079169
569675668524441600
569676217432977408
569677660890116096
569683558081687552
569683734951170048
569685692038557696
569691772000931840
569697809017864193
569700068476866560
569706754025660417
569709136813826049
569724822177095680
569728283568418816
569730716692393984
569738877969129472
569741986502041602
569745375713558528
569747411779735552
569788087481409537
569817130801221632
569820671234060288
569837273828732928
569837686367744000
569843359029850112
567731585035014144
567733834964156417
567735337246806016
567735943424397312
567758248481415170
567759344360783872
567759874403344384
567760797062152192
567766329352921088
567771225104338944
567780392179351553
567786807224705027
567789974717747200
567804646157475840
567805339790475264
567808014725464064
567808843373105152
567810573002620928
567812709342822400
567813042576199680
567820352329523200
567822865844928512
567852278893416448
567859008230563840
567871439585435648
567924953976152064
567969280752521216
567997819560333313
568039498015223808
568045397408661504
568053242426470401
568053728944791552
568055537952284672
568055678201438208
568058224433340416
568069437506641920
568077199162658816
568083179023650818
568091794304401409
568092479452549120
568111402084401152
568116430966648833
568136521502605312
568140722240512001
568144589162287105
568147319155073024
568159685238329344
568162290890964992
568166390873653248
568170840174538752
568178665189711872
568184134666981376
568185092163678208
568196165780578304
568206092599218176
568208666035417088
568239189055176704
568244170848137217
568246970126438400
568259593773518848
568266890499346432
568270768989081600
568274855814152192
568332024802447361
568430681367453696
568435364349808640
568437450927955969
568438094652956673
568451468560187393
568456310972424192
568467366780264448
568478204190720000
568491668858662914
568498114300153856
568504198385373184
568534107875119105
568542018760286209
568554107952177152
568554411078889473
568554542897307648
568596145456291840
568598412544704512
568611966937214976
568617163465957377
568622671287566336
568624462863720448
568625636639506433
568627869225766912
568639359127150592
568652355346022400
568678201590996992
568773776638406656
568775800599801856
568789500727570432
568822571875098624
568827958527275008
568837168350699520
568849058523033601
568852204750135296
568854082536001536
568881357583097857
568894805914169345
568928741298012160
568942133698146306
568952850908213248
568954593591369728
568958322306650113
568982505551851520
568982915956277249
569015346624991232
569107706302357504
569126397161054208
569130479690981376
569135312175280128
569145957721505792
569150371706200064
569156321636847617
569190606276333568
569221589822083072
569247182475407360
569264328186179584
569275000232013825
569275476642013186
569288052725694464
569300135328530432
569305409925873664
569307561083703296
569322901691707392
569345132866220032
569373258010660864
569380376709238784
569408185125052416
569491295766343681
569492459258056704
569492838448300032
569493018081947649
569503983623999488
569507834930442241
569512252639981568
569523635171405824
569525679823425536
569525690615205888
569531018643955712
569540405676654592
569540668403662849
569565776010567680
569570013964689410
569584561312681984
569588138273865728
569604198033170432
569604328153083904
569604659712811009
569604777962643457
569607124772196352
569608328998887424
569610542723309568
569621228048089088
569621349095702528
569622568459636736
569622819283337218
569622857120137216
569626884549578752
569630885450002432
569644495517589504
569644766779936768
569645082414080000
569649779090833408
569649806202642432
569655861297049600
569657523944366080
569661852235509762
569663735217971200
569664265218600960
569667517146222592
569667821455708160
569668015047839744
569671454419079169
569675668524441600
569676217432977408
569677660890116096
569683558081687552
569683734951170048
569685692038557696
569691772000931840
569697809017864193
569700068476866560
569706754025660417
569709136813826049
569724822177095680
569728283568418816
569730716692393984
569738877969129472
569741986502041602
569745375713558528
569747411779735552
569788087481409537
569817130801221632
569820671234060288
569837273828732928
569837686367744000
569843359029850112
569847223829307392
569851855917830145
569870480993181698
569872444590129152
569875667245871104
569880374651650048
569897334760448000
569910943720669184
569916555154169856
569924101080535042
569936062039986176
569936861398994945
569950348908982273
569956170393194496
569959393917149189
569968886227050496
569969267589947394
569970287493705728
569972447329574912
569972721901277184
569974287286845441
569977008077148161
569980771424976896
570002805295095808
570012849067720704
570014685166219264
570018892031991808
570019099268358144
570023321904943105
570033309113131008
570035338925592577
570038498566283264
570059874480091136
570060273798631424
570073473952968705
570084217301962752
570085859132878848
570091270334509056
570096448571731968
570099970742886400
570119457286328320
570123495180410881
570135557151580160
570151995472027649
570175858469515264
570194141612789760
570204930520190978
570235244999270400
570242191685234688
570250940290342914
570254579578720256
570256553502068736
570259423987404800
570260118043914240
570261328511643648
570263827033432064
570267956648792064
570276681551732736
570284840752427008
570285070184898561
570287638084763648
570295405818335236
567731585035014144
567733834964156417
567735337246806016
567735943424397312
567758248481415170
567759344360783872
567759874403344384
567760797062152192
567766329352921088
567771225104338944
567780392179351553
567786807224705027
567789974717747200
567804646157475840
567805339790475264
567808014725464064
567808843373105152
567810573002620928
567812709342822400
567813042576199680
567820352329523200
567822865844928512
567852278893416448
567859008230563840
567871439585435648
567924953976152064
567969280752521216
567997819560333313
568039498015223808
568045397408661504
568053242426470401
568053728944791552
568055537952284672
568055678201438208
568058224433340416
568069437506641920
568077199162658816
568083179023650818
568091794304401409
568092479452549120
568111402084401152
568116430966648833
568136521502605312
568140722240512001
568144589162287105
568147319155073024
568159685238329344
568162290890964992
568166390873653248
568170840174538752
568178665189711872
568184134666981376
568185092163678208
568196165780578304
568206092599218176
568208666035417088
568239189055176704
568244170848137217
568246970126438400
568259593773518848
568266890499346432
568270768989081600
568274855814152192
568332024802447361
568430681367453696
568435364349808640
568437450927955969
568438094652956673
568451468560187393
568456310972424192
568467366780264448
568478204190720000
568491668858662914
568498114300153856
568504198385373184
568534107875119105
568542018760286209
568554107952177152
568554411078889473
568554542897307648
568596145456291840
568598412544704512
568611966937214976
568617163465957377
568622671287566336
568624462863720448
568625636639506433
568627869225766912
568639359127150592
568652355346022400
568678201590996992
568773776638406656
568775800599801856
568789500727570432
568822571875098624
568827958527275008
568837168350699520
568849058523033601
568852204750135296
568854082536001536
568881357583097857
568894805914169345
568928741298012160
568942133698146306
568952850908213248
568954593591369728
568958322306650113
568982505551851520
568982915956277249
569015346624991232
569107706302357504
569126397161054208
569130479690981376
569135312175280128
569145957721505792
569150371706200064
569156321636847617
569190606276333568
569221589822083072
569247182475407360
569264328186179584
569275000232013825
569275476642013186
569288052725694464
569300135328530432
569305409925873664
569307561083703296
569322901691707392
569345132866220032
569373258010660864
569380376709238784
569408185125052416
569491295766343681
569492459258056704
569492838448300032
569493018081947649
569503983623999488
569507834930442241
569512252639981568
569523635171405824
569525679823425536
569525690615205888
569531018643955712
569540405676654592
569540668403662849
569565776010567680
569570013964689410
569584561312681984
569588138273865728
569604198033170432
569604328153083904
569604659712811009
569604777962643457
569607124772196352
569608328998887424
569610542723309568
569621228048089088
569621349095702528
569622568459636736
569622819283337218
569622857120137216
569626884549578752
569630885450002432
569644495517589504
569644766779936768
569645082414080000
569649779090833408
569649806202642432
569655861297049600
569657523944366080
569661852235509762
569663735217971200
569664265218600960
569667517146222592
569667821455708160
569668015047839744
569671454419079169
569675668524441600
569676217432977408
569677660890116096
569683558081687552
569683734951170048
569685692038557696
569691772000931840
569697809017864193
569700068476866560
569706754025660417
569709136813826049
569724822177095680
569728283568418816
569730716692393984
569738877969129472
569741986502041602
569745375713558528
569747411779735552
569788087481409537
569817130801221632
569820671234060288
569837273828732928
569837686367744000
569843359029850112
569847223829307392
569851855917830145
569870480993181698
569872444590129152
569875667245871104
569880374651650048
569897334760448000
569910943720669184
569916555154169856
569924101080535042
569936062039986176
569936861398994945
569950348908982273
569956170393194496
569959393917149189
569968886227050496
569969267589947394
569970287493705728
569972447329574912
569972721901277184
569974287286845441
569977008077148161
569980771424976896
570002805295095808
570012849067720704
570014685166219264
570018892031991808
570019099268358144
570023321904943105
570033309113131008
570035338925592577
570038498566283264
570059874480091136
570060273798631424
570073473952968705
570084217301962752
570085859132878848
570091270334509056
570096448571731968
570099970742886400
570119457286328320
570123495180410881
570135557151580160
570151995472027649
570175858469515264
570194141612789760
570204930520190978
570235244999270400
570242191685234688
570250940290342914
570254579578720256
570256553502068736
570259423987404800
570260118043914240
570261328511643648
570263827033432064
570267956648792064
570276681551732736
570284840752427008
570285070184898561
570287638084763648
570295405818335236
567731585035014144
567733834964156417
567735337246806016
567735943424397312
567758248481415170
567759344360783872
567759874403344384
567760797062152192
567766329352921088
567771225104338944
567780392179351553
567786807224705027
567789974717747200
567804646157475840
567805339790475264
567808014725464064
567808843373105152
567810573002620928
567812709342822400
567813042576199680
567820352329523200
567822865844928512
567852278893416448
567859008230563840
567871439585435648
567924953976152064
567969280752521216
567997819560333313
568039498015223808
568045397408661504
568053242426470401
568053728944791552
568055537952284672
568055678201438208
568058224433340416
568069437506641920
568077199162658816
568083179023650818
568091794304401409
568092479452549120
568111402084401152
568116430966648833
568136521502605312
568140722240512001
568144589162287105
568147319155073024
568159685238329344
568162290890964992
568166390873653248
568170840174538752
568178665189711872
568184134666981376
568185092163678208
568196165780578304
568206092599218176
568208666035417088
568239189055176704
568244170848137217
568246970126438400
568259593773518848
568266890499346432
568270768989081600
568274855814152192
568332024802447361
568430681367453696
568435364349808640
568437450927955969
568438094652956673
568451468560187393
568456310972424192
568467366780264448
568478204190720000
568491668858662914
568498114300153856
568504198385373184
568534107875119105
568542018760286209
568554107952177152
568554411078889473
568554542897307648
568596145456291840
568598412544704512
568611966937214976
568617163465957377
568622671287566336
568624462863720448
568625636639506433
568627869225766912
568639359127150592
568652355346022400
568678201590996992
568773776638406656
568775800599801856
568789500727570432
568822571875098624
568827958527275008
568837168350699520
568849058523033601
568852204750135296
568854082536001536
568881357583097857
568894805914169345
568928741298012160
568942133698146306
568952850908213248
568954593591369728
568958322306650113
568982505551851520
568982915956277249
569015346624991232
569107706302357504
569126397161054208
569130479690981376
569135312175280128
569145957721505792
569150371706200064
569156321636847617
569190606276333568
569221589822083072
569247182475407360
569264328186179584
569275000232013825
569275476642013186
569288052725694464
569300135328530432
569305409925873664
569307561083703296
569322901691707392
569345132866220032
569373258010660864
569380376709238784
569408185125052416
569491295766343681
569492459258056704
569492838448300032
569493018081947649
569503983623999488
569507834930442241
569512252639981568
569523635171405824
569525679823425536
569525690615205888
569531018643955712
569540405676654592
569540668403662849
569565776010567680
569570013964689410
569584561312681984
569588138273865728
569604198033170432
569604328153083904
569604659712811009
569604777962643457
569607124772196352
569608328998887424
569610542723309568
569621228048089088
569621349095702528
569622568459636736
569622819283337218
569622857120137216
569626884549578752
569630885450002432
569644495517589504
569644766779936768
569645082414080000
569649779090833408
569649806202642432
569655861297049600
569657523944366080
569661852235509762
569663735217971200
569664265218600960
569667517146222592
569667821455708160
569668015047839744
569671454419079169
569675668524441600
569676217432977408
569677660890116096
569683558081687552
569683734951170048
569685692038557696
569691772000931840
569697809017864193
569700068476866560
569706754025660417
569709136813826049
569724822177095680
569728283568418816
569730716692393984
569738877969129472
569741986502041602
569745375713558528
569747411779735552
569788087481409537
569817130801221632
569820671234060288
569837273828732928
569837686367744000
569843359029850112
569847223829307392
569851855917830145
569870480993181698
569872444590129152
569875667245871104
569880374651650048
569897334760448000
569910943720669184
569916555154169856
569924101080535042
569936062039986176
569936861398994945
569950348908982273
569956170393194496
569959393917149189
569968886227050496
569969267589947394
569970287493705728
569972447329574912
569972721901277184
569974287286845441
569977008077148161
569980771424976896
570002805295095808
570012849067720704
570014685166219264
570018892031991808
570019099268358144
570023321904943105
570033309113131008
570035338925592577
570038498566283264
570059874480091136
570060273798631424
570073473952968705
570084217301962752
570085859132878848
570091270334509056
570096448571731968
570099970742886400
570119457286328320
570123495180410881
570135557151580160
570151995472027649
570175858469515264
570194141612789760
570204930520190978
570235244999270400
570242191685234688
570250940290342914
570254579578720256
570256553502068736
570259423987404800
570260118043914240
570261328511643648
570263827033432064
570267956648792064
570276681551732736
570284840752427008
570285070184898561
570287638084763648
570295405818335236
567731585035014144
567733834964156417
567735337246806016
567735943424397312
567758248481415170
567759344360783872
567759874403344384
567760797062152192
567766329352921088
567771225104338944
567780392179351553
567786807224705027
567789974717747200
567804646157475840
567805339790475264
567808014725464064
567808843373105152
567810573002620928
567812709342822400
567813042576199680
567820352329523200
567822865844928512
567852278893416448
567859008230563840
567871439585435648
567924953976152064
567969280752521216
567997819560333313
568039498015223808
568045397408661504
568053242426470401
568053728944791552
568055537952284672
568055678201438208
568058224433340416
568069437506641920
568077199162658816
568083179023650818
568091794304401409
568092479452549120
568111402084401152
568116430966648833
568136521502605312
568140722240512001
568144589162287105
568147319155073024
568159685238329344
568162290890964992
568166390873653248
568170840174538752
568178665189711872
568184134666981376
568185092163678208
568196165780578304
568206092599218176
568208666035417088
568239189055176704
568244170848137217
568246970126438400
568259593773518848
568266890499346432
568270768989081600
568274855814152192
568332024802447361
568430681367453696
568435364349808640
568437450927955969
568438094652956673
568451468560187393
568456310972424192
568467366780264448
568478204190720000
568491668858662914
568498114300153856
568504198385373184
568534107875119105
568542018760286209
568554107952177152
568554411078889473
568554542897307648
568596145456291840
568598412544704512
568611966937214976
568617163465957377
568622671287566336
568624462863720448
568625636639506433
568627869225766912
568639359127150592
568652355346022400
568678201590996992
568773776638406656
568775800599801856
568789500727570432
568822571875098624
568827958527275008
568837168350699520
568849058523033601
568852204750135296
568854082536001536
568881357583097857
568894805914169345
568928741298012160
568942133698146306
568952850908213248
568954593591369728
568958322306650113
568982505551851520
568982915956277249
569015346624991232
569107706302357504
569126397161054208
569130479690981376
569135312175280128
569145957721505792
569150371706200064
569156321636847617
569190606276333568
569221589822083072
569247182475407360
569264328186179584
569275000232013825
569275476642013186
569288052725694464
569300135328530432
569305409925873664
569307561083703296
569322901691707392
569345132866220032
569373258010660864
569380376709238784
569408185125052416
569491295766343681
569492459258056704
569492838448300032
569493018081947649
569503983623999488
569507834930442241
569512252639981568
569523635171405824
569525679823425536
569525690615205888
569531018643955712
569540405676654592
569540668403662849
569565776010567680
569570013964689410
569584561312681984
569588138273865728
569604198033170432
569604328153083904
569604659712811009
569604777962643457
569607124772196352
569608328998887424
569610542723309568
569621228048089088
569621349095702528
569622568459636736
569622819283337218
569622857120137216
569626884549578752
569630885450002432
569644495517589504
569644766779936768
569645082414080000
569649779090833408
569649806202642432
569655861297049600
569657523944366080
569661852235509762
569663735217971200
569664265218600960
569667517146222592
569667821455708160
569668015047839744
569671454419079169
569675668524441600
569676217432977408
569677660890116096
569683558081687552
569683734951170048
569685692038557696
569691772000931840
569697809017864193
569700068476866560
569706754025660417
569709136813826049
569724822177095680
569728283568418816
569730716692393984
569738877969129472
569741986502041602
569745375713558528
569747411779735552
569788087481409537
569817130801221632
569820671234060288
569837273828732928
569837686367744000
569843359029850112
569847223829307392
569851855917830145
569870480993181698
569872444590129152
569875667245871104
569880374651650048
569897334760448000
569910943720669184
569916555154169856
569924101080535042
569936062039986176
569936861398994945
569950348908982273
569956170393194496
569959393917149189
569968886227050496
569969267589947394
569970287493705728
569972447329574912
569972721901277184
569974287286845441
569977008077148161
569980771424976896
570002805295095808
570012849067720704
570014685166219264
570018892031991808
570019099268358144
570023321904943105
570033309113131008
570035338925592577
570038498566283264
570059874480091136
570060273798631424
570073473952968705
570084217301962752
570085859132878848
570091270334509056
570096448571731968
570099970742886400
570119457286328320
570123495180410881
570135557151580160
570151995472027649
570175858469515264
570194141612789760
570204930520190978
570235244999270400
570242191685234688
570250940290342914
570254579578720256
570256553502068736
570259423987404800
570260118043914240
570261328511643648
570263827033432064
570267956648792064
570276681551732736
570284840752427008
570285070184898561
570287638084763648
570295405818335236
567731585035014144
567733834964156417
567735337246806016
567735943424397312
567758248481415170
567759344360783872
567759874403344384
567760797062152192
567766329352921088
567771225104338944
567780392179351553
567786807224705027
567789974717747200
567804646157475840
567805339790475264
567808014725464064
567808843373105152
567810573002620928
567812709342822400
567813042576199680
567820352329523200
567822865844928512
567852278893416448
567859008230563840
567871439585435648
567924953976152064
567969280752521216
567997819560333313
568039498015223808
568045397408661504
568053242426470401
568053728944791552
568055537952284672
568055678201438208
568058224433340416
568069437506641920
568077199162658816
568083179023650818
568091794304401409
568092479452549120
568111402084401152
568116430966648833
568136521502605312
568140722240512001
568144589162287105
568147319155073024
568159685238329344
568162290890964992
568166390873653248
568170840174538752
568178665189711872
568184134666981376
568185092163678208
568196165780578304
568206092599218176
568208666035417088
568239189055176704
568244170848137217
568246970126438400
568259593773518848
568266890499346432
568270768989081600
568274855814152192
568332024802447361
568430681367453696
568435364349808640
568437450927955969
568438094652956673
568451468560187393
568456310972424192
568467366780264448
568478204190720000
568491668858662914
568498114300153856
568504198385373184
568534107875119105
568542018760286209
568554107952177152
568554411078889473
568554542897307648
568596145456291840
568598412544704512
568611966937214976
568617163465957377
568622671287566336
568624462863720448
568625636639506433
568627869225766912
568639359127150592
568652355346022400
568678201590996992
568773776638406656
568775800599801856
568789500727570432
568822571875098624
568827958527275008
568837168350699520
568849058523033601
568852204750135296
568854082536001536
568881357583097857
568894805914169345
568928741298012160
568942133698146306
568952850908213248
568954593591369728
568958322306650113
568982505551851520
568982915956277249
569015346624991232
569107706302357504
569126397161054208
569130479690981376
569135312175280128
569145957721505792
569150371706200064
569156321636847617
569190606276333568
569221589822083072
569247182475407360
569264328186179584
569275000232013825
569275476642013186
569288052725694464
569300135328530432
569305409925873664
569307561083703296
569322901691707392
569345132866220032
569373258010660864
569380376709238784
569408185125052416
569491295766343681
569492459258056704
569492838448300032
569493018081947649
569503983623999488
569507834930442241
569512252639981568
569523635171405824
569525679823425536
569525690615205888
569531018643955712
569540405676654592
569540668403662849
569565776010567680
569570013964689410
569584561312681984
569588138273865728
569604198033170432
569604328153083904
569604659712811009
569604777962643457
569607124772196352
569608328998887424
569610542723309568
569621228048089088
569621349095702528
569622568459636736
569622819283337218
569622857120137216
569626884549578752
569630885450002432
569644495517589504
569644766779936768
569645082414080000
569649779090833408
569649806202642432
569655861297049600
569657523944366080
569661852235509762
569663735217971200
569664265218600960
569667517146222592
569667821455708160
569668015047839744
569671454419079169
569675668524441600
569676217432977408
569677660890116096
569683558081687552
569683734951170048
569685692038557696
569691772000931840
569697809017864193
569700068476866560
569706754025660417
569709136813826049
569724822177095680
569728283568418816
569730716692393984
569738877969129472
569741986502041602
569745375713558528
569747411779735552
569788087481409537
569817130801221632
569820671234060288
569837273828732928
569837686367744000
569843359029850112
569847223829307392
569851855917830145
569870480993181698
569872444590129152
569875667245871104
569880374651650048
569897334760448000
569910943720669184
569916555154169856
569924101080535042
569936062039986176
569936861398994945
569950348908982273
569956170393194496
569959393917149189
569968886227050496
569969267589947394
569970287493705728
569972447329574912
569972721901277184
569974287286845441
569977008077148161
569980771424976896
570002805295095808
570012849067720704
570014685166219264
570018892031991808
570019099268358144
570023321904943105
570033309113131008
570035338925592577
570038498566283264
570059874480091136
570060273798631424
570073473952968705
570084217301962752
570085859132878848
570091270334509056
570096448571731968
570099970742886400
570119457286328320
570123495180410881
570135557151580160
570151995472027649
570175858469515264
570194141612789760
570204930520190978
570235244999270400
570242191685234688
570250940290342914
570254579578720256
570256553502068736
570259423987404800
570260118043914240
570261328511643648
570263827033432064
570267956648792064
570276681551732736
570284840752427008
570285070184898561
570287638084763648
570295405818335236
567731585035014144
567733834964156417
567735337246806016
567735943424397312
567758248481415170
567759344360783872
567759874403344384
567760797062152192
567766329352921088
567771225104338944
567780392179351553
567786807224705027
567789974717747200
567804646157475840
567805339790475264
567808014725464064
567808843373105152
567810573002620928
567812709342822400
567813042576199680
567820352329523200
567822865844928512
567852278893416448
567859008230563840
567871439585435648
567924953976152064
567969280752521216
567997819560333313
568039498015223808
568045397408661504
568053242426470401
568053728944791552
568055537952284672
568055678201438208
568058224433340416
568069437506641920
568077199162658816
568083179023650818
568091794304401409
568092479452549120
568111402084401152
568116430966648833
568136521502605312
568140722240512001
568144589162287105
568147319155073024
568159685238329344
568162290890964992
568166390873653248
568170840174538752
568178665189711872
568184134666981376
568185092163678208
568196165780578304
568206092599218176
568208666035417088
568239189055176704
568244170848137217
568246970126438400
568259593773518848
568266890499346432
568270768989081600
568274855814152192
568332024802447361
568430681367453696
568435364349808640
568437450927955969
568438094652956673
568451468560187393
568456310972424192
568467366780264448
568478204190720000
568491668858662914
568498114300153856
568504198385373184
568534107875119105
568542018760286209
568554107952177152
568554411078889473
568554542897307648
568596145456291840
568598412544704512
568611966937214976
568617163465957377
568622671287566336
568624462863720448
568625636639506433
568627869225766912
568639359127150592
568652355346022400
568678201590996992
568773776638406656
568775800599801856
568789500727570432
568822571875098624
568827958527275008
568837168350699520
568849058523033601
568852204750135296
568854082536001536
568881357583097857
568894805914169345
568928741298012160
568942133698146306
568952850908213248
568954593591369728
568958322306650113
568982505551851520
568982915956277249
569015346624991232
569107706302357504
569126397161054208
569130479690981376
569135312175280128
569145957721505792
569150371706200064
569156321636847617
569190606276333568
569221589822083072
569247182475407360
569264328186179584
569275000232013825
569275476642013186
569288052725694464
569300135328530432
569305409925873664
569307561083703296
569322901691707392
569345132866220032
569373258010660864
569380376709238784
569408185125052416
569491295766343681
569492459258056704
569492838448300032
569493018081947649
569503983623999488
569507834930442241
569512252639981568
569523635171405824
569525679823425536
569525690615205888
569531018643955712
569540405676654592
569540668403662849
569565776010567680
569570013964689410
569584561312681984
569588138273865728
569604198033170432
569604328153083904
569604659712811009
569604777962643457
569607124772196352
569608328998887424
569610542723309568
569621228048089088
569621349095702528
569622568459636736
569622819283337218
569622857120137216
569626884549578752
569630885450002432
569644495517589504
569644766779936768
569645082414080000
569649779090833408
569649806202642432
569655861297049600
569657523944366080
569661852235509762
569663735217971200
569664265218600960
569667517146222592
569667821455708160
569668015047839744
569671454419079169
569675668524441600
569676217432977408
569677660890116096
569683558081687552
569683734951170048
569685692038557696
569691772000931840
569697809017864193
569700068476866560
569706754025660417
569709136813826049
569724822177095680
569728283568418816
569730716692393984
569738877969129472
569741986502041602
569745375713558528
569747411779735552
569788087481409537
569817130801221632
569820671234060288
569837273828732928
569837686367744000
569843359029850112
569847223829307392
569851855917830145
569870480993181698
569872444590129152
569875667245871104
569880374651650048
569897334760448000
569910943720669184
569916555154169856
569924101080535042
569936062039986176
569936861398994945
569950348908982273
569956170393194496
569959393917149189
569968886227050496
569969267589947394
569970287493705728
569972447329574912
569972721901277184
569974287286845441
569977008077148161
569980771424976896
570002805295095808
570012849067720704
570014685166219264
570018892031991808
570019099268358144
570023321904943105
570033309113131008
570035338925592577
570038498566283264
570059874480091136
570060273798631424
570073473952968705
570084217301962752
570085859132878848
570091270334509056
570096448571731968
570099970742886400
570119457286328320
570123495180410881
570135557151580160
570151995472027649
570175858469515264
570194141612789760
570204930520190978
570235244999270400
570242191685234688
570250940290342914
570254579578720256
570256553502068736
570259423987404800
570260118043914240
570261328511643648
570263827033432064
570267956648792064
570276681551732736
570284840752427008
570285070184898561
570287638084763648
570295405818335236
