567807844687577089
567808748711051264
568128399035772928
568503887113498625
568506885130682369
568962811772030976
569252020474896385
569722436935151616
567807844687577089
567808748711051264
568128399035772928
568503887113498625
568506885130682369
568962811772030976
569252020474896385
569722436935151616
567807844687577089
567808748711051264
568128399035772928
568503887113498625
568506885130682369
568962811772030976
569252020474896385
569722436935151616
569915576862183425
569936014094897152
569936273227427840
569936496284663809
567807844687577089
567808748711051264
568128399035772928
568503887113498625
568506885130682369
568962811772030976
569252020474896385
569722436935151616
569915576862183425
569936014094897152
569936273227427840
569936496284663809
567807844687577089
567808748711051264
568128399035772928
568503887113498625
568506885130682369
568962811772030976
569252020474896385
569722436935151616
569915576862183425
569936014094897152
569936273227427840
569936496284663809
567807844687577089
567808748711051264
568128399035772928
568503887113498625
568506885130682369
568962811772030976
569252020474896385
569722436935151616
569915576862183425
569936014094897152
569936273227427840
569936496284663809
567807844687577089
567808748711051264
568128399035772928
568503887113498625
568506885130682369
568962811772030976
569252020474896385
569722436935151616
569915576862183425
569936014094897152
569936273227427840
569936496284663809
567807844687577089
567808748711051264
568128399035772928
568503887113498625
568506885130682369
568962811772030976
569252020474896385
569722436935151616
569915576862183425
569936014094897152
569936273227427840
569936496284663809
