567727599627943936
567729414822449152
567729696662511616
567734113088835585
567735983370539008
567744842935980032
567745233900044289
567753194546421760
567760331829559296
567763697230438400
567778703959408641
567781675514343424
567783713833234432
567785191901376512
567787449053872128
567801343861092352
567802752677457920
567814300594769920
567819606904295424
567825347439370240
567828973893259264
567831075763003393
567837023014273024
567846970141716481
567858076285452288
567859888480772096
567860107960324096
567873229055991808
567888186967470080
567908831545544706
567918173992910848
567925957090238464
567962289460137984
567979842882428928
568027698452426752
568105932917481472
568139299021041664
568150818572144640
568154816414789632
568165349004316672
568180799838801920
568187636449472513
568188732806963201
568201125012353024
568208831030943744
568214100578324480
568238725626355712
568241989453393920
568243079003529216
568244663154393088
568246093856641024
568272244792631296
568364870757797888
568364889280020481
568366109461606400
568382780251480064
568440527328120832
568470715009277952
568498114300153856
568502210268692480
568574188086296576
568578381320597504
568579388704292864
568625014037045248
568760866088337409
568767621186912256
568774932844261376
568797413529538562
568800389903962112
568810516740644864
568828648687591424
568843696105496577
568849007641911296
568859651980156928
568868928732028928
568870473934761985
568873199250706433
568877353478299648
568878979576410112
568893092927029249
568895050601508865
568937199145783297
568948170060746752
568948848263081986
568963192489029632
568981931599237120
568982821454245888
569000361735761920
569016660927123456
569020707113476096
569083604216623104
569132246810144769
569143944266833920
569144056305074176
569146504004415489
569151206028931072
569154129362186240
569155666440355840
569160924960919552
569164415322492928
569164871465439232
569171651381702657
569199095505690624
569225958495952897
569237783715422208
569238666654195714
569241834670698496
569242387878428672
569252439548952576
569253382898126850
569263732280451072
569270012894060545
569289573395800064
569296356143050754
569300135328530432
569307561083703296
569310115377102850
569318653792948226
569319239900725248
569322478847135744
569326785353129984
569337645878390784
569343070849740801
569352847898386432
569355179717369857
569367829188886528
569370900568502272
569373631999926272
569380098119499776
569382239131168769
569404245142855680
569415109933531136
569436595746684929
569437674257276930
569456828511326208
569464902164856832
569467550100267008
569483885404413952
569484458744807425
569496828376322048
569504232971362304
569504866260930560
569518608797323265
569520929128251392
569522479049400320
569525480178769920
569525875860905984
569527951831666688
569529128585555968
569534175973396480
569536910990950401
569544955800264704
569551994949648385
569552658010210305
569555455963471872
569557305961750528
569558114447560706
569568079761403904
569591310589431808
569591765793165312
569592674400907264
569593045777321985
569593910869127168
569597742693154816
569598614235942912
569599269189107712
569600694388445184
569600780048560128
569600927394631680
569600990430806017
569605452230754305
569608446586200064
569609887388270592
569614365755899905
569618884577218560
569621808963395585
569626174617485313
569628145030004736
569641676244791296
569644492040613888
569650936911683586
569658725016809472
569660666014859264
569665766628286464
569672477967835136
569673044802854912
569675861160386560
569676866824642561
569677827068579840
569678544869199872
569680242194980864
569682818306953216
569684433218875392
569686000240345090
569687343403106304
569688901922615296
569692664720797696
569693012885770240
569697188508348416
569706041673322498
569707409985445889
569709103188197376
569719693780496384
569721150156230657
569724918016839681
569727628766281728
569729732952109056
569735461033213952
569737682466656258
569744079027896320
569748937545883648
569801089022734336
569803188901031936
567727599627943936
567729414822449152
567729696662511616
567734113088835585
567735983370539008
567744842935980032
567745233900044289
567753194546421760
567760331829559296
567763697230438400
567778703959408641
567781675514343424
567783713833234432
567785191901376512
567787449053872128
567801343861092352
567802752677457920
567814300594769920
567819606904295424
567825347439370240
567828973893259264
567831075763003393
567837023014273024
567846970141716481
567858076285452288
567859888480772096
567860107960324096
567873229055991808
567888186967470080
567908831545544706
567918173992910848
567925957090238464
567962289460137984
567979842882428928
568027698452426752
568105932917481472
568139299021041664
568150818572144640
568154816414789632
568165349004316672
568180799838801920
568187636449472513
568188732806963201
568201125012353024
568208831030943744
568214100578324480
568238725626355712
568241989453393920
568243079003529216
568244663154393088
568246093856641024
568272244792631296
568364870757797888
568364889280020481
568366109461606400
568382780251480064
568440527328120832
568470715009277952
568498114300153856
568502210268692480
568574188086296576
568578381320597504
568579388704292864
568625014037045248
568760866088337409
568767621186912256
568774932844261376
568797413529538562
568800389903962112
568810516740644864
568828648687591424
568843696105496577
568849007641911296
568859651980156928
568868928732028928
568870473934761985
568873199250706433
568877353478299648
568878979576410112
568893092927029249
568895050601508865
568937199145783297
568948170060746752
568948848263081986
568963192489029632
568981931599237120
568982821454245888
569000361735761920
569016660927123456
569020707113476096
569083604216623104
569132246810144769
569143944266833920
569144056305074176
569146504004415489
569151206028931072
569154129362186240
569155666440355840
569160924960919552
569164415322492928
569164871465439232
569171651381702657
569199095505690624
569225958495952897
569237783715422208
569238666654195714
569241834670698496
569242387878428672
569252439548952576
569253382898126850
569263732280451072
569270012894060545
569289573395800064
569296356143050754
569300135328530432
569307561083703296
569310115377102850
569318653792948226
569319239900725248
569322478847135744
569326785353129984
569337645878390784
569343070849740801
569352847898386432
569355179717369857
569367829188886528
569370900568502272
569373631999926272
569380098119499776
569382239131168769
569404245142855680
569415109933531136
569436595746684929
569437674257276930
569456828511326208
569464902164856832
569467550100267008
569483885404413952
569484458744807425
569496828376322048
569504232971362304
569504866260930560
569518608797323265
569520929128251392
569522479049400320
569525480178769920
569525875860905984
569527951831666688
569529128585555968
569534175973396480
569536910990950401
569544955800264704
569551994949648385
569552658010210305
569555455963471872
569557305961750528
569558114447560706
569568079761403904
569591310589431808
569591765793165312
569592674400907264
569593045777321985
569593910869127168
569597742693154816
569598614235942912
569599269189107712
569600694388445184
569600780048560128
569600927394631680
569600990430806017
569605452230754305
569608446586200064
569609887388270592
569614365755899905
569618884577218560
569621808963395585
569626174617485313
569628145030004736
569641676244791296
569644492040613888
569650936911683586
569658725016809472
569660666014859264
569665766628286464
569672477967835136
569673044802854912
569675861160386560
569676866824642561
569677827068579840
569678544869199872
569680242194980864
569682818306953216
569684433218875392
569686000240345090
569687343403106304
569688901922615296
569692664720797696
569693012885770240
569697188508348416
569706041673322498
569707409985445889
569709103188197376
569719693780496384
569721150156230657
569724918016839681
569727628766281728
569729732952109056
569735461033213952
569737682466656258
569744079027896320
569748937545883648
569801089022734336
569803188901031936
569821145697890304
569821659097477120
569838593423708160
567727599627943936
567729414822449152
567729696662511616
567734113088835585
567735983370539008
567744842935980032
567745233900044289
567753194546421760
567760331829559296
567763697230438400
567778703959408641
567781675514343424
567783713833234432
567785191901376512
567787449053872128
567801343861092352
567802752677457920
567814300594769920
567819606904295424
567825347439370240
567828973893259264
567831075763003393
567837023014273024
567846970141716481
567858076285452288
567859888480772096
567860107960324096
567873229055991808
567888186967470080
567908831545544706
567918173992910848
567925957090238464
567962289460137984
567979842882428928
568027698452426752
568105932917481472
568139299021041664
568150818572144640
568154816414789632
568165349004316672
568180799838801920
568187636449472513
568188732806963201
568201125012353024
568208831030943744
568214100578324480
568238725626355712
568241989453393920
568243079003529216
568244663154393088
568246093856641024
568272244792631296
568364870757797888
568364889280020481
568366109461606400
568382780251480064
568440527328120832
568470715009277952
568498114300153856
568502210268692480
568574188086296576
568578381320597504
568579388704292864
568625014037045248
568760866088337409
568767621186912256
568774932844261376
568797413529538562
568800389903962112
568810516740644864
568828648687591424
568843696105496577
568849007641911296
568859651980156928
568868928732028928
568870473934761985
568873199250706433
568877353478299648
568878979576410112
568893092927029249
568895050601508865
568937199145783297
568948170060746752
568948848263081986
568963192489029632
568981931599237120
568982821454245888
569000361735761920
569016660927123456
569020707113476096
569083604216623104
569132246810144769
569143944266833920
569144056305074176
569146504004415489
569151206028931072
569154129362186240
569155666440355840
569160924960919552
569164415322492928
569164871465439232
569171651381702657
569199095505690624
569225958495952897
569237783715422208
569238666654195714
569241834670698496
569242387878428672
569252439548952576
569253382898126850
569263732280451072
569270012894060545
569289573395800064
569296356143050754
569300135328530432
569307561083703296
569310115377102850
569318653792948226
569319239900725248
569322478847135744
569326785353129984
569337645878390784
569343070849740801
569352847898386432
569355179717369857
569367829188886528
569370900568502272
569373631999926272
569380098119499776
569382239131168769
569404245142855680
569415109933531136
569436595746684929
569437674257276930
569456828511326208
569464902164856832
569467550100267008
569483885404413952
569484458744807425
569496828376322048
569504232971362304
569504866260930560
569518608797323265
569520929128251392
569522479049400320
569525480178769920
569525875860905984
569527951831666688
569529128585555968
569534175973396480
569536910990950401
569544955800264704
569551994949648385
569552658010210305
569555455963471872
569557305961750528
569558114447560706
569568079761403904
569591310589431808
569591765793165312
569592674400907264
569593045777321985
569593910869127168
569597742693154816
569598614235942912
569599269189107712
569600694388445184
569600780048560128
569600927394631680
569600990430806017
569605452230754305
569608446586200064
569609887388270592
569614365755899905
569618884577218560
569621808963395585
569626174617485313
569628145030004736
569641676244791296
569644492040613888
569650936911683586
569658725016809472
569660666014859264
569665766628286464
569672477967835136
569673044802854912
569675861160386560
569676866824642561
569677827068579840
569678544869199872
569680242194980864
569682818306953216
569684433218875392
569686000240345090
569687343403106304
569688901922615296
569692664720797696
569693012885770240
569697188508348416
569706041673322498
569707409985445889
569709103188197376
569719693780496384
569721150156230657
569724918016839681
569727628766281728
569729732952109056
569735461033213952
569737682466656258
569744079027896320
569748937545883648
569801089022734336
569803188901031936
569821145697890304
569821659097477120
569838593423708160
569857475098202113
569869374103793664
569870252508635136
569872455377879040
569872756302422017
569874150636048384
569876325588197377
569881548515708928
569884951207813122
569890741666717697
569891937924358145
569906598472228864
569908990118723584
569909232696483842
569921142971969537
569923730614460416
569933882662916096
569936565138403328
569937638674829313
569938799397990401
569939156740149249
569947048574758912
569947823615012864
569953575226310656
569958301443739650
569961398890991617
569964389660540928
569972422130032640
569974318463119361
569975032127967232
569978537953902592
569983030108024833
569986129820196864
569986978684362753
569992532123258881
569992543875653633
569996423074160640
569998043761803264
569998668775862272
569999091028983808
570000126636216320
570023530466840576
570037998773018624
570044019897556994
570044497330987008
570060776301424641
570064285860171776
570065322369101824
570072227942674432
570088470171013120
570108987284197376
570129843594997760
570151995472027649
570181406787301378
570181906492297216
570192183766196224
570210502955155456
570212118059995136
570216815105847296
570218269111664640
570219877006503936
570224968417603584
570227814575804416
570227917877354497
570235413224427520
570235609933078529
570239463089000449
570242191685234688
570244158591406080
570245656972894208
570254579578720256
570255224155348992
570256038206824448
570258435448688641
570258597180940288
570269774594224128
570273378403102720
570275384714862592
570276806512779264
570279106090274817
570280755085090816
570287318264905729
570289080090689536
567727599627943936
567729414822449152
567729696662511616
567734113088835585
567735983370539008
567744842935980032
567745233900044289
567753194546421760
567760331829559296
567763697230438400
567778703959408641
567781675514343424
567783713833234432
567785191901376512
567787449053872128
567801343861092352
567802752677457920
567814300594769920
567819606904295424
567825347439370240
567828973893259264
567831075763003393
567837023014273024
567846970141716481
567858076285452288
567859888480772096
567860107960324096
567873229055991808
567888186967470080
567908831545544706
567918173992910848
567925957090238464
567962289460137984
567979842882428928
568027698452426752
568105932917481472
568139299021041664
568150818572144640
568154816414789632
568165349004316672
568180799838801920
568187636449472513
568188732806963201
568201125012353024
568208831030943744
568214100578324480
568238725626355712
568241989453393920
568243079003529216
568244663154393088
568246093856641024
568272244792631296
568364870757797888
568364889280020481
568366109461606400
568382780251480064
568440527328120832
568470715009277952
568498114300153856
568502210268692480
568574188086296576
568578381320597504
568579388704292864
568625014037045248
568760866088337409
568767621186912256
568774932844261376
568797413529538562
568800389903962112
568810516740644864
568828648687591424
568843696105496577
568849007641911296
568859651980156928
568868928732028928
568870473934761985
568873199250706433
568877353478299648
568878979576410112
568893092927029249
568895050601508865
568937199145783297
568948170060746752
568948848263081986
568963192489029632
568981931599237120
568982821454245888
569000361735761920
569016660927123456
569020707113476096
569083604216623104
569132246810144769
569143944266833920
569144056305074176
569146504004415489
569151206028931072
569154129362186240
569155666440355840
569160924960919552
569164415322492928
569164871465439232
569171651381702657
569199095505690624
569225958495952897
569237783715422208
569238666654195714
569241834670698496
569242387878428672
569252439548952576
569253382898126850
569263732280451072
569270012894060545
569289573395800064
569296356143050754
569300135328530432
569307561083703296
569310115377102850
569318653792948226
569319239900725248
569322478847135744
569326785353129984
569337645878390784
569343070849740801
569352847898386432
569355179717369857
569367829188886528
569370900568502272
569373631999926272
569380098119499776
569382239131168769
569404245142855680
569415109933531136
569436595746684929
569437674257276930
569456828511326208
569464902164856832
569467550100267008
569483885404413952
569484458744807425
569496828376322048
569504232971362304
569504866260930560
569518608797323265
569520929128251392
569522479049400320
569525480178769920
569525875860905984
569527951831666688
569529128585555968
569534175973396480
569536910990950401
569544955800264704
569551994949648385
569552658010210305
569555455963471872
569557305961750528
569558114447560706
569568079761403904
569591310589431808
569591765793165312
569592674400907264
569593045777321985
569593910869127168
569597742693154816
569598614235942912
569599269189107712
569600694388445184
569600780048560128
569600927394631680
569600990430806017
569605452230754305
569608446586200064
569609887388270592
569614365755899905
569618884577218560
569621808963395585
569626174617485313
569628145030004736
569641676244791296
569644492040613888
569650936911683586
569658725016809472
569660666014859264
569665766628286464
569672477967835136
569673044802854912
569675861160386560
569676866824642561
569677827068579840
569678544869199872
569680242194980864
569682818306953216
569684433218875392
569686000240345090
569687343403106304
569688901922615296
569692664720797696
569693012885770240
569697188508348416
569706041673322498
569707409985445889
569709103188197376
569719693780496384
569721150156230657
569724918016839681
569727628766281728
569729732952109056
569735461033213952
569737682466656258
569744079027896320
569748937545883648
569801089022734336
569803188901031936
569821145697890304
569821659097477120
569838593423708160
569857475098202113
569869374103793664
569870252508635136
569872455377879040
569872756302422017
569874150636048384
569876325588197377
569881548515708928
569884951207813122
569890741666717697
569891937924358145
569906598472228864
569908990118723584
569909232696483842
569921142971969537
569923730614460416
569933882662916096
569936565138403328
569937638674829313
569938799397990401
569939156740149249
569947048574758912
569947823615012864
569953575226310656
569958301443739650
569961398890991617
569964389660540928
569972422130032640
569974318463119361
569975032127967232
569978537953902592
569983030108024833
569986129820196864
569986978684362753
569992532123258881
569992543875653633
569996423074160640
569998043761803264
569998668775862272
569999091028983808
570000126636216320
570023530466840576
570037998773018624
570044019897556994
570044497330987008
570060776301424641
570064285860171776
570065322369101824
570072227942674432
570088470171013120
570108987284197376
570129843594997760
570151995472027649
570181406787301378
570181906492297216
570192183766196224
570210502955155456
570212118059995136
570216815105847296
570218269111664640
570219877006503936
570224968417603584
570227814575804416
570227917877354497
570235413224427520
570235609933078529
570239463089000449
570242191685234688
570244158591406080
570245656972894208
570254579578720256
570255224155348992
570256038206824448
570258435448688641
570258597180940288
570269774594224128
570273378403102720
570275384714862592
570276806512779264
570279106090274817
570280755085090816
570287318264905729
570289080090689536
567727599627943936
567729414822449152
567729696662511616
567734113088835585
567735983370539008
567744842935980032
567745233900044289
567753194546421760
567760331829559296
567763697230438400
567778703959408641
567781675514343424
567783713833234432
567785191901376512
567787449053872128
567801343861092352
567802752677457920
567814300594769920
567819606904295424
567825347439370240
567828973893259264
567831075763003393
567837023014273024
567846970141716481
567858076285452288
567859888480772096
567860107960324096
567873229055991808
567888186967470080
567908831545544706
567918173992910848
567925957090238464
567962289460137984
567979842882428928
568027698452426752
568105932917481472
568139299021041664
568150818572144640
568154816414789632
568165349004316672
568180799838801920
568187636449472513
568188732806963201
568201125012353024
568208831030943744
568214100578324480
568238725626355712
568241989453393920
568243079003529216
568244663154393088
568246093856641024
568272244792631296
568364870757797888
568364889280020481
568366109461606400
568382780251480064
568440527328120832
568470715009277952
568498114300153856
568502210268692480
568574188086296576
568578381320597504
568579388704292864
568625014037045248
568760866088337409
568767621186912256
568774932844261376
568797413529538562
568800389903962112
568810516740644864
568828648687591424
568843696105496577
568849007641911296
568859651980156928
568868928732028928
568870473934761985
568873199250706433
568877353478299648
568878979576410112
568893092927029249
568895050601508865
568937199145783297
568948170060746752
568948848263081986
568963192489029632
568981931599237120
568982821454245888
569000361735761920
569016660927123456
569020707113476096
569083604216623104
569132246810144769
569143944266833920
569144056305074176
569146504004415489
569151206028931072
569154129362186240
569155666440355840
569160924960919552
569164415322492928
569164871465439232
569171651381702657
569199095505690624
569225958495952897
569237783715422208
569238666654195714
569241834670698496
569242387878428672
569252439548952576
569253382898126850
569263732280451072
569270012894060545
569289573395800064
569296356143050754
569300135328530432
569307561083703296
569310115377102850
569318653792948226
569319239900725248
569322478847135744
569326785353129984
569337645878390784
569343070849740801
569352847898386432
569355179717369857
569367829188886528
569370900568502272
569373631999926272
569380098119499776
569382239131168769
569404245142855680
569415109933531136
569436595746684929
569437674257276930
569456828511326208
569464902164856832
569467550100267008
569483885404413952
569484458744807425
569496828376322048
569504232971362304
569504866260930560
569518608797323265
569520929128251392
569522479049400320
569525480178769920
569525875860905984
569527951831666688
569529128585555968
569534175973396480
569536910990950401
569544955800264704
569551994949648385
569552658010210305
569555455963471872
569557305961750528
569558114447560706
569568079761403904
569591310589431808
569591765793165312
569592674400907264
569593045777321985
569593910869127168
569597742693154816
569598614235942912
569599269189107712
569600694388445184
569600780048560128
569600927394631680
569600990430806017
569605452230754305
569608446586200064
569609887388270592
569614365755899905
569618884577218560
569621808963395585
569626174617485313
569628145030004736
569641676244791296
569644492040613888
569650936911683586
569658725016809472
569660666014859264
569665766628286464
569672477967835136
569673044802854912
569675861160386560
569676866824642561
569677827068579840
569678544869199872
569680242194980864
569682818306953216
569684433218875392
569686000240345090
569687343403106304
569688901922615296
569692664720797696
569693012885770240
569697188508348416
569706041673322498
569707409985445889
569709103188197376
569719693780496384
569721150156230657
569724918016839681
569727628766281728
569729732952109056
569735461033213952
569737682466656258
569744079027896320
569748937545883648
569801089022734336
569803188901031936
569821145697890304
569821659097477120
569838593423708160
569857475098202113
569869374103793664
569870252508635136
569872455377879040
569872756302422017
569874150636048384
569876325588197377
569881548515708928
569884951207813122
569890741666717697
569891937924358145
569906598472228864
569908990118723584
569909232696483842
569921142971969537
569923730614460416
569933882662916096
569936565138403328
569937638674829313
569938799397990401
569939156740149249
569947048574758912
569947823615012864
569953575226310656
569958301443739650
569961398890991617
569964389660540928
569972422130032640
569974318463119361
569975032127967232
569978537953902592
569983030108024833
569986129820196864
569986978684362753
569992532123258881
569992543875653633
569996423074160640
569998043761803264
569998668775862272
569999091028983808
570000126636216320
570023530466840576
570037998773018624
570044019897556994
570044497330987008
570060776301424641
570064285860171776
570065322369101824
570072227942674432
570088470171013120
570108987284197376
570129843594997760
570151995472027649
570181406787301378
570181906492297216
570192183766196224
570210502955155456
570212118059995136
570216815105847296
570218269111664640
570219877006503936
570224968417603584
570227814575804416
570227917877354497
570235413224427520
570235609933078529
570239463089000449
570242191685234688
570244158591406080
570245656972894208
570254579578720256
570255224155348992
570256038206824448
570258435448688641
570258597180940288
570269774594224128
570273378403102720
570275384714862592
570276806512779264
570279106090274817
570280755085090816
570287318264905729
570289080090689536
567727599627943936
567729414822449152
567729696662511616
567734113088835585
567735983370539008
567744842935980032
567745233900044289
567753194546421760
567760331829559296
567763697230438400
567778703959408641
567781675514343424
567783713833234432
567785191901376512
567787449053872128
567801343861092352
567802752677457920
567814300594769920
567819606904295424
567825347439370240
567828973893259264
567831075763003393
567837023014273024
567846970141716481
567858076285452288
567859888480772096
567860107960324096
567873229055991808
567888186967470080
567908831545544706
567918173992910848
567925957090238464
567962289460137984
567979842882428928
568027698452426752
568105932917481472
568139299021041664
568150818572144640
568154816414789632
568165349004316672
568180799838801920
568187636449472513
568188732806963201
568201125012353024
568208831030943744
568214100578324480
568238725626355712
568241989453393920
568243079003529216
568244663154393088
568246093856641024
568272244792631296
568364870757797888
568364889280020481
568366109461606400
568382780251480064
568440527328120832
568470715009277952
568498114300153856
568502210268692480
568574188086296576
568578381320597504
568579388704292864
568625014037045248
568760866088337409
568767621186912256
568774932844261376
568797413529538562
568800389903962112
568810516740644864
568828648687591424
568843696105496577
568849007641911296
568859651980156928
568868928732028928
568870473934761985
568873199250706433
568877353478299648
568878979576410112
568893092927029249
568895050601508865
568937199145783297
568948170060746752
568948848263081986
568963192489029632
568981931599237120
568982821454245888
569000361735761920
569016660927123456
569020707113476096
569083604216623104
569132246810144769
569143944266833920
569144056305074176
569146504004415489
569151206028931072
569154129362186240
569155666440355840
569160924960919552
569164415322492928
569164871465439232
569171651381702657
569199095505690624
569225958495952897
569237783715422208
569238666654195714
569241834670698496
569242387878428672
569252439548952576
569253382898126850
569263732280451072
569270012894060545
569289573395800064
569296356143050754
569300135328530432
569307561083703296
569310115377102850
569318653792948226
569319239900725248
569322478847135744
569326785353129984
569337645878390784
569343070849740801
569352847898386432
569355179717369857
569367829188886528
569370900568502272
569373631999926272
569380098119499776
569382239131168769
569404245142855680
569415109933531136
569436595746684929
569437674257276930
569456828511326208
569464902164856832
569467550100267008
569483885404413952
569484458744807425
569496828376322048
569504232971362304
569504866260930560
569518608797323265
569520929128251392
569522479049400320
569525480178769920
569525875860905984
569527951831666688
569529128585555968
569534175973396480
569536910990950401
569544955800264704
569551994949648385
569552658010210305
569555455963471872
569557305961750528
569558114447560706
569568079761403904
569591310589431808
569591765793165312
569592674400907264
569593045777321985
569593910869127168
569597742693154816
569598614235942912
569599269189107712
569600694388445184
569600780048560128
569600927394631680
569600990430806017
569605452230754305
569608446586200064
569609887388270592
569614365755899905
569618884577218560
569621808963395585
569626174617485313
569628145030004736
569641676244791296
569644492040613888
569650936911683586
569658725016809472
569660666014859264
569665766628286464
569672477967835136
569673044802854912
569675861160386560
569676866824642561
569677827068579840
569678544869199872
569680242194980864
569682818306953216
569684433218875392
569686000240345090
569687343403106304
569688901922615296
569692664720797696
569693012885770240
569697188508348416
569706041673322498
569707409985445889
569709103188197376
569719693780496384
569721150156230657
569724918016839681
569727628766281728
569729732952109056
569735461033213952
569737682466656258
569744079027896320
569748937545883648
569801089022734336
569803188901031936
569821145697890304
569821659097477120
569838593423708160
569857475098202113
569869374103793664
569870252508635136
569872455377879040
569872756302422017
569874150636048384
569876325588197377
569881548515708928
569884951207813122
569890741666717697
569891937924358145
569906598472228864
569908990118723584
569909232696483842
569921142971969537
569923730614460416
569933882662916096
569936565138403328
569937638674829313
569938799397990401
569939156740149249
569947048574758912
569947823615012864
569953575226310656
569958301443739650
569961398890991617
569964389660540928
569972422130032640
569974318463119361
569975032127967232
569978537953902592
569983030108024833
569986129820196864
569986978684362753
569992532123258881
569992543875653633
569996423074160640
569998043761803264
569998668775862272
569999091028983808
570000126636216320
570023530466840576
570037998773018624
570044019897556994
570044497330987008
570060776301424641
570064285860171776
570065322369101824
570072227942674432
570088470171013120
570108987284197376
570129843594997760
570151995472027649
570181406787301378
570181906492297216
570192183766196224
570210502955155456
570212118059995136
570216815105847296
570218269111664640
570219877006503936
570224968417603584
570227814575804416
570227917877354497
570235413224427520
570235609933078529
570239463089000449
570242191685234688
570244158591406080
570245656972894208
570254579578720256
570255224155348992
570256038206824448
570258435448688641
570258597180940288
570269774594224128
570273378403102720
570275384714862592
570276806512779264
570279106090274817
570280755085090816
570287318264905729
570289080090689536
567727599627943936
567729414822449152
567729696662511616
567734113088835585
567735983370539008
567744842935980032
567745233900044289
567753194546421760
567760331829559296
567763697230438400
567778703959408641
567781675514343424
567783713833234432
567785191901376512
567787449053872128
567801343861092352
567802752677457920
567814300594769920
567819606904295424
567825347439370240
567828973893259264
567831075763003393
567837023014273024
567846970141716481
567858076285452288
567859888480772096
567860107960324096
567873229055991808
567888186967470080
567908831545544706
567918173992910848
567925957090238464
567962289460137984
567979842882428928
568027698452426752
568105932917481472
568139299021041664
568150818572144640
568154816414789632
568165349004316672
568180799838801920
568187636449472513
568188732806963201
568201125012353024
568208831030943744
568214100578324480
568238725626355712
568241989453393920
568243079003529216
568244663154393088
568246093856641024
568272244792631296
568364870757797888
568364889280020481
568366109461606400
568382780251480064
568440527328120832
568470715009277952
568498114300153856
568502210268692480
568574188086296576
568578381320597504
568579388704292864
568625014037045248
568760866088337409
568767621186912256
568774932844261376
568797413529538562
568800389903962112
568810516740644864
568828648687591424
568843696105496577
568849007641911296
568859651980156928
568868928732028928
568870473934761985
568873199250706433
568877353478299648
568878979576410112
568893092927029249
568895050601508865
568937199145783297
568948170060746752
568948848263081986
568963192489029632
568981931599237120
568982821454245888
569000361735761920
569016660927123456
569020707113476096
569083604216623104
569132246810144769
569143944266833920
569144056305074176
569146504004415489
569151206028931072
569154129362186240
569155666440355840
569160924960919552
569164415322492928
569164871465439232
569171651381702657
569199095505690624
569225958495952897
569237783715422208
569238666654195714
569241834670698496
569242387878428672
569252439548952576
569253382898126850
569263732280451072
569270012894060545
569289573395800064
569296356143050754
569300135328530432
569307561083703296
569310115377102850
569318653792948226
569319239900725248
569322478847135744
569326785353129984
569337645878390784
569343070849740801
569352847898386432
569355179717369857
569367829188886528
569370900568502272
569373631999926272
569380098119499776
569382239131168769
569404245142855680
569415109933531136
569436595746684929
569437674257276930
569456828511326208
569464902164856832
569467550100267008
569483885404413952
569484458744807425
569496828376322048
569504232971362304
569504866260930560
569518608797323265
569520929128251392
569522479049400320
569525480178769920
569525875860905984
569527951831666688
569529128585555968
569534175973396480
569536910990950401
569544955800264704
569551994949648385
569552658010210305
569555455963471872
569557305961750528
569558114447560706
569568079761403904
569591310589431808
569591765793165312
569592674400907264
569593045777321985
569593910869127168
569597742693154816
569598614235942912
569599269189107712
569600694388445184
569600780048560128
569600927394631680
569600990430806017
569605452230754305
569608446586200064
569609887388270592
569614365755899905
569618884577218560
569621808963395585
569626174617485313
569628145030004736
569641676244791296
569644492040613888
569650936911683586
569658725016809472
569660666014859264
569665766628286464
569672477967835136
569673044802854912
569675861160386560
569676866824642561
569677827068579840
569678544869199872
569680242194980864
569682818306953216
569684433218875392
569686000240345090
569687343403106304
569688901922615296
569692664720797696
569693012885770240
569697188508348416
569706041673322498
569707409985445889
569709103188197376
569719693780496384
569721150156230657
569724918016839681
569727628766281728
569729732952109056
569735461033213952
569737682466656258
569744079027896320
569748937545883648
569801089022734336
569803188901031936
569821145697890304
569821659097477120
569838593423708160
569857475098202113
569869374103793664
569870252508635136
569872455377879040
569872756302422017
569874150636048384
569876325588197377
569881548515708928
569884951207813122
569890741666717697
569891937924358145
569906598472228864
569908990118723584
569909232696483842
569921142971969537
569923730614460416
569933882662916096
569936565138403328
569937638674829313
569938799397990401
569939156740149249
569947048574758912
569947823615012864
569953575226310656
569958301443739650
569961398890991617
569964389660540928
569972422130032640
569974318463119361
569975032127967232
569978537953902592
569983030108024833
569986129820196864
569986978684362753
569992532123258881
569992543875653633
569996423074160640
569998043761803264
569998668775862272
569999091028983808
570000126636216320
570023530466840576
570037998773018624
570044019897556994
570044497330987008
570060776301424641
570064285860171776
570065322369101824
570072227942674432
570088470171013120
570108987284197376
570129843594997760
570151995472027649
570181406787301378
570181906492297216
570192183766196224
570210502955155456
570212118059995136
570216815105847296
570218269111664640
570219877006503936
570224968417603584
570227814575804416
570227917877354497
570235413224427520
570235609933078529
570239463089000449
570242191685234688
570244158591406080
570245656972894208
570254579578720256
570255224155348992
570256038206824448
570258435448688641
570258597180940288
570269774594224128
570273378403102720
570275384714862592
570276806512779264
570279106090274817
570280755085090816
570287318264905729
570289080090689536
567727599627943936
567729414822449152
567729696662511616
567734113088835585
567735983370539008
567744842935980032
567745233900044289
567753194546421760
567760331829559296
567763697230438400
567778703959408641
567781675514343424
567783713833234432
567785191901376512
567787449053872128
567801343861092352
567802752677457920
567814300594769920
567819606904295424
567825347439370240
567828973893259264
567831075763003393
567837023014273024
567846970141716481
567858076285452288
567859888480772096
567860107960324096
567873229055991808
567888186967470080
567908831545544706
567918173992910848
567925957090238464
567962289460137984
567979842882428928
568027698452426752
568105932917481472
568139299021041664
568150818572144640
568154816414789632
568165349004316672
568180799838801920
568187636449472513
568188732806963201
568201125012353024
568208831030943744
568214100578324480
568238725626355712
568241989453393920
568243079003529216
568244663154393088
568246093856641024
568272244792631296
568364870757797888
568364889280020481
568366109461606400
568382780251480064
568440527328120832
568470715009277952
568498114300153856
568502210268692480
568574188086296576
568578381320597504
568579388704292864
568625014037045248
568760866088337409
568767621186912256
568774932844261376
568797413529538562
568800389903962112
568810516740644864
568828648687591424
568843696105496577
568849007641911296
568859651980156928
568868928732028928
568870473934761985
568873199250706433
568877353478299648
568878979576410112
568893092927029249
568895050601508865
568937199145783297
568948170060746752
568948848263081986
568963192489029632
568981931599237120
568982821454245888
569000361735761920
569016660927123456
569020707113476096
569083604216623104
569132246810144769
569143944266833920
569144056305074176
569146504004415489
569151206028931072
569154129362186240
569155666440355840
569160924960919552
569164415322492928
569164871465439232
569171651381702657
569199095505690624
569225958495952897
569237783715422208
569238666654195714
569241834670698496
569242387878428672
569252439548952576
569253382898126850
569263732280451072
569270012894060545
569289573395800064
569296356143050754
569300135328530432
569307561083703296
569310115377102850
569318653792948226
569319239900725248
569322478847135744
569326785353129984
569337645878390784
569343070849740801
569352847898386432
569355179717369857
569367829188886528
569370900568502272
569373631999926272
569380098119499776
569382239131168769
569404245142855680
569415109933531136
569436595746684929
569437674257276930
569456828511326208
569464902164856832
569467550100267008
569483885404413952
569484458744807425
569496828376322048
569504232971362304
569504866260930560
569518608797323265
569520929128251392
569522479049400320
569525480178769920
569525875860905984
569527951831666688
569529128585555968
569534175973396480
569536910990950401
569544955800264704
569551994949648385
569552658010210305
569555455963471872
569557305961750528
569558114447560706
569568079761403904
569591310589431808
569591765793165312
569592674400907264
569593045777321985
569593910869127168
569597742693154816
569598614235942912
569599269189107712
569600694388445184
569600780048560128
569600927394631680
569600990430806017
569605452230754305
569608446586200064
569609887388270592
569614365755899905
569618884577218560
569621808963395585
569626174617485313
569628145030004736
569641676244791296
569644492040613888
569650936911683586
569658725016809472
569660666014859264
569665766628286464
569672477967835136
569673044802854912
569675861160386560
569676866824642561
569677827068579840
569678544869199872
569680242194980864
569682818306953216
569684433218875392
569686000240345090
569687343403106304
569688901922615296
569692664720797696
569693012885770240
569697188508348416
569706041673322498
569707409985445889
569709103188197376
569719693780496384
569721150156230657
569724918016839681
569727628766281728
569729732952109056
569735461033213952
569737682466656258
569744079027896320
569748937545883648
569801089022734336
569803188901031936
569821145697890304
569821659097477120
569838593423708160
569857475098202113
569869374103793664
569870252508635136
569872455377879040
569872756302422017
569874150636048384
569876325588197377
569881548515708928
569884951207813122
569890741666717697
569891937924358145
569906598472228864
569908990118723584
569909232696483842
569921142971969537
569923730614460416
569933882662916096
569936565138403328
569937638674829313
569938799397990401
569939156740149249
569947048574758912
569947823615012864
569953575226310656
569958301443739650
569961398890991617
569964389660540928
569972422130032640
569974318463119361
569975032127967232
569978537953902592
569983030108024833
569986129820196864
569986978684362753
569992532123258881
569992543875653633
569996423074160640
569998043761803264
569998668775862272
569999091028983808
570000126636216320
570023530466840576
570037998773018624
570044019897556994
570044497330987008
570060776301424641
570064285860171776
570065322369101824
570072227942674432
570088470171013120
570108987284197376
570129843594997760
570151995472027649
570181406787301378
570181906492297216
570192183766196224
570210502955155456
570212118059995136
570216815105847296
570218269111664640
570219877006503936
570224968417603584
570227814575804416
570227917877354497
570235413224427520
570235609933078529
570239463089000449
570242191685234688
570244158591406080
570245656972894208
570254579578720256
570255224155348992
570256038206824448
570258435448688641
570258597180940288
570269774594224128
570273378403102720
570275384714862592
570276806512779264
570279106090274817
570280755085090816
570287318264905729
570289080090689536
