567704339448209409
567725820056068096
567733251620356096
567733511281721344
567741884140093440
567744381432516608
567752680514330624
567760060080599040
567768552644423680
567774437673603073
567776832410636288
567791182199197697
567821528424845312
567822848878968832
567825886449250304
567826054522617858
567829543723102208
567839160779730944
567842661463240704
567846970141716481
567851352249868288
567856598762156032
567857591222603776
567859338615865344
567861975419457537
567872077899763712
567872392116191233
567873006501888000
567873801653997569
567885401714589696
567895077189627905
567905220828606466
567915499868131328
567918173992910848
567918283866898432
567919391515348992
567929586077425664
567952115588423681
568036157482602497
568054514617622528
568068509613178880
568083251866152960
568087284483928064
568090000199270400
568096711450566657
568103967185444866
568111010856480768
568116768868159488
568122064919527424
568138258108051457
568166268546748416
568183502161743873
568195829238005760
568199730989174784
568202174917976064
568208027775569920
568209028188233728
568214796514004992
568231529823891456
568240532746473472
568249421877653505
568252787756302336
568375354982842368
568433145437138944
568433716206436353
568437028205035520
568437450927955969
568471991889612800
568498114300153856
568502226597101568
568552711840358401
568561924985782272
568568900767653889
568571021554556929
568597062104813568
568607646204465152
568613354245210112
568633680605945856
568640966866935808
568645576008400896
568662525530628096
568668364144398336
568669880922165248
568701051903336448
568755759670022147
568757775205056512
568760613792579584
568775278505414656
568776831006064640
568784295759777797
568795139512127488
568817985147654144
568829852721106944
568844097374560256
568848928466198530
568877353478299648
568888508703752194
568905259550056448
568917054004334592
568917869762904066
568920607347384321
568931356287365120
568937402837786625
568944054303625217
568951064688373760
568951377231114240
568977086922297345
569008601009762305
569009996668624896
569011185439285248
569011727532032001
569034721683861505
569069311962132480
569103591966793728
569170897606709250
569171631756546048
569172396680175616
569190678758080512
569207022597509120
569209543533699072
569220096490483712
569233955951480832
569236665950203904
569250842894733312
569259442547470336
569269140386488320
569278347441799169
569282249717194754
569295822006960128
569338966857687040
569351289026568192
569374522157207552
569428333500375040
569428644432617473
569448465991737345
569480220203474944
569482685061554176
569487598709817344
569489753332191232
569493640990625793
569509520034156544
569517484102909952
569526493023498240
569540050821763072
569544873809989632
569559136540561408
569564853460807680
569583943772610560
569587371693355008
569592236981284864
569599260288819201
569604655166009345
569605521050898433
569614088390578176
569615206625599488
569617332907212800
569627778892443648
569628242044428288
569628752231018496
569631508379664384
569636454869151744
569641319712169984
569642145977479169
569642757767081984
569644213224148993
569646854402486272
569649508113625089
569649820798881792
569661767158075392
569667923326971904
569674883099205632
569675530792013824
569675774627848192
569676250312249344
569677636613439488
569682097125896192
569684565838553088
569684654380486656
569690272830922752
569693808914522113
569699694454001664
569700696624246785
569702009751916544
569703802783145984
569704005250777090
569710072491745280
569710305707601920
569740409787658240
569759330662109185
569763137819267072
569771576528220161
569780773194113025
569786720562110464
567704339448209409
567725820056068096
567733251620356096
567733511281721344
567741884140093440
567744381432516608
567752680514330624
567760060080599040
567768552644423680
567774437673603073
567776832410636288
567791182199197697
567821528424845312
567822848878968832
567825886449250304
567826054522617858
567829543723102208
567839160779730944
567842661463240704
567846970141716481
567851352249868288
567856598762156032
567857591222603776
567859338615865344
567861975419457537
567872077899763712
567872392116191233
567873006501888000
567873801653997569
567885401714589696
567895077189627905
567905220828606466
567915499868131328
567918173992910848
567918283866898432
567919391515348992
567929586077425664
567952115588423681
568036157482602497
568054514617622528
568068509613178880
568083251866152960
568087284483928064
568090000199270400
568096711450566657
568103967185444866
568111010856480768
568116768868159488
568122064919527424
568138258108051457
568166268546748416
568183502161743873
568195829238005760
568199730989174784
568202174917976064
568208027775569920
568209028188233728
568214796514004992
568231529823891456
568240532746473472
568249421877653505
568252787756302336
568375354982842368
568433145437138944
568433716206436353
568437028205035520
568437450927955969
568471991889612800
568498114300153856
568502226597101568
568552711840358401
568561924985782272
568568900767653889
568571021554556929
568597062104813568
568607646204465152
568613354245210112
568633680605945856
568640966866935808
568645576008400896
568662525530628096
568668364144398336
568669880922165248
568701051903336448
568755759670022147
568757775205056512
568760613792579584
568775278505414656
568776831006064640
568784295759777797
568795139512127488
568817985147654144
568829852721106944
568844097374560256
568848928466198530
568877353478299648
568888508703752194
568905259550056448
568917054004334592
568917869762904066
568920607347384321
568931356287365120
568937402837786625
568944054303625217
568951064688373760
568951377231114240
568977086922297345
569008601009762305
569009996668624896
569011185439285248
569011727532032001
569034721683861505
569069311962132480
569103591966793728
569170897606709250
569171631756546048
569172396680175616
569190678758080512
569207022597509120
569209543533699072
569220096490483712
569233955951480832
569236665950203904
569250842894733312
569259442547470336
569269140386488320
569278347441799169
569282249717194754
569295822006960128
569338966857687040
569351289026568192
569374522157207552
569428333500375040
569428644432617473
569448465991737345
569480220203474944
569482685061554176
569487598709817344
569489753332191232
569493640990625793
569509520034156544
569517484102909952
569526493023498240
569540050821763072
569544873809989632
569559136540561408
569564853460807680
569583943772610560
569587371693355008
569592236981284864
569599260288819201
569604655166009345
569605521050898433
569614088390578176
569615206625599488
569617332907212800
569627778892443648
569628242044428288
569628752231018496
569631508379664384
569636454869151744
569641319712169984
569642145977479169
569642757767081984
569644213224148993
569646854402486272
569649508113625089
569649820798881792
569661767158075392
569667923326971904
569674883099205632
569675530792013824
569675774627848192
569676250312249344
569677636613439488
569682097125896192
569684565838553088
569684654380486656
569690272830922752
569693808914522113
569699694454001664
569700696624246785
569702009751916544
569703802783145984
569704005250777090
569710072491745280
569710305707601920
569740409787658240
569759330662109185
569763137819267072
569771576528220161
569780773194113025
569786720562110464
567704339448209409
567725820056068096
567733251620356096
567733511281721344
567741884140093440
567744381432516608
567752680514330624
567760060080599040
567768552644423680
567774437673603073
567776832410636288
567791182199197697
567821528424845312
567822848878968832
567825886449250304
567826054522617858
567829543723102208
567839160779730944
567842661463240704
567846970141716481
567851352249868288
567856598762156032
567857591222603776
567859338615865344
567861975419457537
567872077899763712
567872392116191233
567873006501888000
567873801653997569
567885401714589696
567895077189627905
567905220828606466
567915499868131328
567918173992910848
567918283866898432
567919391515348992
567929586077425664
567952115588423681
568036157482602497
568054514617622528
568068509613178880
568083251866152960
568087284483928064
568090000199270400
568096711450566657
568103967185444866
568111010856480768
568116768868159488
568122064919527424
568138258108051457
568166268546748416
568183502161743873
568195829238005760
568199730989174784
568202174917976064
568208027775569920
568209028188233728
568214796514004992
568231529823891456
568240532746473472
568249421877653505
568252787756302336
568375354982842368
568433145437138944
568433716206436353
568437028205035520
568437450927955969
568471991889612800
568498114300153856
568502226597101568
568552711840358401
568561924985782272
568568900767653889
568571021554556929
568597062104813568
568607646204465152
568613354245210112
568633680605945856
568640966866935808
568645576008400896
568662525530628096
568668364144398336
568669880922165248
568701051903336448
568755759670022147
568757775205056512
568760613792579584
568775278505414656
568776831006064640
568784295759777797
568795139512127488
568817985147654144
568829852721106944
568844097374560256
568848928466198530
568877353478299648
568888508703752194
568905259550056448
568917054004334592
568917869762904066
568920607347384321
568931356287365120
568937402837786625
568944054303625217
568951064688373760
568951377231114240
568977086922297345
569008601009762305
569009996668624896
569011185439285248
569011727532032001
569034721683861505
569069311962132480
569103591966793728
569170897606709250
569171631756546048
569172396680175616
569190678758080512
569207022597509120
569209543533699072
569220096490483712
569233955951480832
569236665950203904
569250842894733312
569259442547470336
569269140386488320
569278347441799169
569282249717194754
569295822006960128
569338966857687040
569351289026568192
569374522157207552
569428333500375040
569428644432617473
569448465991737345
569480220203474944
569482685061554176
569487598709817344
569489753332191232
569493640990625793
569509520034156544
569517484102909952
569526493023498240
569540050821763072
569544873809989632
569559136540561408
569564853460807680
569583943772610560
569587371693355008
569592236981284864
569599260288819201
569604655166009345
569605521050898433
569614088390578176
569615206625599488
569617332907212800
569627778892443648
569628242044428288
569628752231018496
569631508379664384
569636454869151744
569641319712169984
569642145977479169
569642757767081984
569644213224148993
569646854402486272
569649508113625089
569649820798881792
569661767158075392
569667923326971904
569674883099205632
569675530792013824
569675774627848192
569676250312249344
569677636613439488
569682097125896192
569684565838553088
569684654380486656
569690272830922752
569693808914522113
569699694454001664
569700696624246785
569702009751916544
569703802783145984
569704005250777090
569710072491745280
569710305707601920
569740409787658240
569759330662109185
569763137819267072
569771576528220161
569780773194113025
569786720562110464
569862827227402241
569865540098871298
569874944282234880
569879818063507457
569890651107491840
569895927273517056
569903253183455233
569906807696551936
569906831352578049
569909058250997760
569923242015764480
569928277613256704
569935531213086721
569947048574758912
569948356933332992
569956201934385152
569961398551379968
569962709057298432
569969456190869504
569972039844438016
569972422130032640
569985685723209730
569989082719358976
569990229576196098
569991606385967107
569994012670734336
569995897234288640
570002186991763457
570004771496714241
570007830083854338
570009713447825408
570017867342725121
570019476235788288
570038962561134594
570049923858567168
570056859698270208
570060687164067840
570066226233417728
570073396152676352
570077997648064512
570078556711026688
570078733735821313
570083458925490176
570087022292905985
570100824703143936
570101371409559552
570179455911481344
570198409497288705
570198506222194692
570200237622611968
570212246053220352
570222625621831680
570224727047872514
570235686470746112
570240524592017408
570246695595999232
570272018840428544
570287210219606016
570288799860846592
570289777184002048
570297479029252097
570304445734629376
570306867878072320
570307011981783040
567704339448209409
567725820056068096
567733251620356096
567733511281721344
567741884140093440
567744381432516608
567752680514330624
567760060080599040
567768552644423680
567774437673603073
567776832410636288
567791182199197697
567821528424845312
567822848878968832
567825886449250304
567826054522617858
567829543723102208
567839160779730944
567842661463240704
567846970141716481
567851352249868288
567856598762156032
567857591222603776
567859338615865344
567861975419457537
567872077899763712
567872392116191233
567873006501888000
567873801653997569
567885401714589696
567895077189627905
567905220828606466
567915499868131328
567918173992910848
567918283866898432
567919391515348992
567929586077425664
567952115588423681
568036157482602497
568054514617622528
568068509613178880
568083251866152960
568087284483928064
568090000199270400
568096711450566657
568103967185444866
568111010856480768
568116768868159488
568122064919527424
568138258108051457
568166268546748416
568183502161743873
568195829238005760
568199730989174784
568202174917976064
568208027775569920
568209028188233728
568214796514004992
568231529823891456
568240532746473472
568249421877653505
568252787756302336
568375354982842368
568433145437138944
568433716206436353
568437028205035520
568437450927955969
568471991889612800
568498114300153856
568502226597101568
568552711840358401
568561924985782272
568568900767653889
568571021554556929
568597062104813568
568607646204465152
568613354245210112
568633680605945856
568640966866935808
568645576008400896
568662525530628096
568668364144398336
568669880922165248
568701051903336448
568755759670022147
568757775205056512
568760613792579584
568775278505414656
568776831006064640
568784295759777797
568795139512127488
568817985147654144
568829852721106944
568844097374560256
568848928466198530
568877353478299648
568888508703752194
568905259550056448
568917054004334592
568917869762904066
568920607347384321
568931356287365120
568937402837786625
568944054303625217
568951064688373760
568951377231114240
568977086922297345
569008601009762305
569009996668624896
569011185439285248
569011727532032001
569034721683861505
569069311962132480
569103591966793728
569170897606709250
569171631756546048
569172396680175616
569190678758080512
569207022597509120
569209543533699072
569220096490483712
569233955951480832
569236665950203904
569250842894733312
569259442547470336
569269140386488320
569278347441799169
569282249717194754
569295822006960128
569338966857687040
569351289026568192
569374522157207552
569428333500375040
569428644432617473
569448465991737345
569480220203474944
569482685061554176
569487598709817344
569489753332191232
569493640990625793
569509520034156544
569517484102909952
569526493023498240
569540050821763072
569544873809989632
569559136540561408
569564853460807680
569583943772610560
569587371693355008
569592236981284864
569599260288819201
569604655166009345
569605521050898433
569614088390578176
569615206625599488
569617332907212800
569627778892443648
569628242044428288
569628752231018496
569631508379664384
569636454869151744
569641319712169984
569642145977479169
569642757767081984
569644213224148993
569646854402486272
569649508113625089
569649820798881792
569661767158075392
569667923326971904
569674883099205632
569675530792013824
569675774627848192
569676250312249344
569677636613439488
569682097125896192
569684565838553088
569684654380486656
569690272830922752
569693808914522113
569699694454001664
569700696624246785
569702009751916544
569703802783145984
569704005250777090
569710072491745280
569710305707601920
569740409787658240
569759330662109185
569763137819267072
569771576528220161
569780773194113025
569786720562110464
569862827227402241
569865540098871298
569874944282234880
569879818063507457
569890651107491840
569895927273517056
569903253183455233
569906807696551936
569906831352578049
569909058250997760
569923242015764480
569928277613256704
569935531213086721
569947048574758912
569948356933332992
569956201934385152
569961398551379968
569962709057298432
569969456190869504
569972039844438016
569972422130032640
569985685723209730
569989082719358976
569990229576196098
569991606385967107
569994012670734336
569995897234288640
570002186991763457
570004771496714241
570007830083854338
570009713447825408
570017867342725121
570019476235788288
570038962561134594
570049923858567168
570056859698270208
570060687164067840
570066226233417728
570073396152676352
570077997648064512
570078556711026688
570078733735821313
570083458925490176
570087022292905985
570100824703143936
570101371409559552
570179455911481344
570198409497288705
570198506222194692
570200237622611968
570212246053220352
570222625621831680
570224727047872514
570235686470746112
570240524592017408
570246695595999232
570272018840428544
570287210219606016
570288799860846592
570289777184002048
570297479029252097
570304445734629376
570306867878072320
570307011981783040
567704339448209409
567725820056068096
567733251620356096
567733511281721344
567741884140093440
567744381432516608
567752680514330624
567760060080599040
567768552644423680
567774437673603073
567776832410636288
567791182199197697
567821528424845312
567822848878968832
567825886449250304
567826054522617858
567829543723102208
567839160779730944
567842661463240704
567846970141716481
567851352249868288
567856598762156032
567857591222603776
567859338615865344
567861975419457537
567872077899763712
567872392116191233
567873006501888000
567873801653997569
567885401714589696
567895077189627905
567905220828606466
567915499868131328
567918173992910848
567918283866898432
567919391515348992
567929586077425664
567952115588423681
568036157482602497
568054514617622528
568068509613178880
568083251866152960
568087284483928064
568090000199270400
568096711450566657
568103967185444866
568111010856480768
568116768868159488
568122064919527424
568138258108051457
568166268546748416
568183502161743873
568195829238005760
568199730989174784
568202174917976064
568208027775569920
568209028188233728
568214796514004992
568231529823891456
568240532746473472
568249421877653505
568252787756302336
568375354982842368
568433145437138944
568433716206436353
568437028205035520
568437450927955969
568471991889612800
568498114300153856
568502226597101568
568552711840358401
568561924985782272
568568900767653889
568571021554556929
568597062104813568
568607646204465152
568613354245210112
568633680605945856
568640966866935808
568645576008400896
568662525530628096
568668364144398336
568669880922165248
568701051903336448
568755759670022147
568757775205056512
568760613792579584
568775278505414656
568776831006064640
568784295759777797
568795139512127488
568817985147654144
568829852721106944
568844097374560256
568848928466198530
568877353478299648
568888508703752194
568905259550056448
568917054004334592
568917869762904066
568920607347384321
568931356287365120
568937402837786625
568944054303625217
568951064688373760
568951377231114240
568977086922297345
569008601009762305
569009996668624896
569011185439285248
569011727532032001
569034721683861505
569069311962132480
569103591966793728
569170897606709250
569171631756546048
569172396680175616
569190678758080512
569207022597509120
569209543533699072
569220096490483712
569233955951480832
569236665950203904
569250842894733312
569259442547470336
569269140386488320
569278347441799169
569282249717194754
569295822006960128
569338966857687040
569351289026568192
569374522157207552
569428333500375040
569428644432617473
569448465991737345
569480220203474944
569482685061554176
569487598709817344
569489753332191232
569493640990625793
569509520034156544
569517484102909952
569526493023498240
569540050821763072
569544873809989632
569559136540561408
569564853460807680
569583943772610560
569587371693355008
569592236981284864
569599260288819201
569604655166009345
569605521050898433
569614088390578176
569615206625599488
569617332907212800
569627778892443648
569628242044428288
569628752231018496
569631508379664384
569636454869151744
569641319712169984
569642145977479169
569642757767081984
569644213224148993
569646854402486272
569649508113625089
569649820798881792
569661767158075392
569667923326971904
569674883099205632
569675530792013824
569675774627848192
569676250312249344
569677636613439488
569682097125896192
569684565838553088
569684654380486656
569690272830922752
569693808914522113
569699694454001664
569700696624246785
569702009751916544
569703802783145984
569704005250777090
569710072491745280
569710305707601920
569740409787658240
569759330662109185
569763137819267072
569771576528220161
569780773194113025
569786720562110464
569862827227402241
569865540098871298
569874944282234880
569879818063507457
569890651107491840
569895927273517056
569903253183455233
569906807696551936
569906831352578049
569909058250997760
569923242015764480
569928277613256704
569935531213086721
569947048574758912
569948356933332992
569956201934385152
569961398551379968
569962709057298432
569969456190869504
569972039844438016
569972422130032640
569985685723209730
569989082719358976
569990229576196098
569991606385967107
569994012670734336
569995897234288640
570002186991763457
570004771496714241
570007830083854338
570009713447825408
570017867342725121
570019476235788288
570038962561134594
570049923858567168
570056859698270208
570060687164067840
570066226233417728
570073396152676352
570077997648064512
570078556711026688
570078733735821313
570083458925490176
570087022292905985
570100824703143936
570101371409559552
570179455911481344
570198409497288705
570198506222194692
570200237622611968
570212246053220352
570222625621831680
570224727047872514
570235686470746112
570240524592017408
570246695595999232
570272018840428544
570287210219606016
570288799860846592
570289777184002048
570297479029252097
570304445734629376
570306867878072320
570307011981783040
567704339448209409
567725820056068096
567733251620356096
567733511281721344
567741884140093440
567744381432516608
567752680514330624
567760060080599040
567768552644423680
567774437673603073
567776832410636288
567791182199197697
567821528424845312
567822848878968832
567825886449250304
567826054522617858
567829543723102208
567839160779730944
567842661463240704
567846970141716481
567851352249868288
567856598762156032
567857591222603776
567859338615865344
567861975419457537
567872077899763712
567872392116191233
567873006501888000
567873801653997569
567885401714589696
567895077189627905
567905220828606466
567915499868131328
567918173992910848
567918283866898432
567919391515348992
567929586077425664
567952115588423681
568036157482602497
568054514617622528
568068509613178880
568083251866152960
568087284483928064
568090000199270400
568096711450566657
568103967185444866
568111010856480768
568116768868159488
568122064919527424
568138258108051457
568166268546748416
568183502161743873
568195829238005760
568199730989174784
568202174917976064
568208027775569920
568209028188233728
568214796514004992
568231529823891456
568240532746473472
568249421877653505
568252787756302336
568375354982842368
568433145437138944
568433716206436353
568437028205035520
568437450927955969
568471991889612800
568498114300153856
568502226597101568
568552711840358401
568561924985782272
568568900767653889
568571021554556929
568597062104813568
568607646204465152
568613354245210112
568633680605945856
568640966866935808
568645576008400896
568662525530628096
568668364144398336
568669880922165248
568701051903336448
568755759670022147
568757775205056512
568760613792579584
568775278505414656
568776831006064640
568784295759777797
568795139512127488
568817985147654144
568829852721106944
568844097374560256
568848928466198530
568877353478299648
568888508703752194
568905259550056448
568917054004334592
568917869762904066
568920607347384321
568931356287365120
568937402837786625
568944054303625217
568951064688373760
568951377231114240
568977086922297345
569008601009762305
569009996668624896
569011185439285248
569011727532032001
569034721683861505
569069311962132480
569103591966793728
569170897606709250
569171631756546048
569172396680175616
569190678758080512
569207022597509120
569209543533699072
569220096490483712
569233955951480832
569236665950203904
569250842894733312
569259442547470336
569269140386488320
569278347441799169
569282249717194754
569295822006960128
569338966857687040
569351289026568192
569374522157207552
569428333500375040
569428644432617473
569448465991737345
569480220203474944
569482685061554176
569487598709817344
569489753332191232
569493640990625793
569509520034156544
569517484102909952
569526493023498240
569540050821763072
569544873809989632
569559136540561408
569564853460807680
569583943772610560
569587371693355008
569592236981284864
569599260288819201
569604655166009345
569605521050898433
569614088390578176
569615206625599488
569617332907212800
569627778892443648
569628242044428288
569628752231018496
569631508379664384
569636454869151744
569641319712169984
569642145977479169
569642757767081984
569644213224148993
569646854402486272
569649508113625089
569649820798881792
569661767158075392
569667923326971904
569674883099205632
569675530792013824
569675774627848192
569676250312249344
569677636613439488
569682097125896192
569684565838553088
569684654380486656
569690272830922752
569693808914522113
569699694454001664
569700696624246785
569702009751916544
569703802783145984
569704005250777090
569710072491745280
569710305707601920
569740409787658240
569759330662109185
569763137819267072
569771576528220161
569780773194113025
569786720562110464
569862827227402241
569865540098871298
569874944282234880
569879818063507457
569890651107491840
569895927273517056
569903253183455233
569906807696551936
569906831352578049
569909058250997760
569923242015764480
569928277613256704
569935531213086721
569947048574758912
569948356933332992
569956201934385152
569961398551379968
569962709057298432
569969456190869504
569972039844438016
569972422130032640
569985685723209730
569989082719358976
569990229576196098
569991606385967107
569994012670734336
569995897234288640
570002186991763457
570004771496714241
570007830083854338
570009713447825408
570017867342725121
570019476235788288
570038962561134594
570049923858567168
570056859698270208
570060687164067840
570066226233417728
570073396152676352
570077997648064512
570078556711026688
570078733735821313
570083458925490176
570087022292905985
570100824703143936
570101371409559552
570179455911481344
570198409497288705
570198506222194692
570200237622611968
570212246053220352
570222625621831680
570224727047872514
570235686470746112
570240524592017408
570246695595999232
570272018840428544
570287210219606016
570288799860846592
570289777184002048
570297479029252097
570304445734629376
570306867878072320
570307011981783040
567704339448209409
567725820056068096
567733251620356096
567733511281721344
567741884140093440
567744381432516608
567752680514330624
567760060080599040
567768552644423680
567774437673603073
567776832410636288
567791182199197697
567821528424845312
567822848878968832
567825886449250304
567826054522617858
567829543723102208
567839160779730944
567842661463240704
567846970141716481
567851352249868288
567856598762156032
567857591222603776
567859338615865344
567861975419457537
567872077899763712
567872392116191233
567873006501888000
567873801653997569
567885401714589696
567895077189627905
567905220828606466
567915499868131328
567918173992910848
567918283866898432
567919391515348992
567929586077425664
567952115588423681
568036157482602497
568054514617622528
568068509613178880
568083251866152960
568087284483928064
568090000199270400
568096711450566657
568103967185444866
568111010856480768
568116768868159488
568122064919527424
568138258108051457
568166268546748416
568183502161743873
568195829238005760
568199730989174784
568202174917976064
568208027775569920
568209028188233728
568214796514004992
568231529823891456
568240532746473472
568249421877653505
568252787756302336
568375354982842368
568433145437138944
568433716206436353
568437028205035520
568437450927955969
568471991889612800
568498114300153856
568502226597101568
568552711840358401
568561924985782272
568568900767653889
568571021554556929
568597062104813568
568607646204465152
568613354245210112
568633680605945856
568640966866935808
568645576008400896
568662525530628096
568668364144398336
568669880922165248
568701051903336448
568755759670022147
568757775205056512
568760613792579584
568775278505414656
568776831006064640
568784295759777797
568795139512127488
568817985147654144
568829852721106944
568844097374560256
568848928466198530
568877353478299648
568888508703752194
568905259550056448
568917054004334592
568917869762904066
568920607347384321
568931356287365120
568937402837786625
568944054303625217
568951064688373760
568951377231114240
568977086922297345
569008601009762305
569009996668624896
569011185439285248
569011727532032001
569034721683861505
569069311962132480
569103591966793728
569170897606709250
569171631756546048
569172396680175616
569190678758080512
569207022597509120
569209543533699072
569220096490483712
569233955951480832
569236665950203904
569250842894733312
569259442547470336
569269140386488320
569278347441799169
569282249717194754
569295822006960128
569338966857687040
569351289026568192
569374522157207552
569428333500375040
569428644432617473
569448465991737345
569480220203474944
569482685061554176
569487598709817344
569489753332191232
569493640990625793
569509520034156544
569517484102909952
569526493023498240
569540050821763072
569544873809989632
569559136540561408
569564853460807680
569583943772610560
569587371693355008
569592236981284864
569599260288819201
569604655166009345
569605521050898433
569614088390578176
569615206625599488
569617332907212800
569627778892443648
569628242044428288
569628752231018496
569631508379664384
569636454869151744
569641319712169984
569642145977479169
569642757767081984
569644213224148993
569646854402486272
569649508113625089
569649820798881792
569661767158075392
569667923326971904
569674883099205632
569675530792013824
569675774627848192
569676250312249344
569677636613439488
569682097125896192
569684565838553088
569684654380486656
569690272830922752
569693808914522113
569699694454001664
569700696624246785
569702009751916544
569703802783145984
569704005250777090
569710072491745280
569710305707601920
569740409787658240
569759330662109185
569763137819267072
569771576528220161
569780773194113025
569786720562110464
569862827227402241
569865540098871298
569874944282234880
569879818063507457
569890651107491840
569895927273517056
569903253183455233
569906807696551936
569906831352578049
569909058250997760
569923242015764480
569928277613256704
569935531213086721
569947048574758912
569948356933332992
569956201934385152
569961398551379968
569962709057298432
569969456190869504
569972039844438016
569972422130032640
569985685723209730
569989082719358976
569990229576196098
569991606385967107
569994012670734336
569995897234288640
570002186991763457
570004771496714241
570007830083854338
570009713447825408
570017867342725121
570019476235788288
570038962561134594
570049923858567168
570056859698270208
570060687164067840
570066226233417728
570073396152676352
570077997648064512
570078556711026688
570078733735821313
570083458925490176
570087022292905985
570100824703143936
570101371409559552
570179455911481344
570198409497288705
570198506222194692
570200237622611968
570212246053220352
570222625621831680
570224727047872514
570235686470746112
570240524592017408
570246695595999232
570272018840428544
570287210219606016
570288799860846592
570289777184002048
570297479029252097
570304445734629376
570306867878072320
570307011981783040
567704339448209409
567725820056068096
567733251620356096
567733511281721344
567741884140093440
567744381432516608
567752680514330624
567760060080599040
567768552644423680
567774437673603073
567776832410636288
567791182199197697
567821528424845312
567822848878968832
567825886449250304
567826054522617858
567829543723102208
567839160779730944
567842661463240704
567846970141716481
567851352249868288
567856598762156032
567857591222603776
567859338615865344
567861975419457537
567872077899763712
567872392116191233
567873006501888000
567873801653997569
567885401714589696
567895077189627905
567905220828606466
567915499868131328
567918173992910848
567918283866898432
567919391515348992
567929586077425664
567952115588423681
568036157482602497
568054514617622528
568068509613178880
568083251866152960
568087284483928064
568090000199270400
568096711450566657
568103967185444866
568111010856480768
568116768868159488
568122064919527424
568138258108051457
568166268546748416
568183502161743873
568195829238005760
568199730989174784
568202174917976064
568208027775569920
568209028188233728
568214796514004992
568231529823891456
568240532746473472
568249421877653505
568252787756302336
568375354982842368
568433145437138944
568433716206436353
568437028205035520
568437450927955969
568471991889612800
568498114300153856
568502226597101568
568552711840358401
568561924985782272
568568900767653889
568571021554556929
568597062104813568
568607646204465152
568613354245210112
568633680605945856
568640966866935808
568645576008400896
568662525530628096
568668364144398336
568669880922165248
568701051903336448
568755759670022147
568757775205056512
568760613792579584
568775278505414656
568776831006064640
568784295759777797
568795139512127488
568817985147654144
568829852721106944
568844097374560256
568848928466198530
568877353478299648
568888508703752194
568905259550056448
568917054004334592
568917869762904066
568920607347384321
568931356287365120
568937402837786625
568944054303625217
568951064688373760
568951377231114240
568977086922297345
569008601009762305
569009996668624896
569011185439285248
569011727532032001
569034721683861505
569069311962132480
569103591966793728
569170897606709250
569171631756546048
569172396680175616
569190678758080512
569207022597509120
569209543533699072
569220096490483712
569233955951480832
569236665950203904
569250842894733312
569259442547470336
569269140386488320
569278347441799169
569282249717194754
569295822006960128
569338966857687040
569351289026568192
569374522157207552
569428333500375040
569428644432617473
569448465991737345
569480220203474944
569482685061554176
569487598709817344
569489753332191232
569493640990625793
569509520034156544
569517484102909952
569526493023498240
569540050821763072
569544873809989632
569559136540561408
569564853460807680
569583943772610560
569587371693355008
569592236981284864
569599260288819201
569604655166009345
569605521050898433
569614088390578176
569615206625599488
569617332907212800
569627778892443648
569628242044428288
569628752231018496
569631508379664384
569636454869151744
569641319712169984
569642145977479169
569642757767081984
569644213224148993
569646854402486272
569649508113625089
569649820798881792
569661767158075392
569667923326971904
569674883099205632
569675530792013824
569675774627848192
569676250312249344
569677636613439488
569682097125896192
569684565838553088
569684654380486656
569690272830922752
569693808914522113
569699694454001664
569700696624246785
569702009751916544
569703802783145984
569704005250777090
569710072491745280
569710305707601920
569740409787658240
569759330662109185
569763137819267072
569771576528220161
569780773194113025
569786720562110464
569862827227402241
569865540098871298
569874944282234880
569879818063507457
569890651107491840
569895927273517056
569903253183455233
569906807696551936
569906831352578049
569909058250997760
569923242015764480
569928277613256704
569935531213086721
569947048574758912
569948356933332992
569956201934385152
569961398551379968
569962709057298432
569969456190869504
569972039844438016
569972422130032640
569985685723209730
569989082719358976
569990229576196098
569991606385967107
569994012670734336
569995897234288640
570002186991763457
570004771496714241
570007830083854338
570009713447825408
570017867342725121
570019476235788288
570038962561134594
570049923858567168
570056859698270208
570060687164067840
570066226233417728
570073396152676352
570077997648064512
570078556711026688
570078733735821313
570083458925490176
570087022292905985
570100824703143936
570101371409559552
570179455911481344
570198409497288705
570198506222194692
570200237622611968
570212246053220352
570222625621831680
570224727047872514
570235686470746112
570240524592017408
570246695595999232
570272018840428544
570287210219606016
570288799860846592
570289777184002048
570297479029252097
570304445734629376
570306867878072320
570307011981783040
