567614049425555457
567627253991735296
567715917983776772
567717552290136065
567721764285726720
567724189872697348
567725676958998528
567726138223771649
567727490567639041
567728357555437568
567728890206904320
567730833998757890
567731585035014144
567731810910498816
567732427691683840
567732468657041408
567733609130233856
567734830800961537
567736507687895040
567740211384168448
567747420650754048
567751134476259328
567752558207586304
567753815634370560
567761865779195904
567768450471587840
567771635139502080
567777622357475328
567778009013178368
567779798782595072
567785752751505412
567786652991770629
567787240399851520
567789974717747200
567791323597524992
567800930683609088
567812349895245824
567820647465803776
567821242029359104
567824271234592769
567826054522617858
567836728100200449
567842015418978304
567842466851905536
567842593440145408
567847571223388160
567848544893169664
567857221159297024
567859008230563840
567869191002263553
567872406628356096
567875147941552128
567878239156338688
567881459161260032
567886700275310592
567899010045988865
567906937423073280
567909106553483264
567921252901367808
567945572746792962
567949332395249664
567967937446834177
567987284613545984
568014845062332416
568023553548922880
568027668026937344
568034808598810625
568039498015223808
568039503602065408
568044626654806016
568045397408661504
568045665185452032
568046797475553280
568053919575875584
568054377421901824
568054666216509441
568055034296049664
568075902493593600
568080542345895937
568083224146149376
568094177394888705
568094199586938880
568100000418250752
568105570215055360
568110568097374208
568115928044404736
568119831519739904
568124691673686016
568126621611372545
568134273628155904
568137336095170560
568138996112445440
568140595580919808
568144589162287105
568145883679875072
568148808993013761
568154777739259907
568155440267161600
568172170569887744
568173309747048448
568178355452792832
568188595456118785
568189949415170048
568192942088843264
568201002731622400
568207908057567232
568210743390117888
568222090769379328
568223025805422592
568225322543538176
568238725626355712
568240338164252672
568241382776635392
568244094583107585
568250000028925952
568261172610220033
568262694123339776
568273514970501120
568281546999754752
568353091407495168
568382196081229824
568424307031805952
568430874049581058
568432782386466816
568433045805465600
568435677190336512
568438528666959872
568444328873467905
568447062976524288
568451040397422593
568451219477250048
568454051144339456
568454161962049536
568454321219596289
568456310972424192
568456567835619328
568467286333513728
568475305675001857
568478881063276545
568480653819453440
568481179646758913
568482412990218241
568483491819753472
568495924135235585
568496820604821505
568514819369754624
568522028627533824
568522747501895680
568524550251479040
568525567575744512
568527545097805824
568527764812374016
568533099908182016
568535276546449409
568545648284340224
568551350025330691
568551504505802752
568561041774231553
568562765654159361
568566512308523008
568580515013398528
568584104641368064
568584434376577024
568586882600161280
568588797182648320
568591158777122818
568591345801158656
568593365601820672
568595632140775424
568603081274986496
568604311598469121
568604735772741632
568608132731154432
568611514711552000
568611819864117248
568613712858198016
568617891412574208
568620542682468352
568623037962039297
568623875468226560
568625613797511169
568626857576407041
568627619991650305
568628159618424833
568632754939805696
568633098474299392
568637034761302017
568637273945866240
568639242483556352
568650724399321088
568667108252319744
568725453831315456
568751950935691265
568757671819661314
568760785113120768
568763087689379840
568763877992706048
568772817598050304
568778115956092928
568780964677201920
568781359331844096
568782732358258689
568782924302065665
568786817404817408
568787185341751296
568788357431447552
568792664931508225
568796187299606528
568798264943902720
568798426810355712
568798853656223745
568802225058926592
568802906280845312
568803073835077632
568803508784275457
568806985505726464
568808528426741760
568810642523725824
568810681279111168
568810866830913536
568811734040862720
568818669024907264
568819697438871553
568821261767303168
568822419823169536
568822571875098624
568823603627565056
568825563126865922
568825791644966912
568826055324098562
568827397103099904
568842944024875008
568847512372514816
568848699960332288
568848928466198530
568852319762313216
568853412617560064
568853588858023936
568854976119898112
568856823048089600
568857663171366912
568860520796725248
568862015575461889
568869609622904832
568872880865325056
568873612524032000
568876016216600576
568881291766034432
568881812174299137
568884848632279041
568885581297651713
568893685397483522
568907615809503233
568909776635236352
568923762764095488
568925181848227840
568925709189705728
568930588868141056
568943244027006976
568948008160661504
568948848263081986
568956535679758337
568957365464076288
568961064651460608
568962468766212097
568966873880137728
568967598794149889
568973634087165953
568977086922297345
568994622866915328
568998609590419456
569003484701282304
569008601009762305
569040346262282241
569064161747083266
569076569983086592
569102757875077121
569125033509048320
569128660101427200
569139480101314560
569143996422995968
569147067559485440
569149666027294720
569153841083625473
569154129362186240
569155039983497216
569159165626716160
569165128366755840
569165652876881920
569165654848204800
569167347996495872
569168696083656705
569175278255284224
569179631409958912
569182303034974208
569183862493810690
569184069734395906
569185684268789761
569190606276333568
569192350607671297
569192549170032640
569196701401128961
569200606595952640
569200932577280000
569206447608877056
569208751972065280
569209051260678144
569212318283771904
569212457706782720
569215076655214592
569220920218296320
569221828025167872
569225585181880320
569226044118581248
569227342675116033
569230997650214913
569231984334995456
569238148032671744
569238877178716161
569239087493857281
569241158196400130
569244202225307648
569245152406953984
569247029446119424
569248055817404416
569251925482475520
569253874445492225
569254571622727682
569256471046823937
569259238989688833
569259756344487938
569260526976544768
569263677234388993
569271529386745856
569274001173979137
569275378331717633
569275466936397825
569276864260255745
569283532167757826
569285184605986816
569296055478722560
569305311007399936
569307978798645248
569308168364425216
569310328862830592
569311060903268352
569318505755103232
569320594400874497
569322175175352322
569322372995551232
569323727818657792
569329921740427264
569341439148236800
569342508553121795
569347118034501632
569352324700708864
569353501123280896
569354882370572289
569356387785900032
569358646892748801
569358956549681152
569361107745263617
569365604832047104
569369185559699456
569372333267394560
569381891809214464
569382407847211008
569392511732588544
569393239700013056
569398722884280320
569400188491730945
569407352299847680
569415643474362368
569418652128296960
569436958281183233
569451362687143936
569459543236874240
569466525297590272
569470776576880640
569481897203494914
569485297639149568
569491079952642051
569491537610059776
569504946120298496
569507060209090561
569508595181731841
569522534724403201
569522767868989440
569523293356630016
569525679823425536
569525875860905984
569526894028197888
569529020892651521
569529242893090816
569533328396832768
569535503827017730
569536910990950401
569541328289165312
569549686857736193
569552374882299904
569552658010210305
569553488885243904
569554776611901440
569554826616381440
569557167411478528
569558114447560706
569558589628502016
569559136540561408
569561225488678913
569562133249130496
569564016906891264
569569152312213506
569571492947742720
569571772355489792
569572180012371968
569574074936123392
569580197709783040
569585747503611905
569587048811761664
569588375037960192
569588465593143297
569589829735821312
569589959088173056
569590151657103360
569591456190504961
569592675638382592
569594402114392064
569595245945597952
569596364197199873
569596394819883008
569597072350978048
569598314825555968
569598915722518528
569598985737867265
569601850820976640
569603875671396352
569604033083789312
569604665240895488
569605935280336896
569607661655715841
569607757784952832
569611735696580611
569615410720432128
569615855505387520
569616208804380672
569616283706077184
569616362223628289
569616551239917569
569616576481267712
569617808885096448
569618829627666432
569619208884977664
569619861879590912
569620168671756288
569620494724366336
569621349095702528
569621365634015232
569621412325023744
569621583737835520
569622389920641024
569624621047111680
569625953602834433
569627477200535552
569628521666117632
569628922431873025
569630715698151424
569630987858132992
569631775766368256
569631824101683200
569633393673150464
569633482915209216
569635623348215808
569638419384528897
569638521817968641
569638835539349504
569639640170254336
569639854277066752
569640733466103808
569641615721140224
569641686101585921
569641735086858240
569642078990258176
569642145977479169
569643262459269120
569643921543958530
569644310045417472
569644332573007873
569644902637813761
569645701291843584
569648102669471744
569648671870099456
569649433635368961
569650320613052416
569654471342600193
569655012915322880
569655262765719553
569656281885077505
569656858400694272
569657264262533120
569658553381883905
569660666014859264
569662030984056834
569662132582621184
569663701017624576
569665202616020992
569666814017294339
569667821455708160
569668704524308480
569668818253053952
569669603443519490
569669786810114048
569670708818780161
569672021078114304
569672930851844096
569673044802854912
569673434721951744
569676387113672704
569676612851134464
569677478077136897
569678349846450177
569679759250038784
569680835894497280
569682228269068288
569682277111889920
569683866908286976
569684917145223170
569685261518376960
569687410969321472
569690433996984320
569691858365915136
569692835907129345
569692982955237377
569693689766907904
569694591290646529
569695452368670720
569695695868817410
569697793801134080
569698217614544897
569699455919726593
569701122899775488
569701192449654784
569701848476745728
569702549491752960
569703417628770304
569706320212787200
569708173831094272
569709136813826049
569709452594524160
569709870729068544
569711837656125440
569716857869107200
569718465034096640
569718651709820930
569720008630149120
569720325165830144
569721721944735744
569723932355358720
569727727881682944
569730861593010176
569733015896592385
569734641193586688
569737259999571968
569741221783957504
569743891714347009
569746687805095936
569747411779735552
569760128343220224
569766247715319808
569766956062134272
569769214388473857
569771270839013376
569772113378217984
569793460414189568
569797440100036608
567614049425555457
567627253991735296
567715917983776772
567717552290136065
567721764285726720
567724189872697348
567725676958998528
567726138223771649
567727490567639041
567728357555437568
567728890206904320
567730833998757890
567731585035014144
567731810910498816
567732427691683840
567732468657041408
567733609130233856
567734830800961537
567736507687895040
567740211384168448
567747420650754048
567751134476259328
567752558207586304
567753815634370560
567761865779195904
567768450471587840
567771635139502080
567777622357475328
567778009013178368
567779798782595072
567785752751505412
567786652991770629
567787240399851520
567789974717747200
567791323597524992
567800930683609088
567812349895245824
567820647465803776
567821242029359104
567824271234592769
567826054522617858
567836728100200449
567842015418978304
567842466851905536
567842593440145408
567847571223388160
567848544893169664
567857221159297024
567859008230563840
567869191002263553
567872406628356096
567875147941552128
567878239156338688
567881459161260032
567886700275310592
567899010045988865
567906937423073280
567909106553483264
567921252901367808
567945572746792962
567949332395249664
567967937446834177
567987284613545984
568014845062332416
568023553548922880
568027668026937344
568034808598810625
568039498015223808
568039503602065408
568044626654806016
568045397408661504
568045665185452032
568046797475553280
568053919575875584
568054377421901824
568054666216509441
568055034296049664
568075902493593600
568080542345895937
568083224146149376
568094177394888705
568094199586938880
568100000418250752
568105570215055360
568110568097374208
568115928044404736
568119831519739904
568124691673686016
568126621611372545
568134273628155904
568137336095170560
568138996112445440
568140595580919808
568144589162287105
568145883679875072
568148808993013761
568154777739259907
568155440267161600
568172170569887744
568173309747048448
568178355452792832
568188595456118785
568189949415170048
568192942088843264
568201002731622400
568207908057567232
568210743390117888
568222090769379328
568223025805422592
568225322543538176
568238725626355712
568240338164252672
568241382776635392
568244094583107585
568250000028925952
568261172610220033
568262694123339776
568273514970501120
568281546999754752
568353091407495168
568382196081229824
568424307031805952
568430874049581058
568432782386466816
568433045805465600
568435677190336512
568438528666959872
568444328873467905
568447062976524288
568451040397422593
568451219477250048
568454051144339456
568454161962049536
568454321219596289
568456310972424192
568456567835619328
568467286333513728
568475305675001857
568478881063276545
568480653819453440
568481179646758913
568482412990218241
568483491819753472
568495924135235585
568496820604821505
568514819369754624
568522028627533824
568522747501895680
568524550251479040
568525567575744512
568527545097805824
568527764812374016
568533099908182016
568535276546449409
568545648284340224
568551350025330691
568551504505802752
568561041774231553
568562765654159361
568566512308523008
568580515013398528
568584104641368064
568584434376577024
568586882600161280
568588797182648320
568591158777122818
568591345801158656
568593365601820672
568595632140775424
568603081274986496
568604311598469121
568604735772741632
568608132731154432
568611514711552000
568611819864117248
568613712858198016
568617891412574208
568620542682468352
568623037962039297
568623875468226560
568625613797511169
568626857576407041
568627619991650305
568628159618424833
568632754939805696
568633098474299392
568637034761302017
568637273945866240
568639242483556352
568650724399321088
568667108252319744
568725453831315456
568751950935691265
568757671819661314
568760785113120768
568763087689379840
568763877992706048
568772817598050304
568778115956092928
568780964677201920
568781359331844096
568782732358258689
568782924302065665
568786817404817408
568787185341751296
568788357431447552
568792664931508225
568796187299606528
568798264943902720
568798426810355712
568798853656223745
568802225058926592
568802906280845312
568803073835077632
568803508784275457
568806985505726464
568808528426741760
568810642523725824
568810681279111168
568810866830913536
568811734040862720
568818669024907264
568819697438871553
568821261767303168
568822419823169536
568822571875098624
568823603627565056
568825563126865922
568825791644966912
568826055324098562
568827397103099904
568842944024875008
568847512372514816
568848699960332288
568848928466198530
568852319762313216
568853412617560064
568853588858023936
568854976119898112
568856823048089600
568857663171366912
568860520796725248
568862015575461889
568869609622904832
568872880865325056
568873612524032000
568876016216600576
568881291766034432
568881812174299137
568884848632279041
568885581297651713
568893685397483522
568907615809503233
568909776635236352
568923762764095488
568925181848227840
568925709189705728
568930588868141056
568943244027006976
568948008160661504
568948848263081986
568956535679758337
568957365464076288
568961064651460608
568962468766212097
568966873880137728
568967598794149889
568973634087165953
568977086922297345
568994622866915328
568998609590419456
569003484701282304
569008601009762305
569040346262282241
569064161747083266
569076569983086592
569102757875077121
569125033509048320
569128660101427200
569139480101314560
569143996422995968
569147067559485440
569149666027294720
569153841083625473
569154129362186240
569155039983497216
569159165626716160
569165128366755840
569165652876881920
569165654848204800
569167347996495872
569168696083656705
569175278255284224
569179631409958912
569182303034974208
569183862493810690
569184069734395906
569185684268789761
569190606276333568
569192350607671297
569192549170032640
569196701401128961
569200606595952640
569200932577280000
569206447608877056
569208751972065280
569209051260678144
569212318283771904
569212457706782720
569215076655214592
569220920218296320
569221828025167872
569225585181880320
569226044118581248
569227342675116033
569230997650214913
569231984334995456
569238148032671744
569238877178716161
569239087493857281
569241158196400130
569244202225307648
569245152406953984
569247029446119424
569248055817404416
569251925482475520
569253874445492225
569254571622727682
569256471046823937
569259238989688833
569259756344487938
569260526976544768
569263677234388993
569271529386745856
569274001173979137
569275378331717633
569275466936397825
569276864260255745
569283532167757826
569285184605986816
569296055478722560
569305311007399936
569307978798645248
569308168364425216
569310328862830592
569311060903268352
569318505755103232
569320594400874497
569322175175352322
569322372995551232
569323727818657792
569329921740427264
569341439148236800
569342508553121795
569347118034501632
569352324700708864
569353501123280896
569354882370572289
569356387785900032
569358646892748801
569358956549681152
569361107745263617
569365604832047104
569369185559699456
569372333267394560
569381891809214464
569382407847211008
569392511732588544
569393239700013056
569398722884280320
569400188491730945
569407352299847680
569415643474362368
569418652128296960
569436958281183233
569451362687143936
569459543236874240
569466525297590272
569470776576880640
569481897203494914
569485297639149568
569491079952642051
569491537610059776
569504946120298496
569507060209090561
569508595181731841
569522534724403201
569522767868989440
569523293356630016
569525679823425536
569525875860905984
569526894028197888
569529020892651521
569529242893090816
569533328396832768
569535503827017730
569536910990950401
569541328289165312
569549686857736193
569552374882299904
569552658010210305
569553488885243904
569554776611901440
569554826616381440
569557167411478528
569558114447560706
569558589628502016
569559136540561408
569561225488678913
569562133249130496
569564016906891264
569569152312213506
569571492947742720
569571772355489792
569572180012371968
569574074936123392
569580197709783040
569585747503611905
569587048811761664
569588375037960192
569588465593143297
569589829735821312
569589959088173056
569590151657103360
569591456190504961
569592675638382592
569594402114392064
569595245945597952
569596364197199873
569596394819883008
569597072350978048
569598314825555968
569598915722518528
569598985737867265
569601850820976640
569603875671396352
569604033083789312
569604665240895488
569605935280336896
569607661655715841
569607757784952832
569611735696580611
569615410720432128
569615855505387520
569616208804380672
569616283706077184
569616362223628289
569616551239917569
569616576481267712
569617808885096448
569618829627666432
569619208884977664
569619861879590912
569620168671756288
569620494724366336
569621349095702528
569621365634015232
569621412325023744
569621583737835520
569622389920641024
569624621047111680
569625953602834433
569627477200535552
569628521666117632
569628922431873025
569630715698151424
569630987858132992
569631775766368256
569631824101683200
569633393673150464
569633482915209216
569635623348215808
569638419384528897
569638521817968641
569638835539349504
569639640170254336
569639854277066752
569640733466103808
569641615721140224
569641686101585921
569641735086858240
569642078990258176
569642145977479169
569643262459269120
569643921543958530
569644310045417472
569644332573007873
569644902637813761
569645701291843584
569648102669471744
569648671870099456
569649433635368961
569650320613052416
569654471342600193
569655012915322880
569655262765719553
569656281885077505
569656858400694272
569657264262533120
569658553381883905
569660666014859264
569662030984056834
569662132582621184
569663701017624576
569665202616020992
569666814017294339
569667821455708160
569668704524308480
569668818253053952
569669603443519490
569669786810114048
569670708818780161
569672021078114304
569672930851844096
569673044802854912
569673434721951744
569676387113672704
569676612851134464
569677478077136897
569678349846450177
569679759250038784
569680835894497280
569682228269068288
569682277111889920
569683866908286976
569684917145223170
569685261518376960
569687410969321472
569690433996984320
569691858365915136
569692835907129345
569692982955237377
569693689766907904
569694591290646529
569695452368670720
569695695868817410
569697793801134080
569698217614544897
569699455919726593
569701122899775488
569701192449654784
569701848476745728
569702549491752960
569703417628770304
569706320212787200
569708173831094272
569709136813826049
569709452594524160
569709870729068544
569711837656125440
569716857869107200
569718465034096640
569718651709820930
569720008630149120
569720325165830144
569721721944735744
569723932355358720
569727727881682944
569730861593010176
569733015896592385
569734641193586688
569737259999571968
569741221783957504
569743891714347009
569746687805095936
569747411779735552
569760128343220224
569766247715319808
569766956062134272
569769214388473857
569771270839013376
569772113378217984
569793460414189568
569797440100036608
569820619682009088
569820671234060288
569822102062309376
569826452633313280
569827699243544576
569828681297870848
569842452716236800
567614049425555457
567627253991735296
567715917983776772
567717552290136065
567721764285726720
567724189872697348
567725676958998528
567726138223771649
567727490567639041
567728357555437568
567728890206904320
567730833998757890
567731585035014144
567731810910498816
567732427691683840
567732468657041408
567733609130233856
567734830800961537
567736507687895040
567740211384168448
567747420650754048
567751134476259328
567752558207586304
567753815634370560
567761865779195904
567768450471587840
567771635139502080
567777622357475328
567778009013178368
567779798782595072
567785752751505412
567786652991770629
567787240399851520
567789974717747200
567791323597524992
567800930683609088
567812349895245824
567820647465803776
567821242029359104
567824271234592769
567826054522617858
567836728100200449
567842015418978304
567842466851905536
567842593440145408
567847571223388160
567848544893169664
567857221159297024
567859008230563840
567869191002263553
567872406628356096
567875147941552128
567878239156338688
567881459161260032
567886700275310592
567899010045988865
567906937423073280
567909106553483264
567921252901367808
567945572746792962
567949332395249664
567967937446834177
567987284613545984
568014845062332416
568023553548922880
568027668026937344
568034808598810625
568039498015223808
568039503602065408
568044626654806016
568045397408661504
568045665185452032
568046797475553280
568053919575875584
568054377421901824
568054666216509441
568055034296049664
568075902493593600
568080542345895937
568083224146149376
568094177394888705
568094199586938880
568100000418250752
568105570215055360
568110568097374208
568115928044404736
568119831519739904
568124691673686016
568126621611372545
568134273628155904
568137336095170560
568138996112445440
568140595580919808
568144589162287105
568145883679875072
568148808993013761
568154777739259907
568155440267161600
568172170569887744
568173309747048448
568178355452792832
568188595456118785
568189949415170048
568192942088843264
568201002731622400
568207908057567232
568210743390117888
568222090769379328
568223025805422592
568225322543538176
568238725626355712
568240338164252672
568241382776635392
568244094583107585
568250000028925952
568261172610220033
568262694123339776
568273514970501120
568281546999754752
568353091407495168
568382196081229824
568424307031805952
568430874049581058
568432782386466816
568433045805465600
568435677190336512
568438528666959872
568444328873467905
568447062976524288
568451040397422593
568451219477250048
568454051144339456
568454161962049536
568454321219596289
568456310972424192
568456567835619328
568467286333513728
568475305675001857
568478881063276545
568480653819453440
568481179646758913
568482412990218241
568483491819753472
568495924135235585
568496820604821505
568514819369754624
568522028627533824
568522747501895680
568524550251479040
568525567575744512
568527545097805824
568527764812374016
568533099908182016
568535276546449409
568545648284340224
568551350025330691
568551504505802752
568561041774231553
568562765654159361
568566512308523008
568580515013398528
568584104641368064
568584434376577024
568586882600161280
568588797182648320
568591158777122818
568591345801158656
568593365601820672
568595632140775424
568603081274986496
568604311598469121
568604735772741632
568608132731154432
568611514711552000
568611819864117248
568613712858198016
568617891412574208
568620542682468352
568623037962039297
568623875468226560
568625613797511169
568626857576407041
568627619991650305
568628159618424833
568632754939805696
568633098474299392
568637034761302017
568637273945866240
568639242483556352
568650724399321088
568667108252319744
568725453831315456
568751950935691265
568757671819661314
568760785113120768
568763087689379840
568763877992706048
568772817598050304
568778115956092928
568780964677201920
568781359331844096
568782732358258689
568782924302065665
568786817404817408
568787185341751296
568788357431447552
568792664931508225
568796187299606528
568798264943902720
568798426810355712
568798853656223745
568802225058926592
568802906280845312
568803073835077632
568803508784275457
568806985505726464
568808528426741760
568810642523725824
568810681279111168
568810866830913536
568811734040862720
568818669024907264
568819697438871553
568821261767303168
568822419823169536
568822571875098624
568823603627565056
568825563126865922
568825791644966912
568826055324098562
568827397103099904
568842944024875008
568847512372514816
568848699960332288
568848928466198530
568852319762313216
568853412617560064
568853588858023936
568854976119898112
568856823048089600
568857663171366912
568860520796725248
568862015575461889
568869609622904832
568872880865325056
568873612524032000
568876016216600576
568881291766034432
568881812174299137
568884848632279041
568885581297651713
568893685397483522
568907615809503233
568909776635236352
568923762764095488
568925181848227840
568925709189705728
568930588868141056
568943244027006976
568948008160661504
568948848263081986
568956535679758337
568957365464076288
568961064651460608
568962468766212097
568966873880137728
568967598794149889
568973634087165953
568977086922297345
568994622866915328
568998609590419456
569003484701282304
569008601009762305
569040346262282241
569064161747083266
569076569983086592
569102757875077121
569125033509048320
569128660101427200
569139480101314560
569143996422995968
569147067559485440
569149666027294720
569153841083625473
569154129362186240
569155039983497216
569159165626716160
569165128366755840
569165652876881920
569165654848204800
569167347996495872
569168696083656705
569175278255284224
569179631409958912
569182303034974208
569183862493810690
569184069734395906
569185684268789761
569190606276333568
569192350607671297
569192549170032640
569196701401128961
569200606595952640
569200932577280000
569206447608877056
569208751972065280
569209051260678144
569212318283771904
569212457706782720
569215076655214592
569220920218296320
569221828025167872
569225585181880320
569226044118581248
569227342675116033
569230997650214913
569231984334995456
569238148032671744
569238877178716161
569239087493857281
569241158196400130
569244202225307648
569245152406953984
569247029446119424
569248055817404416
569251925482475520
569253874445492225
569254571622727682
569256471046823937
569259238989688833
569259756344487938
569260526976544768
569263677234388993
569271529386745856
569274001173979137
569275378331717633
569275466936397825
569276864260255745
569283532167757826
569285184605986816
569296055478722560
569305311007399936
569307978798645248
569308168364425216
569310328862830592
569311060903268352
569318505755103232
569320594400874497
569322175175352322
569322372995551232
569323727818657792
569329921740427264
569341439148236800
569342508553121795
569347118034501632
569352324700708864
569353501123280896
569354882370572289
569356387785900032
569358646892748801
569358956549681152
569361107745263617
569365604832047104
569369185559699456
569372333267394560
569381891809214464
569382407847211008
569392511732588544
569393239700013056
569398722884280320
569400188491730945
569407352299847680
569415643474362368
569418652128296960
569436958281183233
569451362687143936
569459543236874240
569466525297590272
569470776576880640
569481897203494914
569485297639149568
569491079952642051
569491537610059776
569504946120298496
569507060209090561
569508595181731841
569522534724403201
569522767868989440
569523293356630016
569525679823425536
569525875860905984
569526894028197888
569529020892651521
569529242893090816
569533328396832768
569535503827017730
569536910990950401
569541328289165312
569549686857736193
569552374882299904
569552658010210305
569553488885243904
569554776611901440
569554826616381440
569557167411478528
569558114447560706
569558589628502016
569559136540561408
569561225488678913
569562133249130496
569564016906891264
569569152312213506
569571492947742720
569571772355489792
569572180012371968
569574074936123392
569580197709783040
569585747503611905
569587048811761664
569588375037960192
569588465593143297
569589829735821312
569589959088173056
569590151657103360
569591456190504961
569592675638382592
569594402114392064
569595245945597952
569596364197199873
569596394819883008
569597072350978048
569598314825555968
569598915722518528
569598985737867265
569601850820976640
569603875671396352
569604033083789312
569604665240895488
569605935280336896
569607661655715841
569607757784952832
569611735696580611
569615410720432128
569615855505387520
569616208804380672
569616283706077184
569616362223628289
569616551239917569
569616576481267712
569617808885096448
569618829627666432
569619208884977664
569619861879590912
569620168671756288
569620494724366336
569621349095702528
569621365634015232
569621412325023744
569621583737835520
569622389920641024
569624621047111680
569625953602834433
569627477200535552
569628521666117632
569628922431873025
569630715698151424
569630987858132992
569631775766368256
569631824101683200
569633393673150464
569633482915209216
569635623348215808
569638419384528897
569638521817968641
569638835539349504
569639640170254336
569639854277066752
569640733466103808
569641615721140224
569641686101585921
569641735086858240
569642078990258176
569642145977479169
569643262459269120
569643921543958530
569644310045417472
569644332573007873
569644902637813761
569645701291843584
569648102669471744
569648671870099456
569649433635368961
569650320613052416
569654471342600193
569655012915322880
569655262765719553
569656281885077505
569656858400694272
569657264262533120
569658553381883905
569660666014859264
569662030984056834
569662132582621184
569663701017624576
569665202616020992
569666814017294339
569667821455708160
569668704524308480
569668818253053952
569669603443519490
569669786810114048
569670708818780161
569672021078114304
569672930851844096
569673044802854912
569673434721951744
569676387113672704
569676612851134464
569677478077136897
569678349846450177
569679759250038784
569680835894497280
569682228269068288
569682277111889920
569683866908286976
569684917145223170
569685261518376960
569687410969321472
569690433996984320
569691858365915136
569692835907129345
569692982955237377
569693689766907904
569694591290646529
569695452368670720
569695695868817410
569697793801134080
569698217614544897
569699455919726593
569701122899775488
569701192449654784
569701848476745728
569702549491752960
569703417628770304
569706320212787200
569708173831094272
569709136813826049
569709452594524160
569709870729068544
569711837656125440
569716857869107200
569718465034096640
569718651709820930
569720008630149120
569720325165830144
569721721944735744
569723932355358720
569727727881682944
569730861593010176
569733015896592385
569734641193586688
569737259999571968
569741221783957504
569743891714347009
569746687805095936
569747411779735552
569760128343220224
569766247715319808
569766956062134272
569769214388473857
569771270839013376
569772113378217984
569793460414189568
569797440100036608
569820619682009088
569820671234060288
569822102062309376
569826452633313280
569827699243544576
569828681297870848
569842452716236800
569844262461972480
569846045892608001
569846545715228673
569853969469734912
569854492126146560
569857003855720448
569860082965426176
569863453696876544
569865536873500672
569865637666930688
569866669243265024
569866847690100736
569870374638235649
569870837815205888
569872363170373632
569873091763032065
569874150636048384
569875456415170560
569879497891303424
569881463233097728
569883152493240320
569883984190005248
569885742526124032
569888159707738113
569888646633017344
569890600474021889
569891568074797056
569892686624198657
569894088209596416
569894690566369280
569895082402295810
569896010010353664
569896805611089920
569897334760448000
569900620095856640
569903088632352769
569905336380989440
569905534020820992
569906378233356290
569906598472228864
569909641129402368
569911501626028032
569911608278974465
569912835871879168
569915182329286656
569917729022586880
569917765676601344
569919787888988160
569920406737432577
569920593597894657
569920773105840128
569921913667104768
569922008588222465
569923360982900737
569925990283145216
569926212400709632
569927042931814400
569928758024667137
569934395865493504
569934594268471296
569935232033366017
569937108095205376
569937408013176832
569938848156930050
569940462678749186
569940685757014016
569940883975446528
569945085158264832
569947048574758912
569950348908982273
569950980638412800
569963701794516992
569966060926947329
569966076047437824
569967632868188160
569967808446009345
569968609440563201
569969045946175490
569969714245431296
569971216934526976
569973088076460032
569974423903715328
569977974176378880
569978748780421121
569981968655519744
569985288992264192
569985299448795137
569985760482365440
569989082719358976
569989504431316993
569989551051177984
569989812637167617
569989999963213824
569990481452539904
569992753649729536
569995418370646016
569997258772455424
570002432375148544
570003144366792704
570009228867293185
570009576273154048
570009743160254464
570015794387685376
570018836239364096
570019476235788288
570019741806538752
570019785788022785
570021225323298816
570021599392329728
570030590466121728
570032636657311744
570033062202863616
570033259842801664
570042533679656960
570043574097555456
570046387825410048
570048275367079937
570048804550004737
570050402294636544
570053482029277184
570056726793359360
570063224328081408
570063648468688899
570065109961322496
570066283233972224
570072031502340096
570073396152676352
570074583379939328
570074601801318400
570076814585913344
570077431484121088
570077991436484609
570080397628825600
570080703171448832
570086501222096896
570088980278059008
570096582546165760
570101817041747968
570104544622981122
570104743747416064
570105020999344128
570106218825564161
570106900970221568
570108801711341568
570115243747074048
570119247982137344
570122183072092160
570135557151580160
570141242769559552
570146348613406720
570177331358076929
570179466716176384
570182054987505664
570183052401508352
570187686213918721
570199974719455232
570201440704028672
570202160564203520
570203789963218944
570210502955155456
570214732067700736
570215359963406337
570219942961922048
570220154363232256
570224417445261313
570226471941251072
570229842626478081
570232533272567813
570233809129467905
570234734942523393
570236587386122240
570239632807370753
570245402982785024
570245555064074240
570246094157946880
570250236402094080
570251472203587584
570252666439385088
570257377460514816
570260118043914240
570260383862108160
570261193685749760
570261977332731904
570266871586553856
570267956648792064
570269280748441601
570269774594224128
570270216694968320
570275970046775297
570276434763128833
570278869133107201
570279220502511617
570280755085090816
570281010606120960
570281719074566145
570283712409051136
570284660510433280
570285320085880832
570287210219606016
570291866530398208
570293142257311744
570293669628157952
570295405818335236
570295981985681409
570297479029252097
570300177367633921
570302337069264900
570305603056349184
570306133677760513
