567800329824399360
568429062642929664
568818427579793409
568961738596462593
569347252550017026
569454641320062976
569484400594952192
569516566380875778
569763359278505984
567800329824399360
568429062642929664
568818427579793409
568961738596462593
569347252550017026
569454641320062976
569484400594952192
569516566380875778
569763359278505984
567800329824399360
568429062642929664
568818427579793409
568961738596462593
569347252550017026
569454641320062976
569484400594952192
569516566380875778
569763359278505984
569960667140235264
569961203197325312
570298644475346945
