567767810655670272
568457681855340544
568481405681999872
568541894076026881
569197910895812608
569656884262793216
567767810655670272
568457681855340544
568481405681999872
568541894076026881
569197910895812608
569656884262793216
567767810655670272
568457681855340544
568481405681999872
568541894076026881
569197910895812608
569656884262793216
570012789479055360
570275632518733825
567767810655670272
568457681855340544
568481405681999872
568541894076026881
569197910895812608
569656884262793216
570012789479055360
570275632518733825
567767810655670272
568457681855340544
568481405681999872
568541894076026881
569197910895812608
569656884262793216
570012789479055360
570275632518733825
567767810655670272
568457681855340544
568481405681999872
568541894076026881
569197910895812608
569656884262793216
570012789479055360
570275632518733825
567767810655670272
568457681855340544
568481405681999872
568541894076026881
569197910895812608
569656884262793216
570012789479055360
570275632518733825
567767810655670272
568457681855340544
568481405681999872
568541894076026881
569197910895812608
569656884262793216
570012789479055360
570275632518733825
