567617486703853568
567627253991735296
567692504397803520
567704339448209409
567726860638101504
567734357839056896
567734644515536896
567737449938685952
567738154128769028
567751134476259328
567756326718431232
567762333779628032
567765379653849091
567767199700758530
567770910107897856
567772685472915456
567773236734074880
567783892711526400
567785042891567104
567788578026311680
567790510502371328
567792966690168832
567794017593991169
567800329824399360
567805230550634496
567814010914222080
567814094678675458
567816155369570304
567823459276877824
567827275619549184
567831806944223232
567833916196843520
567842726861021184
567849520781893632
567864058742845440
567866673325285376
567871270014025728
567875699056467968
567877584341479424
567893924699770880
567897643873148928
567900433542488064
567927725815496704
567940050186604545
567943461476806656
567970771718578176
567972426027565056
568011684067078144
568014723926626304
568016314457047040
568023874970861568
568032561462689793
568039128001937408
568039498015223808
568044275910512640
568046603916996609
568054702635483136
568064339544051712
568080133195755520
568081558625759233
568083588308197376
568087085120233473
568087789004300288
568094760151486464
568098115988918273
568101513605681152
568107363195973633
568107551553794049
568112232208293889
568116430966648833
568129652625158147
568135421445545984
568135839814807552
568138172133183488
568148652352544769
568165058229997569
568165349004316672
568167917004718080
568168034394873857
568180710252646400
568180928746369027
568186002759671808
568192567348604928
568204705861652480
568205117368836096
568207228412542976
568210101573722112
568211991757770752
568219901359460353
568232802749161472
568240100934426624
568240338164252672
568241499831287808
568246736222879744
568380876855353344
568380957012525057
568395094232932352
568411566233804802
568418531777355776
568421732157161472
568426849040261120
568426870963712000
568427942382071810
568431007654924288
568436267702071296
568442965661761536
568450712314753024
568462314388656128
568468724048646145
568469582295379969
568474442210283520
568480654347935745
568488247514554369
568490310524936192
568491484401557504
568494910405517312
568495231877967872
568496445164273665
568504198385373184
568507131902726144
568509763048357888
568512847178645505
568528678671360000
568536972072865792
568547839636332544
568551937185951744
568552167122055168
568556148368019456
568564675312545792
568566512308523008
568569646389067776
568570374335524865
568575202713583616
568582374549807104
568583191260483584
568583773794799616
568599168949886977
568607646204465152
568612163578773504
568613354245210112
568626612314308608
568626969983750145
568629558716592128
568636973964898305
568639207846989824
568639824145584128
568640966866935808
568643357108531200
568645576008400896
568648940033343488
568654569976123392
568720333634609153
568740200479793153
568766741746225152
568779110710964224
568785762218610690
568793043664560128
568795549211738113
568804502645706752
568807928154558464
568811734040862720
568812129308053504
568814123540221952
568818669024907264
568819285990215680
568820700489781248
568821307766222848
568823136600371200
568824366928039936
568829196962828289
568840701850419200
568844772191940608
568851544537481216
568854082536001536
568855933360607232
568857956470517760
568865640569806848
568881975177515009
568884491294351360
568885117373927425
568890017365561344
568894224738856961
568894423507058688
568897757991186432
568898634923843586
568904127834558464
568912677994696706
568917429033652226
568921163901984768
568923827788505088
568942857123336193
568953095423705088
568955060165554176
568965585620459520
568967580595064832
568970172062691328
568992314296819712
568994755268513793
568995277580996609
569002132621398016
569011727532032001
569025555343007744
569129049861304323
569135148660342784
569165517614944256
569171651381702657
569174820308590592
569174847374233600
569176746735632384
569188938012880896
569194996143755264
569224234150404096
569226044118581248
569226228152053760
569226248393662464
569229785500680192
569230859896803328
569233955951480832
569234924785414145
569235773645410304
569244860286263297
569249416462409729
569256307045179392
569259613041897473
569259645019275264
569262065988308993
569268751008436224
569278421743878144
569288008144330752
569293965448458240
569304533140185088
569317718886903809
569322657822285824
569327646917537793
569329014826864640
569331162897739776
569336871853170688
569342641571291136
569342888615620609
569361107745263617
569364383652044800
569364610572259328
569366889719304192
569368352868556800
569373258010660864
569387211025727488
569395649310883840
569415076400242688
569416650325303297
569417702764363776
569421367243878400
569439829328408576
569451362687143936
569461469042966528
569477458023616512
569491240481382400
569497966660218882
569502050536587264
569503745974902784
569503938690584576
569504299992141824
569504813915832321
569506217271427072
569508469088387072
569514750842789888
569516370506993664
569517484102909952
569518979103924224
569520477351383040
569525636575793152
569531924219191296
569534175973396480
569536168301211649
569536910990950401
569541291467522048
569544742595391489
569557763094917120
569558065516822528
569559734199721984
569562202405019650
569562383489896448
569568357030232066
569571763744452608
569574646229684224
569579962786689024
569580275182772225
569584207011434497
569586372866150400
569588073438121984
569588138273865728
569590965880532993
569591136534319105
569592368518660096
569592443542343680
569594712337854464
569596097540132864
569598047593713665
569603273033945090
569603962233622528
569606966772940801
569612307363266560
569619569372823552
569620354781425665
569621367806664705
569622447869304832
569622678228705280
569622857120137216
569623368711991296
569626297116176384
569627273407569920
569627485240844288
569628145030004736
569629215869382656
569629537400696832
569629819559747585
569630593924911104
569631377865515008
569633221748637696
569633357451153408
569641676244791296
569643287918845952
569646004254998528
569646601398067200
569647396940075008
569648671870099456
569648713980715010
569650936911683586
569651129136459776
569651226280751105
569652058518908928
569653219229630464
569654047151562752
569654178789724160
569654319391354880
569656756764217345
569658503570296832
569660166959865856
569664250521763840
569664514142183424
569665692770967552
569666226974294016
569666771717890048
569668179758350336
569668704524308480
569672095753502720
569673764562010112
569673913892003840
569675178227081216
569676250312249344
569676450552537088
569677636613439488
569678632567881728
569679642447052800
569679759250038784
569683278715883523
569683780593545218
569686145275072512
569686602940858368
569687874288914432
569688392553799680
569689096882425857
569690742169292802
569695452368670720
569695553644322816
569696663742365696
569698811708370944
569700071484338177
569700252321755137
569700953164615681
569703328940032000
569704478808485888
569705870830874625
569706754025660417
569709992175116288
569710072491745280
569713111537717248
569713615047168000
569714651489050624
569716558487904258
569717605277130752
569719242427396096
569721813220995072
569730716692393984
569737397350461440
569738845895335936
569741986502041602
569747170741465088
569748491943038976
569748501342478336
569748687812845568
569752206343348224
569757115822157826
569760128343220224
569774692371820544
569801797851697152
567617486703853568
567627253991735296
567692504397803520
567704339448209409
567726860638101504
567734357839056896
567734644515536896
567737449938685952
567738154128769028
567751134476259328
567756326718431232
567762333779628032
567765379653849091
567767199700758530
567770910107897856
567772685472915456
567773236734074880
567783892711526400
567785042891567104
567788578026311680
567790510502371328
567792966690168832
567794017593991169
567800329824399360
567805230550634496
567814010914222080
567814094678675458
567816155369570304
567823459276877824
567827275619549184
567831806944223232
567833916196843520
567842726861021184
567849520781893632
567864058742845440
567866673325285376
567871270014025728
567875699056467968
567877584341479424
567893924699770880
567897643873148928
567900433542488064
567927725815496704
567940050186604545
567943461476806656
567970771718578176
567972426027565056
568011684067078144
568014723926626304
568016314457047040
568023874970861568
568032561462689793
568039128001937408
568039498015223808
568044275910512640
568046603916996609
568054702635483136
568064339544051712
568080133195755520
568081558625759233
568083588308197376
568087085120233473
568087789004300288
568094760151486464
568098115988918273
568101513605681152
568107363195973633
568107551553794049
568112232208293889
568116430966648833
568129652625158147
568135421445545984
568135839814807552
568138172133183488
568148652352544769
568165058229997569
568165349004316672
568167917004718080
568168034394873857
568180710252646400
568180928746369027
568186002759671808
568192567348604928
568204705861652480
568205117368836096
568207228412542976
568210101573722112
568211991757770752
568219901359460353
568232802749161472
568240100934426624
568240338164252672
568241499831287808
568246736222879744
568380876855353344
568380957012525057
568395094232932352
568411566233804802
568418531777355776
568421732157161472
568426849040261120
568426870963712000
568427942382071810
568431007654924288
568436267702071296
568442965661761536
568450712314753024
568462314388656128
568468724048646145
568469582295379969
568474442210283520
568480654347935745
568488247514554369
568490310524936192
568491484401557504
568494910405517312
568495231877967872
568496445164273665
568504198385373184
568507131902726144
568509763048357888
568512847178645505
568528678671360000
568536972072865792
568547839636332544
568551937185951744
568552167122055168
568556148368019456
568564675312545792
568566512308523008
568569646389067776
568570374335524865
568575202713583616
568582374549807104
568583191260483584
568583773794799616
568599168949886977
568607646204465152
568612163578773504
568613354245210112
568626612314308608
568626969983750145
568629558716592128
568636973964898305
568639207846989824
568639824145584128
568640966866935808
568643357108531200
568645576008400896
568648940033343488
568654569976123392
568720333634609153
568740200479793153
568766741746225152
568779110710964224
568785762218610690
568793043664560128
568795549211738113
568804502645706752
568807928154558464
568811734040862720
568812129308053504
568814123540221952
568818669024907264
568819285990215680
568820700489781248
568821307766222848
568823136600371200
568824366928039936
568829196962828289
568840701850419200
568844772191940608
568851544537481216
568854082536001536
568855933360607232
568857956470517760
568865640569806848
568881975177515009
568884491294351360
568885117373927425
568890017365561344
568894224738856961
568894423507058688
568897757991186432
568898634923843586
568904127834558464
568912677994696706
568917429033652226
568921163901984768
568923827788505088
568942857123336193
568953095423705088
568955060165554176
568965585620459520
568967580595064832
568970172062691328
568992314296819712
568994755268513793
568995277580996609
569002132621398016
569011727532032001
569025555343007744
569129049861304323
569135148660342784
569165517614944256
569171651381702657
569174820308590592
569174847374233600
569176746735632384
569188938012880896
569194996143755264
569224234150404096
569226044118581248
569226228152053760
569226248393662464
569229785500680192
569230859896803328
569233955951480832
569234924785414145
569235773645410304
569244860286263297
569249416462409729
569256307045179392
569259613041897473
569259645019275264
569262065988308993
569268751008436224
569278421743878144
569288008144330752
569293965448458240
569304533140185088
569317718886903809
569322657822285824
569327646917537793
569329014826864640
569331162897739776
569336871853170688
569342641571291136
569342888615620609
569361107745263617
569364383652044800
569364610572259328
569366889719304192
569368352868556800
569373258010660864
569387211025727488
569395649310883840
569415076400242688
569416650325303297
569417702764363776
569421367243878400
569439829328408576
569451362687143936
569461469042966528
569477458023616512
569491240481382400
569497966660218882
569502050536587264
569503745974902784
569503938690584576
569504299992141824
569504813915832321
569506217271427072
569508469088387072
569514750842789888
569516370506993664
569517484102909952
569518979103924224
569520477351383040
569525636575793152
569531924219191296
569534175973396480
569536168301211649
569536910990950401
569541291467522048
569544742595391489
569557763094917120
569558065516822528
569559734199721984
569562202405019650
569562383489896448
569568357030232066
569571763744452608
569574646229684224
569579962786689024
569580275182772225
569584207011434497
569586372866150400
569588073438121984
569588138273865728
569590965880532993
569591136534319105
569592368518660096
569592443542343680
569594712337854464
569596097540132864
569598047593713665
569603273033945090
569603962233622528
569606966772940801
569612307363266560
569619569372823552
569620354781425665
569621367806664705
569622447869304832
569622678228705280
569622857120137216
569623368711991296
569626297116176384
569627273407569920
569627485240844288
569628145030004736
569629215869382656
569629537400696832
569629819559747585
569630593924911104
569631377865515008
569633221748637696
569633357451153408
569641676244791296
569643287918845952
569646004254998528
569646601398067200
569647396940075008
569648671870099456
569648713980715010
569650936911683586
569651129136459776
569651226280751105
569652058518908928
569653219229630464
569654047151562752
569654178789724160
569654319391354880
569656756764217345
569658503570296832
569660166959865856
569664250521763840
569664514142183424
569665692770967552
569666226974294016
569666771717890048
569668179758350336
569668704524308480
569672095753502720
569673764562010112
569673913892003840
569675178227081216
569676250312249344
569676450552537088
569677636613439488
569678632567881728
569679642447052800
569679759250038784
569683278715883523
569683780593545218
569686145275072512
569686602940858368
569687874288914432
569688392553799680
569689096882425857
569690742169292802
569695452368670720
569695553644322816
569696663742365696
569698811708370944
569700071484338177
569700252321755137
569700953164615681
569703328940032000
569704478808485888
569705870830874625
569706754025660417
569709992175116288
569710072491745280
569713111537717248
569713615047168000
569714651489050624
569716558487904258
569717605277130752
569719242427396096
569721813220995072
569730716692393984
569737397350461440
569738845895335936
569741986502041602
569747170741465088
569748491943038976
569748501342478336
569748687812845568
569752206343348224
569757115822157826
569760128343220224
569774692371820544
569801797851697152
569822645065093121
569825936788598786
569830532516868097
569831129773027329
569837381261533185
569839377104285696
569839807787958273
567617486703853568
567627253991735296
567692504397803520
567704339448209409
567726860638101504
567734357839056896
567734644515536896
567737449938685952
567738154128769028
567751134476259328
567756326718431232
567762333779628032
567765379653849091
567767199700758530
567770910107897856
567772685472915456
567773236734074880
567783892711526400
567785042891567104
567788578026311680
567790510502371328
567792966690168832
567794017593991169
567800329824399360
567805230550634496
567814010914222080
567814094678675458
567816155369570304
567823459276877824
567827275619549184
567831806944223232
567833916196843520
567842726861021184
567849520781893632
567864058742845440
567866673325285376
567871270014025728
567875699056467968
567877584341479424
567893924699770880
567897643873148928
567900433542488064
567927725815496704
567940050186604545
567943461476806656
567970771718578176
567972426027565056
568011684067078144
568014723926626304
568016314457047040
568023874970861568
568032561462689793
568039128001937408
568039498015223808
568044275910512640
568046603916996609
568054702635483136
568064339544051712
568080133195755520
568081558625759233
568083588308197376
568087085120233473
568087789004300288
568094760151486464
568098115988918273
568101513605681152
568107363195973633
568107551553794049
568112232208293889
568116430966648833
568129652625158147
568135421445545984
568135839814807552
568138172133183488
568148652352544769
568165058229997569
568165349004316672
568167917004718080
568168034394873857
568180710252646400
568180928746369027
568186002759671808
568192567348604928
568204705861652480
568205117368836096
568207228412542976
568210101573722112
568211991757770752
568219901359460353
568232802749161472
568240100934426624
568240338164252672
568241499831287808
568246736222879744
568380876855353344
568380957012525057
568395094232932352
568411566233804802
568418531777355776
568421732157161472
568426849040261120
568426870963712000
568427942382071810
568431007654924288
568436267702071296
568442965661761536
568450712314753024
568462314388656128
568468724048646145
568469582295379969
568474442210283520
568480654347935745
568488247514554369
568490310524936192
568491484401557504
568494910405517312
568495231877967872
568496445164273665
568504198385373184
568507131902726144
568509763048357888
568512847178645505
568528678671360000
568536972072865792
568547839636332544
568551937185951744
568552167122055168
568556148368019456
568564675312545792
568566512308523008
568569646389067776
568570374335524865
568575202713583616
568582374549807104
568583191260483584
568583773794799616
568599168949886977
568607646204465152
568612163578773504
568613354245210112
568626612314308608
568626969983750145
568629558716592128
568636973964898305
568639207846989824
568639824145584128
568640966866935808
568643357108531200
568645576008400896
568648940033343488
568654569976123392
568720333634609153
568740200479793153
568766741746225152
568779110710964224
568785762218610690
568793043664560128
568795549211738113
568804502645706752
568807928154558464
568811734040862720
568812129308053504
568814123540221952
568818669024907264
568819285990215680
568820700489781248
568821307766222848
568823136600371200
568824366928039936
568829196962828289
568840701850419200
568844772191940608
568851544537481216
568854082536001536
568855933360607232
568857956470517760
568865640569806848
568881975177515009
568884491294351360
568885117373927425
568890017365561344
568894224738856961
568894423507058688
568897757991186432
568898634923843586
568904127834558464
568912677994696706
568917429033652226
568921163901984768
568923827788505088
568942857123336193
568953095423705088
568955060165554176
568965585620459520
568967580595064832
568970172062691328
568992314296819712
568994755268513793
568995277580996609
569002132621398016
569011727532032001
569025555343007744
569129049861304323
569135148660342784
569165517614944256
569171651381702657
569174820308590592
569174847374233600
569176746735632384
569188938012880896
569194996143755264
569224234150404096
569226044118581248
569226228152053760
569226248393662464
569229785500680192
569230859896803328
569233955951480832
569234924785414145
569235773645410304
569244860286263297
569249416462409729
569256307045179392
569259613041897473
569259645019275264
569262065988308993
569268751008436224
569278421743878144
569288008144330752
569293965448458240
569304533140185088
569317718886903809
569322657822285824
569327646917537793
569329014826864640
569331162897739776
569336871853170688
569342641571291136
569342888615620609
569361107745263617
569364383652044800
569364610572259328
569366889719304192
569368352868556800
569373258010660864
569387211025727488
569395649310883840
569415076400242688
569416650325303297
569417702764363776
569421367243878400
569439829328408576
569451362687143936
569461469042966528
569477458023616512
569491240481382400
569497966660218882
569502050536587264
569503745974902784
569503938690584576
569504299992141824
569504813915832321
569506217271427072
569508469088387072
569514750842789888
569516370506993664
569517484102909952
569518979103924224
569520477351383040
569525636575793152
569531924219191296
569534175973396480
569536168301211649
569536910990950401
569541291467522048
569544742595391489
569557763094917120
569558065516822528
569559734199721984
569562202405019650
569562383489896448
569568357030232066
569571763744452608
569574646229684224
569579962786689024
569580275182772225
569584207011434497
569586372866150400
569588073438121984
569588138273865728
569590965880532993
569591136534319105
569592368518660096
569592443542343680
569594712337854464
569596097540132864
569598047593713665
569603273033945090
569603962233622528
569606966772940801
569612307363266560
569619569372823552
569620354781425665
569621367806664705
569622447869304832
569622678228705280
569622857120137216
569623368711991296
569626297116176384
569627273407569920
569627485240844288
569628145030004736
569629215869382656
569629537400696832
569629819559747585
569630593924911104
569631377865515008
569633221748637696
569633357451153408
569641676244791296
569643287918845952
569646004254998528
569646601398067200
569647396940075008
569648671870099456
569648713980715010
569650936911683586
569651129136459776
569651226280751105
569652058518908928
569653219229630464
569654047151562752
569654178789724160
569654319391354880
569656756764217345
569658503570296832
569660166959865856
569664250521763840
569664514142183424
569665692770967552
569666226974294016
569666771717890048
569668179758350336
569668704524308480
569672095753502720
569673764562010112
569673913892003840
569675178227081216
569676250312249344
569676450552537088
569677636613439488
569678632567881728
569679642447052800
569679759250038784
569683278715883523
569683780593545218
569686145275072512
569686602940858368
569687874288914432
569688392553799680
569689096882425857
569690742169292802
569695452368670720
569695553644322816
569696663742365696
569698811708370944
569700071484338177
569700252321755137
569700953164615681
569703328940032000
569704478808485888
569705870830874625
569706754025660417
569709992175116288
569710072491745280
569713111537717248
569713615047168000
569714651489050624
569716558487904258
569717605277130752
569719242427396096
569721813220995072
569730716692393984
569737397350461440
569738845895335936
569741986502041602
569747170741465088
569748491943038976
569748501342478336
569748687812845568
569752206343348224
569757115822157826
569760128343220224
569774692371820544
569801797851697152
569822645065093121
569825936788598786
569830532516868097
569831129773027329
569837381261533185
569839377104285696
569839807787958273
569846023553720321
569847852605812737
569850216754618368
569853568200503296
569854995958509568
569856784086777856
569858231759085571
569860677650636801
569862869241765888
569865536873500672
569867211852156928
569879818063507457
569880322487263232
569886219057926144
569888954863890433
569891350302367745
569892199690678272
569894969332400128
569895187746418688
569897733466628097
569900131488632832
569902743135117314
569903056403505152
569904406285516800
569906035269324800
569911218942517248
569912213068066816
569913288122765312
569915576862183425
569917363891499008
569918026918727680
569919041244147712
569920484856475649
569920778306584576
569921267601580032
569923221341908992
569925538946551808
569928989231353857
569930577643769856
569931753768382464
569932363641298944
569933816963342337
569935135132426240
569936893325897728
569937700993818625
569939494465462272
569940199842525184
569941050002972672
569946703522091008
569947332135018496
569947367203450880
569948131397410816
569948241116016641
569948345583562752
569950766389182464
569952605721337856
569956617988345856
569956726318850048
569960248548593665
569970235392073729
569974287286845441
569974833418600449
569977974176378880
569978197284130817
569980137346707456
569980415919853569
569984380061351936
569985760482365440
569986246648442881
569987227075239936
569987348772950016
569989168903819264
569989340052344832
569989745503297536
569992234801737728
569994678155780096
569996479416438784
569999091028983808
570000126636216320
570001706676842497
570002083832733696
570004247586013184
570009017625526273
570012000648081409
570019099268358144
570019741806538752
570021795123699712
570023321904943105
570028289399525376
570030165788459010
570031758546063361
570041144488230912
570042013908914176
570042963021205504
570042981794729985
570047737347088384
570048726380765184
570051874537271296
570057784114302977
570058262743101440
570060752926728192
570066391388172290
570069345818161152
570070449406812160
570075916430397440
570078733735821313
570079755560595456
570080863720878081
570081552891125760
570087305320357888
570092196247969796
570103559318081536
570106218825564161
570108801711341568
570114536448995328
570127035890184192
570129843594997760
570146467542933505
570151703410053120
570152557475028992
570157210183069696
570175202807586816
570175669096882176
570175988648316929
570179813845147648
570186666276577280
570187080426397696
570188934564737024
570195036782133248
570195373018505216
570196428364111873
570197868813918208
570200546679726082
570202621123780608
570208349339262976
570208640520622080
570209266264449026
570212050548461568
570213389005414400
570214732067700736
570218269111664640
570220208037584896
570220966284025857
570224727047872514
570227814575804416
570232122826493953
570244762785210368
570244951914782721
570246294582771712
570249204767055872
570251394965479424
570252231624265729
570252614320783361
570253932880007168
570257336465387521
570257660123193345
570258226819637248
570260118043914240
570260735294607360
570262112477401088
570265626146512896
570265883513384960
570267608773054464
570276018751016960
570276245960835073
570281731510571009
570282089863626752
570285070184898561
570286290203070465
570287589216751616
570289473898082305
570289557205327873
570295207763316736
570298036938772483
570299252141903873
570299388670701568
570303683872886784
570307948171423745
570308309682675712
