567898186414710784
568768156841308160
568772817598050304
568818229461721088
569514471296774146
569603523954016256
569604198771363840
569625848334000128
569627079458865153
567898186414710784
568768156841308160
568772817598050304
568818229461721088
569514471296774146
569603523954016256
569604198771363840
569625848334000128
569627079458865153
567898186414710784
568768156841308160
568772817598050304
568818229461721088
569514471296774146
569603523954016256
569604198771363840
569625848334000128
569627079458865153
569960010249334784
570085625061384192
570236690637459456
567898186414710784
568768156841308160
568772817598050304
568818229461721088
569514471296774146
569603523954016256
569604198771363840
569625848334000128
569627079458865153
569960010249334784
570085625061384192
570236690637459456
567898186414710784
568768156841308160
568772817598050304
568818229461721088
569514471296774146
569603523954016256
569604198771363840
569625848334000128
569627079458865153
569960010249334784
570085625061384192
570236690637459456
567898186414710784
568768156841308160
568772817598050304
568818229461721088
569514471296774146
569603523954016256
569604198771363840
569625848334000128
569627079458865153
569960010249334784
570085625061384192
570236690637459456
567898186414710784
568768156841308160
568772817598050304
568818229461721088
569514471296774146
569603523954016256
569604198771363840
569625848334000128
569627079458865153
569960010249334784
570085625061384192
570236690637459456
567898186414710784
568768156841308160
568772817598050304
568818229461721088
569514471296774146
569603523954016256
569604198771363840
569625848334000128
569627079458865153
569960010249334784
570085625061384192
570236690637459456
