567617486703853568
567719199850496000
567730833998757890
567732811772080129
567734506434854912
567734618095230976
567737317432258560
567738715657609216
567758882484793344
567761476338073600
567771077359570944
567776348828360707
567777187265515521
567777885277405184
567778921812389888
567779798782595072
567784912011689984
567788423352950784
567789001374183424
567791019086065664
567793064221130752
567797436652199936
567800930683609088
567806151191191553
567806872410161152
567810419672268800
567812544099827712
567823930985091072
567824229296566272
567832153670705152
567836118181277696
567836660899057664
567837314782765056
567837709093347328
567838896731615234
567841954484068353
567846970141716481
567856127246999552
567857402340450305
567857591222603776
567860313883693056
567872182136619008
567873801653997569
567875552377450497
567889613714522113
567893710949588993
567906248852533248
567908831545544706
567910107163541504
567916726668644352
567962289460137984
567972174398689280
568036804542275584
568045397408661504
568049646062444544
568055537952284672
568058084846911488
568072136192966656
568077746481586176
568085571509334016
568086068328681473
568086073814827008
568087789004300288
568088470712950784
568088650430468096
568098677618683904
568100000418250752
568101176551452673
568105570215055360
568112232208293889
568115571788808192
568115611814858752
568116430966648833
568116768868159488
568116996761452544
568125472527097856
568126682336534529
568128665801900032
568128753223794688
568128904260685824
568129940371214336
568134534857764864
568149878095753216
568172923531481088
568177098038349825
568178422175948801
568191343769620480
568196150718824448
568214147025870848
568225166527991808
568241499831287808
568254094739148800
568257392195936259
568269127992913920
568269180153274368
568271741207891968
568351842217947136
568352134422511616
568352692466278400
568366109461606400
568371161484161025
568401416982806528
568412747324485632
568414700326797312
568416602728890370
568418165853540352
568431120032915457
568433301880479746
568436061959028736
568436693210173441
568436943131951104
568437120966258688
568437415603507200
568437634835595264
568438257454682112
568440682584477696
568452051740413952
568457810066800640
568462805235597312
568466642193104897
568466673990307840
568467596414210049
568468054306193408
568478666868588545
568480654347935745
568483591623208961
568487688510287873
568502289402630144
568510973469855745
568517386795507712
568521960088449025
568526136017342464
568531781835571200
568543722943614976
568557220473884672
568563462995099649
568567255291703298
568574614110117888
568596145456291840
568600552814174208
568602614839033856
568604899870711808
568605600273141760
568607013212590080
568607454893727744
568610311487561728
568613354245210112
568615365619662848
568621122368851968
568621312622657536
568626974278733826
568635531900243968
568637541513089024
568640713635676160
568645379031347200
568646083162836992
568648940033343488
568654208674586624
568654300802473985
568658885361438720
568716015338717184
568716618794209280
568751950935691265
568768874037915648
568774914452418561
568779110710964224
568779311261622272
568780060720701440
568781747128803328
568782673587658752
568782761852596225
568795875612463104
568797557914148865
568806985505726464
568812654346653697
568817894030741504
568818229461721088
568827568973066240
568836616166313984
568837638611992576
568840560347373569
568846033997803520
568846499431337984
568851544537481216
568876016216600576
568877690821877760
568892942770786304
568900052397092864
568910702070534144
568911349092212736
568913346675613696
568913623327703040
568913643779203073
568914125549649920
568916446710857728
568927427847544833
568932070447140864
568932735181578240
568944096687075329
568949828518084608
568951462413209601
568969519252680706
568971304914853889
568981498046623744
568998609590419456
569007852607680512
569011048843313153
569024126641311744
569071393356288000
569075196117839872
569075488926371841
569099306147454976
569103591966793728
569143944266833920
569146861082161152
569165128366755840
569168016136495104
569169887689641984
569178210325430272
569180541662027779
569185684268789761
569202278298755072
569206152510226432
569211645710495745
569229557468827648
569234592420331520
569235531973832704
569239293429833728
569242689348071425
569248084934443010
569256434736746496
569258945254191104
569259152746221568
569261495449595905
569262065988308993
569269757293293568
569274195332325377
569276042491211777
569302005111508992
569308224551309313
569310070825226241
569321654842564609
569327664919498752
569330115114627073
569330646901895169
569333461401481216
569333553705693184
569333972452265985
569335998083174400
569337064484962304
569342888615620609
569355826248474624
569363188120207360
569379997175177216
569387211025727488
569438531686424577
569453233044885504
569465299495358466
569470757673291777
569487757741051904
569491079952642051
569492838448300032
569495613173309441
569496828376322048
569496919036305408
569502953851252737
569503745974902784
569516566380875778
569523240252661760
569532667869335554
569534175973396480
569536168301211649
569540173408698369
569544742595391489
569547374454050816
569550290753445889
569556860652675072
569562133249130496
569564666013163520
569569120951390209
569571829033144320
569577455176048642
569580279251255296
569583943772610560
569585343084650496
569595218401439744
569596502558920707
569598457809276928
569601337882755073
569603590349848576
569605877512024064
569608190410809344
569608322925473792
569612307363266560
569614651400585216
569615109363929088
569615290956259328
569616883734974464
569617083194933248
569621714046455808
569622447869304832
569623171210436608
569623606684209154
569625782181617664
569627770613063680
569629822789365761
569630106940895233
569631027385245696
569633221748637696
569636929165242368
569640163393073152
569641343439360000
569642742852268032
569647825299963904
569648492190179328
569648584909434880
569651277916999680
569658725016809472
569661596898709504
569661901468270592
569662077742096385
569662789377064960
569664007864492032
569666115477098496
569666814017294339
569667324879511552
569667638651170816
569668144198848514
569668179758350336
569668198389436416
569668606142783488
569668677731274752
569668792265019392
569669547210309632
569670589646032896
569671200978436096
569673431224074240
569675530792013824
569676227981791232
569676317144133632
569681863939371008
569683240828723201
569686415665025024
569688050386620416
569690272830922752
569691389958553600
569692936880791552
569693012885770240
569693430902861824
569693838329180160
569696881330167808
569698145703043072
569703041957564416
569705838870466561
569706793531629570
569709058636320768
569710389757419520
569714842405249024
569715552702345216
569718492108230657
569727743450984448
569729657248985089
569729732952109056
569737258191839232
569739515243462656
569740316577632256
569742305499828224
569748491943038976
569757115822157826
569757651539660801
569760118591467520
569790444797865984
569799053690556418
569813373413687296
567617486703853568
567719199850496000
567730833998757890
567732811772080129
567734506434854912
567734618095230976
567737317432258560
567738715657609216
567758882484793344
567761476338073600
567771077359570944
567776348828360707
567777187265515521
567777885277405184
567778921812389888
567779798782595072
567784912011689984
567788423352950784
567789001374183424
567791019086065664
567793064221130752
567797436652199936
567800930683609088
567806151191191553
567806872410161152
567810419672268800
567812544099827712
567823930985091072
567824229296566272
567832153670705152
567836118181277696
567836660899057664
567837314782765056
567837709093347328
567838896731615234
567841954484068353
567846970141716481
567856127246999552
567857402340450305
567857591222603776
567860313883693056
567872182136619008
567873801653997569
567875552377450497
567889613714522113
567893710949588993
567906248852533248
567908831545544706
567910107163541504
567916726668644352
567962289460137984
567972174398689280
568036804542275584
568045397408661504
568049646062444544
568055537952284672
568058084846911488
568072136192966656
568077746481586176
568085571509334016
568086068328681473
568086073814827008
568087789004300288
568088470712950784
568088650430468096
568098677618683904
568100000418250752
568101176551452673
568105570215055360
568112232208293889
568115571788808192
568115611814858752
568116430966648833
568116768868159488
568116996761452544
568125472527097856
568126682336534529
568128665801900032
568128753223794688
568128904260685824
568129940371214336
568134534857764864
568149878095753216
568172923531481088
568177098038349825
568178422175948801
568191343769620480
568196150718824448
568214147025870848
568225166527991808
568241499831287808
568254094739148800
568257392195936259
568269127992913920
568269180153274368
568271741207891968
568351842217947136
568352134422511616
568352692466278400
568366109461606400
568371161484161025
568401416982806528
568412747324485632
568414700326797312
568416602728890370
568418165853540352
568431120032915457
568433301880479746
568436061959028736
568436693210173441
568436943131951104
568437120966258688
568437415603507200
568437634835595264
568438257454682112
568440682584477696
568452051740413952
568457810066800640
568462805235597312
568466642193104897
568466673990307840
568467596414210049
568468054306193408
568478666868588545
568480654347935745
568483591623208961
568487688510287873
568502289402630144
568510973469855745
568517386795507712
568521960088449025
568526136017342464
568531781835571200
568543722943614976
568557220473884672
568563462995099649
568567255291703298
568574614110117888
568596145456291840
568600552814174208
568602614839033856
568604899870711808
568605600273141760
568607013212590080
568607454893727744
568610311487561728
568613354245210112
568615365619662848
568621122368851968
568621312622657536
568626974278733826
568635531900243968
568637541513089024
568640713635676160
568645379031347200
568646083162836992
568648940033343488
568654208674586624
568654300802473985
568658885361438720
568716015338717184
568716618794209280
568751950935691265
568768874037915648
568774914452418561
568779110710964224
568779311261622272
568780060720701440
568781747128803328
568782673587658752
568782761852596225
568795875612463104
568797557914148865
568806985505726464
568812654346653697
568817894030741504
568818229461721088
568827568973066240
568836616166313984
568837638611992576
568840560347373569
568846033997803520
568846499431337984
568851544537481216
568876016216600576
568877690821877760
568892942770786304
568900052397092864
568910702070534144
568911349092212736
568913346675613696
568913623327703040
568913643779203073
568914125549649920
568916446710857728
568927427847544833
568932070447140864
568932735181578240
568944096687075329
568949828518084608
568951462413209601
568969519252680706
568971304914853889
568981498046623744
568998609590419456
569007852607680512
569011048843313153
569024126641311744
569071393356288000
569075196117839872
569075488926371841
569099306147454976
569103591966793728
569143944266833920
569146861082161152
569165128366755840
569168016136495104
569169887689641984
569178210325430272
569180541662027779
569185684268789761
569202278298755072
569206152510226432
569211645710495745
569229557468827648
569234592420331520
569235531973832704
569239293429833728
569242689348071425
569248084934443010
569256434736746496
569258945254191104
569259152746221568
569261495449595905
569262065988308993
569269757293293568
569274195332325377
569276042491211777
569302005111508992
569308224551309313
569310070825226241
569321654842564609
569327664919498752
569330115114627073
569330646901895169
569333461401481216
569333553705693184
569333972452265985
569335998083174400
569337064484962304
569342888615620609
569355826248474624
569363188120207360
569379997175177216
569387211025727488
569438531686424577
569453233044885504
569465299495358466
569470757673291777
569487757741051904
569491079952642051
569492838448300032
569495613173309441
569496828376322048
569496919036305408
569502953851252737
569503745974902784
569516566380875778
569523240252661760
569532667869335554
569534175973396480
569536168301211649
569540173408698369
569544742595391489
569547374454050816
569550290753445889
569556860652675072
569562133249130496
569564666013163520
569569120951390209
569571829033144320
569577455176048642
569580279251255296
569583943772610560
569585343084650496
569595218401439744
569596502558920707
569598457809276928
569601337882755073
569603590349848576
569605877512024064
569608190410809344
569608322925473792
569612307363266560
569614651400585216
569615109363929088
569615290956259328
569616883734974464
569617083194933248
569621714046455808
569622447869304832
569623171210436608
569623606684209154
569625782181617664
569627770613063680
569629822789365761
569630106940895233
569631027385245696
569633221748637696
569636929165242368
569640163393073152
569641343439360000
569642742852268032
569647825299963904
569648492190179328
569648584909434880
569651277916999680
569658725016809472
569661596898709504
569661901468270592
569662077742096385
569662789377064960
569664007864492032
569666115477098496
569666814017294339
569667324879511552
569667638651170816
569668144198848514
569668179758350336
569668198389436416
569668606142783488
569668677731274752
569668792265019392
569669547210309632
569670589646032896
569671200978436096
569673431224074240
569675530792013824
569676227981791232
569676317144133632
569681863939371008
569683240828723201
569686415665025024
569688050386620416
569690272830922752
569691389958553600
569692936880791552
569693012885770240
569693430902861824
569693838329180160
569696881330167808
569698145703043072
569703041957564416
569705838870466561
569706793531629570
569709058636320768
569710389757419520
569714842405249024
569715552702345216
569718492108230657
569727743450984448
569729657248985089
569729732952109056
569737258191839232
569739515243462656
569740316577632256
569742305499828224
569748491943038976
569757115822157826
569757651539660801
569760118591467520
569790444797865984
569799053690556418
569813373413687296
569822645065093121
569826411206316032
569835633147056128
569838692220542976
569838878049345536
569840848764059648
569842067544805376
567617486703853568
567719199850496000
567730833998757890
567732811772080129
567734506434854912
567734618095230976
567737317432258560
567738715657609216
567758882484793344
567761476338073600
567771077359570944
567776348828360707
567777187265515521
567777885277405184
567778921812389888
567779798782595072
567784912011689984
567788423352950784
567789001374183424
567791019086065664
567793064221130752
567797436652199936
567800930683609088
567806151191191553
567806872410161152
567810419672268800
567812544099827712
567823930985091072
567824229296566272
567832153670705152
567836118181277696
567836660899057664
567837314782765056
567837709093347328
567838896731615234
567841954484068353
567846970141716481
567856127246999552
567857402340450305
567857591222603776
567860313883693056
567872182136619008
567873801653997569
567875552377450497
567889613714522113
567893710949588993
567906248852533248
567908831545544706
567910107163541504
567916726668644352
567962289460137984
567972174398689280
568036804542275584
568045397408661504
568049646062444544
568055537952284672
568058084846911488
568072136192966656
568077746481586176
568085571509334016
568086068328681473
568086073814827008
568087789004300288
568088470712950784
568088650430468096
568098677618683904
568100000418250752
568101176551452673
568105570215055360
568112232208293889
568115571788808192
568115611814858752
568116430966648833
568116768868159488
568116996761452544
568125472527097856
568126682336534529
568128665801900032
568128753223794688
568128904260685824
568129940371214336
568134534857764864
568149878095753216
568172923531481088
568177098038349825
568178422175948801
568191343769620480
568196150718824448
568214147025870848
568225166527991808
568241499831287808
568254094739148800
568257392195936259
568269127992913920
568269180153274368
568271741207891968
568351842217947136
568352134422511616
568352692466278400
568366109461606400
568371161484161025
568401416982806528
568412747324485632
568414700326797312
568416602728890370
568418165853540352
568431120032915457
568433301880479746
568436061959028736
568436693210173441
568436943131951104
568437120966258688
568437415603507200
568437634835595264
568438257454682112
568440682584477696
568452051740413952
568457810066800640
568462805235597312
568466642193104897
568466673990307840
568467596414210049
568468054306193408
568478666868588545
568480654347935745
568483591623208961
568487688510287873
568502289402630144
568510973469855745
568517386795507712
568521960088449025
568526136017342464
568531781835571200
568543722943614976
568557220473884672
568563462995099649
568567255291703298
568574614110117888
568596145456291840
568600552814174208
568602614839033856
568604899870711808
568605600273141760
568607013212590080
568607454893727744
568610311487561728
568613354245210112
568615365619662848
568621122368851968
568621312622657536
568626974278733826
568635531900243968
568637541513089024
568640713635676160
568645379031347200
568646083162836992
568648940033343488
568654208674586624
568654300802473985
568658885361438720
568716015338717184
568716618794209280
568751950935691265
568768874037915648
568774914452418561
568779110710964224
568779311261622272
568780060720701440
568781747128803328
568782673587658752
568782761852596225
568795875612463104
568797557914148865
568806985505726464
568812654346653697
568817894030741504
568818229461721088
568827568973066240
568836616166313984
568837638611992576
568840560347373569
568846033997803520
568846499431337984
568851544537481216
568876016216600576
568877690821877760
568892942770786304
568900052397092864
568910702070534144
568911349092212736
568913346675613696
568913623327703040
568913643779203073
568914125549649920
568916446710857728
568927427847544833
568932070447140864
568932735181578240
568944096687075329
568949828518084608
568951462413209601
568969519252680706
568971304914853889
568981498046623744
568998609590419456
569007852607680512
569011048843313153
569024126641311744
569071393356288000
569075196117839872
569075488926371841
569099306147454976
569103591966793728
569143944266833920
569146861082161152
569165128366755840
569168016136495104
569169887689641984
569178210325430272
569180541662027779
569185684268789761
569202278298755072
569206152510226432
569211645710495745
569229557468827648
569234592420331520
569235531973832704
569239293429833728
569242689348071425
569248084934443010
569256434736746496
569258945254191104
569259152746221568
569261495449595905
569262065988308993
569269757293293568
569274195332325377
569276042491211777
569302005111508992
569308224551309313
569310070825226241
569321654842564609
569327664919498752
569330115114627073
569330646901895169
569333461401481216
569333553705693184
569333972452265985
569335998083174400
569337064484962304
569342888615620609
569355826248474624
569363188120207360
569379997175177216
569387211025727488
569438531686424577
569453233044885504
569465299495358466
569470757673291777
569487757741051904
569491079952642051
569492838448300032
569495613173309441
569496828376322048
569496919036305408
569502953851252737
569503745974902784
569516566380875778
569523240252661760
569532667869335554
569534175973396480
569536168301211649
569540173408698369
569544742595391489
569547374454050816
569550290753445889
569556860652675072
569562133249130496
569564666013163520
569569120951390209
569571829033144320
569577455176048642
569580279251255296
569583943772610560
569585343084650496
569595218401439744
569596502558920707
569598457809276928
569601337882755073
569603590349848576
569605877512024064
569608190410809344
569608322925473792
569612307363266560
569614651400585216
569615109363929088
569615290956259328
569616883734974464
569617083194933248
569621714046455808
569622447869304832
569623171210436608
569623606684209154
569625782181617664
569627770613063680
569629822789365761
569630106940895233
569631027385245696
569633221748637696
569636929165242368
569640163393073152
569641343439360000
569642742852268032
569647825299963904
569648492190179328
569648584909434880
569651277916999680
569658725016809472
569661596898709504
569661901468270592
569662077742096385
569662789377064960
569664007864492032
569666115477098496
569666814017294339
569667324879511552
569667638651170816
569668144198848514
569668179758350336
569668198389436416
569668606142783488
569668677731274752
569668792265019392
569669547210309632
569670589646032896
569671200978436096
569673431224074240
569675530792013824
569676227981791232
569676317144133632
569681863939371008
569683240828723201
569686415665025024
569688050386620416
569690272830922752
569691389958553600
569692936880791552
569693012885770240
569693430902861824
569693838329180160
569696881330167808
569698145703043072
569703041957564416
569705838870466561
569706793531629570
569709058636320768
569710389757419520
569714842405249024
569715552702345216
569718492108230657
569727743450984448
569729657248985089
569729732952109056
569737258191839232
569739515243462656
569740316577632256
569742305499828224
569748491943038976
569757115822157826
569757651539660801
569760118591467520
569790444797865984
569799053690556418
569813373413687296
569822645065093121
569826411206316032
569835633147056128
569838692220542976
569838878049345536
569840848764059648
569842067544805376
569849550032101377
569851299916869633
569853327359516672
569853714149867521
569857072310808578
569858655086120961
569863194929471488
569863453696876544
569864892695490560
569865022031015937
569865357625851905
569866317706231808
569867364390449152
569870442388983808
569871932251729920
569873993311916032
569874150636048384
569876325588197377
569878631322755072
569880364811837441
569885487508418560
569885859954229248
569886219057926144
569889475658178560
569890084893413376
569890309624082432
569891260405665792
569891790343569408
569894963665707010
569899437662863360
569899522152726529
569901998780198912
569907782108839938
569907965223763970
569908759125991424
569910383047254016
569913796875161600
569914369905201153
569917765676601344
569920090440916994
569920760522764288
569923221341908992
569933879299186688
569937457837273088
569946742277451776
569948910099308545
569951321719091201
569959631256051712
569960024455454721
569960303514923009
569961410161192960
569962905493315585
569963645402099712
569965247093731328
569967808446009345
569968282532315136
569969506740674560
569970853334650880
569971233351213056
569973088076460032
569975778953142272
569979211722596353
569983421549834240
569984339800416256
569984789673078785
569988785330479104
569994678155780096
569998122241232896
569998842579566592
570002509906837504
570003144366792704
570007003659149312
570008443626647552
570010973047795713
570011088508604416
570017357747380224
570019476235788288
570020275150049281
570021795123699712
570025681062633472
570034112863608832
570040411206631424
570041376005443585
570049697924009984
570058565974675456
570060726523584512
570063322449616896
570065109961322496
570066231757180928
570066245195829249
570066554848743424
570073705507725313
570074976428158976
570080863720878081
570084582780899328
570095131967295489
570097483432337408
570100214733737985
570105753471746048
570106573395087362
570108377029685248
570112074249928704
570115243747074048
570115339515592704
570119247982137344
570121361953202178
570146348613406720
570151703410053120
570173090774294528
570175669096882176
570175858469515264
570176385534300160
570179344833708033
570179455911481344
570186666276577280
570195668850995200
570199956704919552
570214660638511104
570221343985295360
570229480821628928
570229842626478081
570233809129467905
570235387009839104
570241050079420417
570250443034640384
570252052099678208
570258141599928321
570259502685151232
570259540697948162
570261225520689152
570261359377698817
570267956648792064
570270776370311168
570277612389412864
570281958556610560
570283571941924864
570284482588246016
570294205999939584
570296212336865283
570296417094373376
570296670568751106
570298155465609217
570300767074181121
570302023993831425
570304633048047616
570305098557091840
570307948171423745
570308309682675712
570309308937842688
