567796413880397825
567861727833894913
567887326350811137
567927503718731777
568506804096917504
568594726317887488
568599168949886977
568602701623218177
568648917551697920
568662343170674688
568767621186912256
568827677001428992
568834851517771776
568913623327703040
568915699290284032
568942331921092608
569056573731020800
569139808804605953
569151206028931072
569332442194178049
569532394455359488
569599116403036160
569615753885970432
569626703959494656
569647146712113152
569660691256188929
569668310637404163
569671659394699265
569684282706259968
569721150156230657
569736870927556608
567796413880397825
567861727833894913
567887326350811137
567927503718731777
568506804096917504
568594726317887488
568599168949886977
568602701623218177
568648917551697920
568662343170674688
568767621186912256
568827677001428992
568834851517771776
568913623327703040
568915699290284032
568942331921092608
569056573731020800
569139808804605953
569151206028931072
569332442194178049
569532394455359488
569599116403036160
569615753885970432
569626703959494656
569647146712113152
569660691256188929
569668310637404163
569671659394699265
569684282706259968
569721150156230657
569736870927556608
569827255653941248
567796413880397825
567861727833894913
567887326350811137
567927503718731777
568506804096917504
568594726317887488
568599168949886977
568602701623218177
568648917551697920
568662343170674688
568767621186912256
568827677001428992
568834851517771776
568913623327703040
568915699290284032
568942331921092608
569056573731020800
569139808804605953
569151206028931072
569332442194178049
569532394455359488
569599116403036160
569615753885970432
569626703959494656
569647146712113152
569660691256188929
569668310637404163
569671659394699265
569684282706259968
569721150156230657
569736870927556608
569827255653941248
569856492477657088
569865540098871298
569897733466628097
569916323725217793
569961886046760961
569964915710038016
570092599316389888
570254721140850689
567796413880397825
567861727833894913
567887326350811137
567927503718731777
568506804096917504
568594726317887488
568599168949886977
568602701623218177
568648917551697920
568662343170674688
568767621186912256
568827677001428992
568834851517771776
568913623327703040
568915699290284032
568942331921092608
569056573731020800
569139808804605953
569151206028931072
569332442194178049
569532394455359488
569599116403036160
569615753885970432
569626703959494656
569647146712113152
569660691256188929
569668310637404163
569671659394699265
569684282706259968
569721150156230657
569736870927556608
569827255653941248
569856492477657088
569865540098871298
569897733466628097
569916323725217793
569961886046760961
569964915710038016
570092599316389888
570254721140850689
567796413880397825
567861727833894913
567887326350811137
567927503718731777
568506804096917504
568594726317887488
568599168949886977
568602701623218177
568648917551697920
568662343170674688
568767621186912256
568827677001428992
568834851517771776
568913623327703040
568915699290284032
568942331921092608
569056573731020800
569139808804605953
569151206028931072
569332442194178049
569532394455359488
569599116403036160
569615753885970432
569626703959494656
569647146712113152
569660691256188929
569668310637404163
569671659394699265
569684282706259968
569721150156230657
569736870927556608
569827255653941248
569856492477657088
569865540098871298
569897733466628097
569916323725217793
569961886046760961
569964915710038016
570092599316389888
570254721140850689
567796413880397825
567861727833894913
567887326350811137
567927503718731777
568506804096917504
568594726317887488
568599168949886977
568602701623218177
568648917551697920
568662343170674688
568767621186912256
568827677001428992
568834851517771776
568913623327703040
568915699290284032
568942331921092608
569056573731020800
569139808804605953
569151206028931072
569332442194178049
569532394455359488
569599116403036160
569615753885970432
569626703959494656
569647146712113152
569660691256188929
569668310637404163
569671659394699265
569684282706259968
569721150156230657
569736870927556608
569827255653941248
569856492477657088
569865540098871298
569897733466628097
569916323725217793
569961886046760961
569964915710038016
570092599316389888
570254721140850689
567796413880397825
567861727833894913
567887326350811137
567927503718731777
568506804096917504
568594726317887488
568599168949886977
568602701623218177
568648917551697920
568662343170674688
568767621186912256
568827677001428992
568834851517771776
568913623327703040
568915699290284032
568942331921092608
569056573731020800
569139808804605953
569151206028931072
569332442194178049
569532394455359488
569599116403036160
569615753885970432
569626703959494656
569647146712113152
569660691256188929
569668310637404163
569671659394699265
569684282706259968
569721150156230657
569736870927556608
569827255653941248
569856492477657088
569865540098871298
569897733466628097
569916323725217793
569961886046760961
569964915710038016
570092599316389888
570254721140850689
567796413880397825
567861727833894913
567887326350811137
567927503718731777
568506804096917504
568594726317887488
568599168949886977
568602701623218177
568648917551697920
568662343170674688
568767621186912256
568827677001428992
568834851517771776
568913623327703040
568915699290284032
568942331921092608
569056573731020800
569139808804605953
569151206028931072
569332442194178049
569532394455359488
569599116403036160
569615753885970432
569626703959494656
569647146712113152
569660691256188929
569668310637404163
569671659394699265
569684282706259968
569721150156230657
569736870927556608
569827255653941248
569856492477657088
569865540098871298
569897733466628097
569916323725217793
569961886046760961
569964915710038016
570092599316389888
570254721140850689
