567734830800961537
567744219281129473
567747787807526912
567753872967528448
567759012806029312
567812402764374016
567826761141985280
567984939221852160
567985715017072640
567996668320346112
568110197966643201
568119079371997186
568120102660341760
568180710252646400
568308149796474880
568391392528969730
568462177415372801
568474423742738432
568482472880697345
568495464015929344
568584104641368064
568634185155358720
568828959879790592
568829891220803584
568884379600224258
568905816973172736
568986895268519936
569178715051188226
569203468419751936
569223862941929472
569225489329598464
569276415927037952
569328854948573187
569348995136376833
569377149045444608
569377543687700480
569508595181731841
569514047554453504
569585355319599104
569587048811761664
569587663692554242
569618838767181825
569629692661268480
569649617802891264
569685261518376960
569696663742365696
569698882797641728
569713890138963968
567734830800961537
567744219281129473
567747787807526912
567753872967528448
567759012806029312
567812402764374016
567826761141985280
567984939221852160
567985715017072640
567996668320346112
568110197966643201
568119079371997186
568120102660341760
568180710252646400
568308149796474880
568391392528969730
568462177415372801
568474423742738432
568482472880697345
568495464015929344
568584104641368064
568634185155358720
568828959879790592
568829891220803584
568884379600224258
568905816973172736
568986895268519936
569178715051188226
569203468419751936
569223862941929472
569225489329598464
569276415927037952
569328854948573187
569348995136376833
569377149045444608
569377543687700480
569508595181731841
569514047554453504
569585355319599104
569587048811761664
569587663692554242
569618838767181825
569629692661268480
569649617802891264
569685261518376960
569696663742365696
569698882797641728
569713890138963968
567734830800961537
567744219281129473
567747787807526912
567753872967528448
567759012806029312
567812402764374016
567826761141985280
567984939221852160
567985715017072640
567996668320346112
568110197966643201
568119079371997186
568120102660341760
568180710252646400
568308149796474880
568391392528969730
568462177415372801
568474423742738432
568482472880697345
568495464015929344
568584104641368064
568634185155358720
568828959879790592
568829891220803584
568884379600224258
568905816973172736
568986895268519936
569178715051188226
569203468419751936
569223862941929472
569225489329598464
569276415927037952
569328854948573187
569348995136376833
569377149045444608
569377543687700480
569508595181731841
569514047554453504
569585355319599104
569587048811761664
569587663692554242
569618838767181825
569629692661268480
569649617802891264
569685261518376960
569696663742365696
569698882797641728
569713890138963968
569844044693577728
569893516609847297
569905122047758336
569927856232534016
569938796986433537
569949007465844736
569949405136232449
569975175321653248
569977819389800448
570036463729020928
570085165378068480
570109867031191552
570110706588262400
570207643874123777
570276806512779264
570286359983886336
570294002077061120
570298155465609217
567734830800961537
567744219281129473
567747787807526912
567753872967528448
567759012806029312
567812402764374016
567826761141985280
567984939221852160
567985715017072640
567996668320346112
568110197966643201
568119079371997186
568120102660341760
568180710252646400
568308149796474880
568391392528969730
568462177415372801
568474423742738432
568482472880697345
568495464015929344
568584104641368064
568634185155358720
568828959879790592
568829891220803584
568884379600224258
568905816973172736
568986895268519936
569178715051188226
569203468419751936
569223862941929472
569225489329598464
569276415927037952
569328854948573187
569348995136376833
569377149045444608
569377543687700480
569508595181731841
569514047554453504
569585355319599104
569587048811761664
569587663692554242
569618838767181825
569629692661268480
569649617802891264
569685261518376960
569696663742365696
569698882797641728
569713890138963968
569844044693577728
569893516609847297
569905122047758336
569927856232534016
569938796986433537
569949007465844736
569949405136232449
569975175321653248
569977819389800448
570036463729020928
570085165378068480
570109867031191552
570110706588262400
570207643874123777
570276806512779264
570286359983886336
570294002077061120
570298155465609217
567734830800961537
567744219281129473
567747787807526912
567753872967528448
567759012806029312
567812402764374016
567826761141985280
567984939221852160
567985715017072640
567996668320346112
568110197966643201
568119079371997186
568120102660341760
568180710252646400
568308149796474880
568391392528969730
568462177415372801
568474423742738432
568482472880697345
568495464015929344
568584104641368064
568634185155358720
568828959879790592
568829891220803584
568884379600224258
568905816973172736
568986895268519936
569178715051188226
569203468419751936
569223862941929472
569225489329598464
569276415927037952
569328854948573187
569348995136376833
569377149045444608
569377543687700480
569508595181731841
569514047554453504
569585355319599104
569587048811761664
569587663692554242
569618838767181825
569629692661268480
569649617802891264
569685261518376960
569696663742365696
569698882797641728
569713890138963968
569844044693577728
569893516609847297
569905122047758336
569927856232534016
569938796986433537
569949007465844736
569949405136232449
569975175321653248
569977819389800448
570036463729020928
570085165378068480
570109867031191552
570110706588262400
570207643874123777
570276806512779264
570286359983886336
570294002077061120
570298155465609217
567734830800961537
567744219281129473
567747787807526912
567753872967528448
567759012806029312
567812402764374016
567826761141985280
567984939221852160
567985715017072640
567996668320346112
568110197966643201
568119079371997186
568120102660341760
568180710252646400
568308149796474880
568391392528969730
568462177415372801
568474423742738432
568482472880697345
568495464015929344
568584104641368064
568634185155358720
568828959879790592
568829891220803584
568884379600224258
568905816973172736
568986895268519936
569178715051188226
569203468419751936
569223862941929472
569225489329598464
569276415927037952
569328854948573187
569348995136376833
569377149045444608
569377543687700480
569508595181731841
569514047554453504
569585355319599104
569587048811761664
569587663692554242
569618838767181825
569629692661268480
569649617802891264
569685261518376960
569696663742365696
569698882797641728
569713890138963968
569844044693577728
569893516609847297
569905122047758336
569927856232534016
569938796986433537
569949007465844736
569949405136232449
569975175321653248
569977819389800448
570036463729020928
570085165378068480
570109867031191552
570110706588262400
570207643874123777
570276806512779264
570286359983886336
570294002077061120
570298155465609217
567734830800961537
567744219281129473
567747787807526912
567753872967528448
567759012806029312
567812402764374016
567826761141985280
567984939221852160
567985715017072640
567996668320346112
568110197966643201
568119079371997186
568120102660341760
568180710252646400
568308149796474880
568391392528969730
568462177415372801
568474423742738432
568482472880697345
568495464015929344
568584104641368064
568634185155358720
568828959879790592
568829891220803584
568884379600224258
568905816973172736
568986895268519936
569178715051188226
569203468419751936
569223862941929472
569225489329598464
569276415927037952
569328854948573187
569348995136376833
569377149045444608
569377543687700480
569508595181731841
569514047554453504
569585355319599104
569587048811761664
569587663692554242
569618838767181825
569629692661268480
569649617802891264
569685261518376960
569696663742365696
569698882797641728
569713890138963968
569844044693577728
569893516609847297
569905122047758336
569927856232534016
569938796986433537
569949007465844736
569949405136232449
569975175321653248
569977819389800448
570036463729020928
570085165378068480
570109867031191552
570110706588262400
570207643874123777
570276806512779264
570286359983886336
570294002077061120
570298155465609217
567734830800961537
567744219281129473
567747787807526912
567753872967528448
567759012806029312
567812402764374016
567826761141985280
567984939221852160
567985715017072640
567996668320346112
568110197966643201
568119079371997186
568120102660341760
568180710252646400
568308149796474880
568391392528969730
568462177415372801
568474423742738432
568482472880697345
568495464015929344
568584104641368064
568634185155358720
568828959879790592
568829891220803584
568884379600224258
568905816973172736
568986895268519936
569178715051188226
569203468419751936
569223862941929472
569225489329598464
569276415927037952
569328854948573187
569348995136376833
569377149045444608
569377543687700480
569508595181731841
569514047554453504
569585355319599104
569587048811761664
569587663692554242
569618838767181825
569629692661268480
569649617802891264
569685261518376960
569696663742365696
569698882797641728
569713890138963968
569844044693577728
569893516609847297
569905122047758336
569927856232534016
569938796986433537
569949007465844736
569949405136232449
569975175321653248
569977819389800448
570036463729020928
570085165378068480
570109867031191552
570110706588262400
570207643874123777
570276806512779264
570286359983886336
570294002077061120
570298155465609217
