567744219281129473
567814300594769920
568208413286477825
568406334787457024
568411566233804802
568554542897307648
568611482780508161
569687399426617344
569709136813826049
567744219281129473
567814300594769920
568208413286477825
568406334787457024
568411566233804802
568554542897307648
568611482780508161
569687399426617344
569709136813826049
567744219281129473
567814300594769920
568208413286477825
568406334787457024
568411566233804802
568554542897307648
568611482780508161
569687399426617344
569709136813826049
569850867899170816
569961070519050240
570205917024628736
570267929322921985
570291813912858625
567744219281129473
567814300594769920
568208413286477825
568406334787457024
568411566233804802
568554542897307648
568611482780508161
569687399426617344
569709136813826049
569850867899170816
569961070519050240
570205917024628736
570267929322921985
570291813912858625
567744219281129473
567814300594769920
568208413286477825
568406334787457024
568411566233804802
568554542897307648
568611482780508161
569687399426617344
569709136813826049
569850867899170816
569961070519050240
570205917024628736
570267929322921985
570291813912858625
567744219281129473
567814300594769920
568208413286477825
568406334787457024
568411566233804802
568554542897307648
568611482780508161
569687399426617344
569709136813826049
569850867899170816
569961070519050240
570205917024628736
570267929322921985
570291813912858625
567744219281129473
567814300594769920
568208413286477825
568406334787457024
568411566233804802
568554542897307648
568611482780508161
569687399426617344
569709136813826049
569850867899170816
569961070519050240
570205917024628736
570267929322921985
570291813912858625
567744219281129473
567814300594769920
568208413286477825
568406334787457024
568411566233804802
568554542897307648
568611482780508161
569687399426617344
569709136813826049
569850867899170816
569961070519050240
570205917024628736
570267929322921985
570291813912858625
