567713338873118722
567737317432258560
567758478371196928
567769787317907456
567821242029359104
567822994925441025
567823459276877824
567890395322920960
568004984937287680
568161313274404864
568196150718824448
568210101573722112
568550726311346177
568551937185951744
568562512284659713
568901905910521856
569234280632754176
569347125575725057
569358701317869571
569500607637262336
569506389397282816
569628503550906368
569634891857600514
569679240586764288
567713338873118722
567737317432258560
567758478371196928
567769787317907456
567821242029359104
567822994925441025
567823459276877824
567890395322920960
568004984937287680
568161313274404864
568196150718824448
568210101573722112
568550726311346177
568551937185951744
568562512284659713
568901905910521856
569234280632754176
569347125575725057
569358701317869571
569500607637262336
569506389397282816
569628503550906368
569634891857600514
569679240586764288
567713338873118722
567737317432258560
567758478371196928
567769787317907456
567821242029359104
567822994925441025
567823459276877824
567890395322920960
568004984937287680
568161313274404864
568196150718824448
568210101573722112
568550726311346177
568551937185951744
568562512284659713
568901905910521856
569234280632754176
569347125575725057
569358701317869571
569500607637262336
569506389397282816
569628503550906368
569634891857600514
569679240586764288
569892024708689920
569926688244703232
569929075894194176
569934977963573248
569939932191559680
569941957490774016
569979057028227072
570229936285331457
567713338873118722
567737317432258560
567758478371196928
567769787317907456
567821242029359104
567822994925441025
567823459276877824
567890395322920960
568004984937287680
568161313274404864
568196150718824448
568210101573722112
568550726311346177
568551937185951744
568562512284659713
568901905910521856
569234280632754176
569347125575725057
569358701317869571
569500607637262336
569506389397282816
569628503550906368
569634891857600514
569679240586764288
569892024708689920
569926688244703232
569929075894194176
569934977963573248
569939932191559680
569941957490774016
569979057028227072
570229936285331457
567713338873118722
567737317432258560
567758478371196928
567769787317907456
567821242029359104
567822994925441025
567823459276877824
567890395322920960
568004984937287680
568161313274404864
568196150718824448
568210101573722112
568550726311346177
568551937185951744
568562512284659713
568901905910521856
569234280632754176
569347125575725057
569358701317869571
569500607637262336
569506389397282816
569628503550906368
569634891857600514
569679240586764288
569892024708689920
569926688244703232
569929075894194176
569934977963573248
569939932191559680
569941957490774016
569979057028227072
570229936285331457
567713338873118722
567737317432258560
567758478371196928
567769787317907456
567821242029359104
567822994925441025
567823459276877824
567890395322920960
568004984937287680
568161313274404864
568196150718824448
568210101573722112
568550726311346177
568551937185951744
568562512284659713
568901905910521856
569234280632754176
569347125575725057
569358701317869571
569500607637262336
569506389397282816
569628503550906368
569634891857600514
569679240586764288
569892024708689920
569926688244703232
569929075894194176
569934977963573248
569939932191559680
569941957490774016
569979057028227072
570229936285331457
567713338873118722
567737317432258560
567758478371196928
567769787317907456
567821242029359104
567822994925441025
567823459276877824
567890395322920960
568004984937287680
568161313274404864
568196150718824448
568210101573722112
568550726311346177
568551937185951744
568562512284659713
568901905910521856
569234280632754176
569347125575725057
569358701317869571
569500607637262336
569506389397282816
569628503550906368
569634891857600514
569679240586764288
569892024708689920
569926688244703232
569929075894194176
569934977963573248
569939932191559680
569941957490774016
569979057028227072
570229936285331457
567713338873118722
567737317432258560
567758478371196928
567769787317907456
567821242029359104
567822994925441025
567823459276877824
567890395322920960
568004984937287680
568161313274404864
568196150718824448
568210101573722112
568550726311346177
568551937185951744
568562512284659713
568901905910521856
569234280632754176
569347125575725057
569358701317869571
569500607637262336
569506389397282816
569628503550906368
569634891857600514
569679240586764288
569892024708689920
569926688244703232
569929075894194176
569934977963573248
569939932191559680
569941957490774016
569979057028227072
570229936285331457
