567776348828360707
567790926857531393
567805458053099520
568094172508336128
568200385849995264
568379326678368256
568724024362037248
568825255604699136
569027718626480128
569125697530101760
569348268154609664
569353033915584513
569554776611901440
569682149277900800
567776348828360707
567790926857531393
567805458053099520
568094172508336128
568200385849995264
568379326678368256
568724024362037248
568825255604699136
569027718626480128
569125697530101760
569348268154609664
569353033915584513
569554776611901440
569682149277900800
567776348828360707
567790926857531393
567805458053099520
568094172508336128
568200385849995264
568379326678368256
568724024362037248
568825255604699136
569027718626480128
569125697530101760
569348268154609664
569353033915584513
569554776611901440
569682149277900800
569990222609412097
570008817414639616
570246094157946880
570296516314845185
567776348828360707
567790926857531393
567805458053099520
568094172508336128
568200385849995264
568379326678368256
568724024362037248
568825255604699136
569027718626480128
569125697530101760
569348268154609664
569353033915584513
569554776611901440
569682149277900800
569990222609412097
570008817414639616
570246094157946880
570296516314845185
567776348828360707
567790926857531393
567805458053099520
568094172508336128
568200385849995264
568379326678368256
568724024362037248
568825255604699136
569027718626480128
569125697530101760
569348268154609664
569353033915584513
569554776611901440
569682149277900800
569990222609412097
570008817414639616
570246094157946880
570296516314845185
567776348828360707
567790926857531393
567805458053099520
568094172508336128
568200385849995264
568379326678368256
568724024362037248
568825255604699136
569027718626480128
569125697530101760
569348268154609664
569353033915584513
569554776611901440
569682149277900800
569990222609412097
570008817414639616
570246094157946880
570296516314845185
567776348828360707
567790926857531393
567805458053099520
568094172508336128
568200385849995264
568379326678368256
568724024362037248
568825255604699136
569027718626480128
569125697530101760
569348268154609664
569353033915584513
569554776611901440
569682149277900800
569990222609412097
570008817414639616
570246094157946880
570296516314845185
567776348828360707
567790926857531393
567805458053099520
568094172508336128
568200385849995264
568379326678368256
568724024362037248
568825255604699136
569027718626480128
569125697530101760
569348268154609664
569353033915584513
569554776611901440
569682149277900800
569990222609412097
570008817414639616
570246094157946880
570296516314845185
